# t rg re s3 s4 s6
100.0 8.545656 20.207229 8.179242318225944 7.838189480858249 4.510687790463721
200.0 8.684050 23.366136 8.858446821375164 8.347490884996775 4.3050756148833464
300.0 7.741917 24.271257 8.212514185613632 7.551794164186536 4.445344888374987
400.0 7.770007 20.013256 8.07381650634836 7.472787744679214 4.269052565359131
500.0 8.344338 24.310131 8.421263736121537 7.916420123232296 4.425534058578779
600.0 7.746213 19.125884 8.048345255933267 7.501575090316805 4.81032224909615
700.0 9.086308 24.317834 9.272304127627455 8.704802440520718 4.14101422007838
800.0 9.077450 26.226874 8.862326513567734 8.36539370189889 4.419967706207315
900.0 8.379817 24.733567 8.480924987077781 7.847996113496101 4.563795901042867
1000.0 8.974300 27.291051 8.435855624102862 8.224316675250853 3.9481817076596206
1100.0 7.919265 25.013052 8.077998762681958 7.547574956245353 4.70963835184101
1200.0 7.566342 24.775944 7.335699087592368 7.119958863146554 4.419010920666785
1300.0 6.974106 16.515586 7.353432629828281 6.964916825545933 4.9371815011802855
1400.0 7.450353 24.530335 7.653930956280714 7.113836087322709 4.228888354729649
1500.0 8.051477 26.239595 8.389488213981252 7.798093526074794 4.450942844278862
1600.0 7.527817 22.338737 7.82723080783057 7.290164974844871 4.563016438919846
1700.0 8.422755 25.984391 8.939391905924527 8.247852165867432 4.91941271178359
1800.0 8.448693 20.955415 8.490793219126019 8.095994413886565 4.537849818656092
1900.0 8.183777 23.842459 8.602858810053124 8.005456860626827 4.622690364222632
2000.0 7.602123 24.191603 8.48747375033015 7.688745791578392 4.684370373333358
2100.0 8.939032 25.639021 8.74170422923539 8.45426696944181 4.4947085681333325
2200.0 8.532915 29.473410 8.38643799814383 7.989759858491018 4.4746814166316735
2300.0 9.539698 28.655620 9.505529240361794 8.887776740695868 4.676334174293144
2400.0 8.718459 22.723348 8.72907053731026 8.21248691234088 4.86019010057214
2500.0 8.712135 24.834754 8.482330798259627 8.265066107165177 4.543514608257166
2600.0 8.446322 20.354487 9.010305655141789 8.410187802760609 5.077639122063072
2700.0 8.603104 22.975264 8.803880196900236 8.397799869696598 4.232254165825605
2800.0 6.638241 18.876244 7.246804582524648 6.73991457763297 4.044328602903773
2900.0 6.659710 17.724952 6.960242954543225 6.552198156744055 4.400759889079556
3000.0 7.308252 17.943810 7.619880540154664 7.084521163937384 4.720756506807229
3100.0 8.489986 25.816696 8.570551161561053 8.109517632108156 4.054766497905236
3200.0 7.747815 22.002204 7.703241744064787 7.364586861621491 4.41364093948547
3300.0 8.074846 22.337609 8.54520559058565 7.971771548772723 3.9061375791734467
3400.0 9.086331 26.562377 8.713193584408772 8.300913135831811 4.215249568785256
3500.0 8.297222 25.796916 8.349798890300114 8.004881106828625 3.7534771078104363
3600.0 7.474074 21.348372 7.605471491093455 7.124014355348068 4.259538539971822
3700.0 8.304134 23.600209 8.609701558300104 8.016721090863998 4.476454534040722
3800.0 7.847207 25.237334 7.663162536306002 7.292065968971206 4.2959495455494965
3900.0 8.540146 27.467523 8.525996811598583 7.956165928122402 4.081983960536084
4000.0 8.785386 28.265753 8.700936020779313 8.275196142544958 4.368312194368115
4100.0 8.423716 29.240054 8.384620327644187 7.88345193279239 4.306475179062342
4200.0 8.301204 23.865834 8.128605371698267 7.7716521371053195 4.736698039962964
4300.0 8.456403 26.518354 8.311875537679665 7.951395648856201 3.942296919783258
4400.0 8.152649 21.448795 8.051088652778711 7.86275865027086 4.717496426103842
4500.0 6.819810 19.855702 7.499901579737671 6.821922307293447 4.2332626070745505
4600.0 7.524036 21.237022 7.800053070785138 7.375017218624021 4.406376372046028
4700.0 7.529746 18.652436 7.656476002133564 7.269411258034669 4.8362929025301815
4800.0 7.603880 20.630635 8.189224507755808 7.648016001961873 4.504059201413925
4900.0 7.776291 23.185383 7.962738232166793 7.62097787462477 4.182522355810046
5000.0 7.809481 24.429052 7.9920047322216075 7.550216082749322 4.936061312497607
5100.0 7.021694 22.409482 7.316956325791084 6.8418551996588715 4.690360977878855
5200.0 5.898366 14.994236 6.449558354613808 5.901601478138337 4.5376197912681855
5300.0 6.695803 19.529857 7.095641059384843 6.662172749329642 4.580493372405183
5400.0 6.247562 15.976288 6.775616620133951 6.274386431251232 4.679828012369036
5500.0 5.988283 15.516780 7.032629486587308 6.194806070175376 4.18762854637557
5600.0 5.721170 14.555841 6.503187138592202 5.764242597549464 5.777787225982161
5700.0 6.364021 17.646498 6.784920417210097 6.241753231386536 4.464428505720484
5800.0 6.583367 16.410294 6.796412880176057 6.330563015691629 4.54952035879149
5900.0 8.566666 20.623735 8.180595881622779 8.003775421483676 4.321653747647759
6000.0 8.350749 23.704846 8.42235807833607 8.013637881574859 4.338329087095435
6100.0 8.873788 26.780470 8.528027781106967 8.363675537988916 4.5201535870854155
6200.0 8.296725 23.807534 9.03613262751296 8.30341725094811 3.8829177686055174
6300.0 8.120580 22.247499 8.113732860381658 7.619084918652991 4.136788342841235
6400.0 9.567399 27.728485 9.256472987812474 8.844698503691225 4.555813336783984
6500.0 11.025788 35.640726 10.892364184251043 10.276804308840832 4.324908566800768
6600.0 10.686911 33.283230 10.149096386301958 9.77022617856696 5.039993098301716
6700.0 9.530580 29.487086 9.185325653720824 8.787188830867422 4.81984341242343
6800.0 8.434324 27.055696 8.96488495408054 8.206463406429515 4.429143675717143
6900.0 8.163088 30.660458 8.186262447043228 7.528058074861818 4.592016621682237
7000.0 7.509312 23.088845 7.55189220329799 7.2648489670835215 4.574994538643197
7100.0 7.585142 22.717870 7.659781548383149 7.124294130591049 4.374802702284265
7200.0 6.135314 16.051659 7.040105784900224 6.3426261533635495 4.0799842082268
7300.0 6.544480 13.565592 6.809367422320378 6.489952866051597 4.5360566367768795
7400.0 5.969356 9.637660 6.596792458964793 6.096351033822122 4.625805872341617
7500.0 6.382296 10.479705 6.804053065139442 6.310527501140036 4.379315042360307
7600.0 6.334434 16.568783 6.649684059344828 6.197650558348823 4.121714896845597
7700.0 7.671734 22.738311 8.010801383189941 7.543105421450338 4.463032695809829
7800.0 7.383384 20.641934 7.805819435876021 7.312950756843105 4.675376558374328
7900.0 7.698919 23.254721 7.837699865118544 7.5360200733375375 4.861788314503579
8000.0 6.848505 22.114118 7.192874639622721 6.650488705152956 4.413030056486439
8100.0 7.621987 17.474232 8.106884177325732 7.6138058644594135 4.304937586716576
8200.0 7.313410 18.321155 7.932932790014951 7.201786336031762 4.683593500970128
8300.0 6.762658 18.502580 7.067874998913019 6.59653799323921 4.604196475207547
8400.0 7.170188 16.384669 7.5127341033971025 6.910155805498294 4.5151314823699735
8500.0 7.335334 19.314611 7.98967306545325 7.283542762698834 4.793671776641008
8600.0 8.388267 24.125886 8.39064065934617 8.169131914199275 4.108284889857162
8700.0 8.971399 26.731429 8.804750217934188 8.561170855987578 4.175308859153282
8800.0 9.393828 25.783094 9.657406384680527 9.100847137487659 4.869975652544176
8900.0 8.147544 20.623749 8.770070269017076 8.043475609821353 4.896993175382095
9000.0 9.178053 22.345941 8.835453913151628 8.39312004107143 4.3802714996262235
9100.0 8.017825 22.417636 8.622969352382974 7.8115448535396 4.294403001703048
9200.0 7.766451 25.605376 7.805252246659714 7.486330893034748 3.8596408865446077
9300.0 8.425884 25.615013 8.59478012124653 8.152677822926046 4.549014447332803
9400.0 7.753052 24.563006 7.9747498895506075 7.475468020984947 4.863302098503167
9500.0 8.286918 23.974482 8.651194085981812 8.096560816022768 4.64059198214008
9600.0 6.848357 15.042660 7.4129217463539625 6.859962231436908 4.899804426438513
9700.0 6.848299 15.662778 6.874953436935443 6.604027598157419 4.5350319792332305
9800.0 6.142980 14.750398 7.043618424499781 6.234851487102877 4.406878117561809
9900.0 6.910034 14.662744 7.47396579340251 6.867474503545409 4.52338128212989
10000.0 6.320706 13.979102 7.071065475228532 6.501625199444143 4.820921380813392
10100.0 7.751327 18.263327 8.318898414475687 7.701944544686665 4.883318459371762
10200.0 9.747658 25.605641 9.584724746834553 9.295817532440608 4.299104085904848
10300.0 9.267871 24.158481 9.3056032599774 8.855633690065826 4.130519589049773
10400.0 9.412838 28.127910 9.226106783564678 8.870837617670508 3.9391673171810124
10500.0 8.655705 25.442704 9.355313506869884 8.499675909752442 4.480100692304109
10600.0 9.130443 26.749648 8.991434917515699 8.515360248568173 4.541606869778389
10700.0 8.866102 25.777463 8.796475771911105 8.442532196212282 4.069911855933586
10800.0 7.047037 19.927720 7.58012703113387 7.09141957213268 4.6339166177268485
10900.0 7.052809 18.938056 7.712472813532827 7.141965322516321 4.866352013554727
11000.0 7.271101 19.590986 7.414450178331092 6.986153471147606 4.661202916798125
11100.0 7.288385 20.256510 7.409356831136385 6.9714034323488905 4.732049466994238
11200.0 7.592983 22.581966 7.4874384449588005 7.1485486405711764 4.462749271816708
11300.0 7.281880 25.373723 7.5076713492237195 6.769618246575658 4.290583184410987
11400.0 7.607595 24.206117 7.657934273007429 7.145595999388893 4.4963751618476255
11500.0 7.996759 20.079984 8.131692127422632 7.5636546049243725 4.465260028754637
11600.0 7.882123 22.644594 7.944114667656567 7.393845860550329 4.432164976873187
11700.0 7.302285 20.098708 7.905590741091225 7.163718189069529 4.842543463193552
11800.0 7.005501 21.521026 7.349671962849375 6.819703678505198 4.9758557400312
11900.0 6.144025 17.501030 6.9980634979415095 6.383688860502506 4.3533979381994605
12000.0 7.333428 22.003043 7.794971960110418 7.201244574893659 4.407434630621648
12100.0 6.777398 21.121735 7.091682681079368 6.614774694096471 4.306761770585488
12200.0 7.274078 20.501458 7.49806159091034 6.948847176039619 4.618771999851142
12300.0 7.136265 20.025479 7.283781102974165 6.886523519047648 4.164146234152026
12400.0 7.007501 20.185866 7.669666223118102 6.910875399760128 4.41025730343465
12500.0 6.457649 16.299756 7.387357943687376 6.614809885507285 4.342972713833063
12600.0 6.419699 14.667792 7.124218129947332 6.413138315997948 4.676795314586301
12700.0 5.488211 11.633387 6.205397195535424 5.637240327121347 4.983030018284751
12800.0 5.029654 11.541377 6.225548243531229 5.3575576237937 4.703947431655049
12900.0 4.978120 11.632162 5.935222779753369 5.162813925438226 4.327886225002324
13000.0 5.521558 9.435767 6.237652793201623 5.683724081661109 4.323956204518376
13100.0 6.366187 16.540437 6.6569959531742215 6.338148757398398 4.35270640087655
13200.0 6.531356 20.708539 7.115179145089649 6.670853849162084 3.9963131562357996
13300.0 7.530762 21.593610 7.2701505723996 7.088977846457533 4.330236611906084
13400.0 8.063707 20.807847 7.952160020735924 7.686035143642226 4.252601549554695
13500.0 9.498679 24.833932 9.736243709742512 9.235259091578216 4.713514408196916
13600.0 9.606409 25.770315 9.346958849649006 9.016400226065766 4.4697067373381945
13700.0 10.525382 33.075332 10.20208830458904 9.801660945187724 4.659533578646098
13800.0 10.028518 31.344237 9.85786990140318 9.252835171999493 4.3419915490862655
13900.0 9.576810 28.141630 9.418143174140786 8.851278921567458 5.033464079975122
14000.0 8.857964 25.847344 8.75757888337654 8.368510751285532 4.283933294344239
14100.0 7.974579 23.317524 8.367501271677291 7.6734362861757655 4.5593238600006565
14200.0 8.325400 24.150539 8.83907063186077 8.021916566366649 4.318166346328728
14300.0 8.164906 24.562595 8.238345331435433 7.728657882343194 4.547281643368473
14400.0 8.064865 23.654631 8.203932753794899 7.60879320015061 4.973660184547799
14500.0 6.953753 21.567573 7.582006457151475 6.895641732072237 3.846183285530142
14600.0 6.851497 20.714200 7.503970442544359 6.774416421490461 4.860258704334231
14700.0 7.354315 20.068360 8.063123591471653 7.441323342642124 4.724079995271779
14800.0 7.014856 19.411735 7.81215039806267 7.0876404979272465 4.64207279573556
14900.0 8.064370 25.826017 8.424854106849391 7.791421911315742 4.320527687304369
15000.0 8.302570 24.941131 8.411612729184485 7.8756755242948175 4.308403056020165
15100.0 7.538936 24.302254 7.283265806149156 6.963392264282006 4.773800556750096
15200.0 8.412909 25.926723 8.120813712384354 7.9177913828254 4.603607518547832
15300.0 6.961446 22.744736 7.150555883811739 6.575881307643725 4.857858948137096
15400.0 6.605532 15.582093 6.775181342121766 6.463796761397634 4.250969612274974
15500.0 6.411804 17.043148 6.7788007405028115 6.308149567538537 4.408814614137361
15600.0 5.771901 12.199197 6.478127393504389 5.879460208670396 4.553747825804266
15700.0 6.268223 17.458773 7.013210102618809 6.36121300640157 4.8726582283957995
15800.0 6.545385 15.876806 6.596153377635116 6.4652360643757465 4.55768187107517
15900.0 6.554319 19.199346 7.286495587124215 6.572053618714736 4.713908825341224
16000.0 7.447153 19.431446 8.148685850421945 7.504812345862409 4.7389561697116545
16100.0 7.901686 17.841186 7.736115906338693 7.745807254731416 4.480272731006698
16200.0 6.800353 15.985516 6.806523355431571 6.63787845480028 4.46044435813826
16300.0 6.094801 16.874280 7.153038199530343 6.397142295941187 4.190512081280513
16400.0 5.901339 18.269883 6.941396321253908 6.254580315234466 4.528026994509182
16500.0 6.622007 18.095314 7.266369891206955 6.6711756298265525 4.8445972145120315
16600.0 7.937831 21.201864 7.822227105272145 7.469377782190319 4.541065830368766
16700.0 8.434545 24.068907 8.555977238249008 8.21080448097918 4.885394442930139
16800.0 7.735821 25.557122 8.450025958363192 7.700798755510517 4.826797786767372
16900.0 7.877648 24.096920 8.260039161925933 7.691592759322672 4.662749410383138
17000.0 7.135684 16.939605 7.472545851715502 7.017855420792665 4.757968102492109
17100.0 6.886894 12.950478 7.150338527602132 6.789151615063015 4.26914254124593
17200.0 7.027907 13.773127 7.480301883525519 7.025492390660452 4.063193546692146
17300.0 7.529375 20.694704 7.807592098821306 7.412651423194614 4.5516987702521785
17400.0 6.284488 20.679281 7.050173907754695 6.28631078952093 4.782475946249479
17500.0 7.703468 22.801230 7.790422385873081 7.22602270007775 4.370654827755842
17600.0 6.668973 18.239838 7.154048287032809 6.771259625999618 4.490056118164579
17700.0 6.822250 13.994572 7.331820309382809 6.9216062495072075 4.957823306015834
17800.0 6.959382 13.222233 7.808745253892379 7.223598251636458 4.548715526911586
17900.0 7.075291 19.162117 7.486289092246155 7.03922288506741 4.3714840837202065
18000.0 7.136327 19.337886 7.768238791085884 7.1924395376473305 4.715625037246814
18100.0 7.420437 21.772805 7.598794701064783 7.113886793776139 4.352289840131862
18200.0 8.165783 22.040515 8.07672213491722 7.896499078431743 4.523271799554354
18300.0 6.914283 19.476466 7.279609071147231 6.965021225764049 4.361161414484852
18400.0 7.083701 16.509187 7.438922809430683 7.0816329141795435 4.268254186483815
18500.0 6.070420 16.673135 6.687657931136274 6.059577022499089 4.319909606302467
18600.0 7.458160 17.074508 8.025984153149412 7.46000432702933 4.673133409750173
18700.0 8.952821 26.305180 8.877069541683134 8.476463568626505 4.439614090623762
18800.0 8.945515 24.610288 8.92469679655623 8.379777773412775 4.347545058550561
18900.0 7.534107 24.280243 7.50140012174767 7.098426001165071 4.427304269965584
19000.0 7.519920 19.041718 7.6746533176407565 7.176754028254442 3.8702766354108147
19100.0 7.156582 18.379698 7.740589759098206 7.060944583241818 5.106836153946689
19200.0 7.594043 21.120003 7.969843193817016 7.527107083718109 4.1018478215774525
19300.0 7.460348 19.833412 7.874842359962212 7.361142357938584 4.3238527650647525
19400.0 7.535622 23.174535 8.267845249955663 7.590535702618813 4.716620002803377
19500.0 6.342498 11.861514 7.038280498244697 6.531540144939442 4.131106276064653
19600.0 6.930181 16.621581 7.226384138161255 7.006134159083858 3.8998719577402863
19700.0 7.353732 21.107528 7.9838374414363855 7.448704714733573 4.57936939261819
19800.0 7.598647 18.976494 8.286836443576753 7.629729380050298 4.709747227422969
19900.0 6.626346 19.648050 7.344206084397363 6.6504664854073035 4.171077370844527
20000.0 7.428521 19.978747 7.636487452283203 7.267547107182445 4.344241095171446
20100.0 7.102285 18.382741 7.504907694475098 6.858020845376608 4.610691955814998
20200.0 6.686075 17.659559 6.806913062939473 6.476104491885608 4.448257321128093
20300.0 7.095069 17.763349 7.33357656405449 6.859892176885559 4.8069925050282745
20400.0 6.907755 16.220021 7.431301641598126 6.986379294585468 4.392073028727162
20500.0 6.343405 16.429407 6.575239374417754 6.1044954953222375 4.621823982567231
20600.0 7.161361 21.083718 7.579568368079017 7.022309563200169 4.3427430042287325
20700.0 6.709541 17.181142 6.960310012950468 6.441566764334576 4.274814824802564
20800.0 7.491849 21.994368 7.77729783071319 7.124093894158616 4.16452674128949
20900.0 8.211877 25.751741 8.628272060914034 8.016360019476368 4.5328643309511305
21000.0 9.793421 26.858971 9.959524276945418 9.264766645593113 4.019261572085872
21100.0 8.057358 26.125766 7.852453556847658 7.487315406737756 4.691047379439796
21200.0 9.400920 29.093104 9.267110880243337 8.933173668486397 4.347204536781963
21300.0 9.147083 27.299202 8.93093381084038 8.506379958596623 3.875002388249136
21400.0 7.476792 24.137205 7.670057707400184 7.090010301093746 4.511500659936262
21500.0 7.998962 25.438076 8.279345553628499 7.649452480051725 4.1973724976583435
21600.0 8.679710 26.243930 8.55634558786067 8.185949857542413 4.983512979283346
21700.0 7.753947 24.319371 7.722279387592533 7.417179768248588 4.020483904704538
21800.0 6.283468 14.973313 7.358763402910239 6.4727825084045465 4.226292237772151
21900.0 7.675093 18.777778 8.068166778731296 7.602606603613909 4.34805247770383
22000.0 7.824039 18.761451 7.646182050646274 7.505199832382051 4.01680426693834
22100.0 7.086687 16.242202 7.400201920714922 6.885377750107097 4.333761670160662
22200.0 6.408513 16.259651 6.944090562672379 6.401635186163836 4.517224606109295
22300.0 5.273859 16.539692 5.775453390556885 5.420116372914864 4.28975332179167
22400.0 6.759461 17.733058 7.353949467736362 6.6770262563581255 4.814121330403444
22500.0 7.036859 19.312726 7.51570695355786 6.9341047200467765 4.647027330661492
22600.0 8.135874 22.242021 8.51724153226152 7.987651487137101 4.275860925472254
22700.0 8.629030 24.173637 8.56223263823098 8.262482157570597 4.537231554513787
22800.0 7.754934 21.511655 8.002809160030242 7.542704353514889 4.581234248477665
22900.0 7.724659 23.428277 7.787634545516948 7.351199851113389 3.920872833257252
23000.0 7.465161 21.861915 7.782870973388742 7.304531636982017 4.404553279952746
23100.0 7.796377 22.747325 8.13091356336026 7.543091535221743 4.764765735758943
23200.0 8.848188 25.415278 9.063389305677394 8.440213548273215 4.746596213344444
23300.0 8.381056 24.174772 8.386784150837252 7.944719206720948 4.2348830063065535
23400.0 9.546998 29.336100 9.279750471199677 8.882522089204837 4.080407708179115
23500.0 8.714793 28.960198 8.88520141698282 8.254887863818908 4.0020629992996986
23600.0 8.758689 26.040087 8.786971297494075 8.26849281327857 4.272094704815037
23700.0 8.023042 24.520427 7.818042171800626 7.433039147275387 4.258803822842014
23800.0 7.538384 20.675028 7.61062740716242 7.2196763148085035 4.576605004266104
23900.0 7.426528 20.183523 7.702864831420405 7.2266061633964735 4.3182017710143485
24000.0 7.913704 22.763253 8.273550653271668 7.576720462415988 4.427547559284036
24100.0 7.596974 20.597601 8.105283655285909 7.7024380800256 3.6764287395914415
24200.0 6.509557 17.530460 6.811349766240404 6.4433256423120175 4.32494434419617
24300.0 7.676736 21.325705 7.931338800934458 7.592688686712452 5.0162162450894545
24400.0 7.895050 18.415139 7.780187836438121 7.6661121381056985 4.058636769064522
24500.0 7.492724 22.366811 7.40582882706496 7.187463968562542 4.6777334444292356
24600.0 6.551071 17.528155 7.205206484960403 6.4874646821132975 4.6848638645486735
24700.0 8.624481 18.837152 8.904654533742706 8.412878053922741 4.47782815163441
24800.0 8.898430 23.160593 8.79545003967702 8.409801154240425 4.130394330852366
24900.0 7.935802 21.570018 8.493693910307385 7.800509918841487 4.315552673870885
25000.0 7.636447 18.980162 7.665702375823494 7.286871438033246 4.701365933193868
25100.0 7.502598 20.452942 7.72561230198849 7.212240742721191 4.322474834461462
25200.0 6.895288 17.158495 6.685687435604015 6.404098920022926 4.607303435203489
25300.0 5.624436 13.622349 5.90139296723399 5.3977829327132865 4.487393602125734
25400.0 6.428311 14.003774 7.282252833155407 6.495657389111056 4.578308342956655
25500.0 7.686079 17.257259 8.033272621592156 7.563012875199025 4.97657770721217
25600.0 7.115069 20.750134 7.349053142670629 7.01829343132897 4.591093652390224
25700.0 7.182658 17.706379 7.142317909858899 6.808179331820109 4.833586089832588
25800.0 7.832119 19.463306 7.766357853903008 7.507453196777025 4.54973391331449
25900.0 7.605594 20.217164 7.985701159085984 7.6765846390633685 4.590140478590095
26000.0 7.170623 17.851372 7.5574056178056 7.136470256680378 4.719488484130337
26100.0 5.618682 12.616952 6.836914757322054 5.931450956629683 4.907739515899409
26200.0 6.411409 15.141720 7.126321652307787 6.581967636019369 4.573629244152383
26300.0 7.142435 20.660179 7.222518975907778 6.783038645046394 4.374739898400632
26400.0 7.769458 21.346429 7.661758761893545 7.346717594581218 4.57641845382617
26500.0 6.001491 13.713329 6.357664772549527 5.996973704785538 4.1570466242115
26600.0 6.458957 17.068869 6.7192503781860955 6.371330917501237 3.773837623567268
26700.0 5.813355 18.317793 6.590970471726308 5.731576554508815 4.750869412288149
26800.0 5.084121 16.840042 5.6882026764234555 5.154438199487295 4.098373605298869
26900.0 5.462812 12.544574 6.1709615962622175 5.603056082272883 4.689564670909597
27000.0 5.497455 10.414475 6.4898721796317105 5.787227742700399 4.695002646667562
27100.0 5.220836 9.882400 5.912166845151036 5.370499459904774 4.621034453660336
27200.0 6.637183 15.620038 6.784646676490289 6.42754390217468 4.266091450605113
27300.0 6.120710 13.971881 6.522274703126994 6.048211600343866 4.71943576343185
27400.0 6.339177 14.389999 7.193778404476184 6.521836598224958 4.354672482431295
27500.0 6.221379 15.639169 6.670033092775462 6.219281802000207 4.253678926610818
27600.0 6.429067 14.165400 7.22845053793684 6.470741445183995 4.546341772956678
27700.0 6.160329 21.265241 6.753051215970429 6.05019589849133 4.283513238821529
27800.0 7.228842 20.567410 7.583192269317099 7.022456854461396 5.096027417308034
27900.0 7.826101 19.980647 8.02120610843344 7.499956121989765 4.818810119786879
28000.0 8.344121 21.481418 8.453605418830241 7.95807166980529 4.582192262060082
28100.0 7.857311 24.074558 7.891217212482227 7.445744703009243 4.349457665872212
28200.0 7.787154 26.591418 8.082146241901865 7.390151921477325 4.472758255066711
28300.0 8.468971 22.738091 8.336269718380036 7.970722272421467 4.470283139887169
28400.0 8.010650 23.145200 8.050237074252623 7.625744671870941 4.951472529385236
28500.0 8.989859 25.822761 9.115776133884726 8.624628536225755 4.356241508046824
28600.0 8.919561 23.926886 8.706373296744895 8.428678876392025 4.333702457880376
28700.0 8.063619 21.970890 8.195478879351466 7.800294961634795 4.7404116884641905
28800.0 7.956276 24.993618 7.982783984186033 7.633633524548778 4.651086660719566
28900.0 8.925975 24.913118 8.93588071253672 8.588460089143654 4.847908923696489
29000.0 9.042264 24.040614 9.145535545297186 8.68354821128208 4.502818581824856
29100.0 8.532086 22.432835 8.26466483445804 8.058961064529514 4.343185988430289
29200.0 8.365291 19.146937 8.577464648893415 8.126781119639517 4.296539499943248
29300.0 7.654683 21.673857 7.863526042039512 7.389740238633261 4.149877121088802
29400.0 7.918698 24.560310 8.164831531924902 7.619502456638241 4.420633866126315
29500.0 7.369632 20.208455 7.601196408089161 7.235988071697625 4.417365525154885
29600.0 7.129118 22.742543 7.715190468925174 7.029433633424977 4.524555618829478
29700.0 7.927635 21.840368 8.014355325158705 7.701711903618974 4.657251165141363
29800.0 9.093179 26.547787 8.899677575859675 8.55127923428493 4.499022751124094
29900.0 7.776001 19.358209 8.238045676673929 7.559513912588952 4.562293016038392
30000.0 8.432937 20.427514 8.997632639397136 8.140245263715444 4.295098530663901
30100.0 7.966576 24.424789 7.758638024347663 7.484705418544403 4.126185784712608
30200.0 8.598570 25.638548 8.773989079425764 8.16407115409335 4.5403183970157714
30300.0 8.149028 24.414259 8.254941285272649 7.6370102506046535 4.746649602021707
30400.0 6.432823 14.195483 7.126458201780652 6.367763754037178 4.499930223141145
30500.0 6.843774 16.557352 6.9316965193294715 6.611641545369973 4.494775258447885
30600.0 7.225854 16.483429 7.904472218934178 7.262675756459304 5.10652036504152
30700.0 6.678375 19.063338 6.8853981389054395 6.4441275452160856 4.282300208129941
30800.0 7.086514 20.907433 7.366451022633819 6.804926618356571 4.392568959334817
30900.0 7.873321 21.696250 7.757475306288218 7.444414534811872 4.178844600246229
31000.0 7.000310 20.514943 7.499050906726856 6.781966072114199 4.7569862703214305
31100.0 8.468984 25.143531 8.793192822469413 8.17498840204357 5.1241034879678695
31200.0 9.112591 25.813389 9.182527809043002 8.765644748050006 4.233141440501904
31300.0 9.025583 27.364607 9.115271805062807 8.596401777469723 4.0992995671016255
31400.0 9.468464 28.890823 9.104786679500396 8.805577688962648 4.358112458011548
31500.0 9.012957 27.893061 8.705395368062888 8.263990108338836 4.359564837801407
31600.0 8.518491 23.970771 8.165021910729447 7.878103397275509 4.38966848356456
31700.0 9.678041 28.850655 9.70704836192604 9.253568835311063 4.336361641930605
31800.0 9.442622 25.799195 9.44824521171456 8.854499469587964 4.398895937241482
31900.0 9.125632 27.307113 8.829616124574963 8.560994070319621 4.224011723852446
32000.0 8.562314 23.294420 8.66398531951172 8.199091849822372 4.2224298658079915
32100.0 7.709335 20.535328 8.290385936495785 7.700323745670193 4.524367859387118
32200.0 6.681732 15.712600 7.196072017238636 6.640837785183443 4.2201601414608625
32300.0 6.859639 16.065362 7.133822148023933 6.585702279113911 4.45286612386917
32400.0 7.144422 18.789038 7.829541596989434 7.192973124948162 4.663026238580272
32500.0 7.217539 17.584204 7.925322179481098 7.292396770303667 4.367794552024768
32600.0 7.506773 24.610319 7.970433212100668 7.537275972591356 4.114073462689546
32700.0 7.873113 23.007676 8.187095837522943 7.821237366413588 4.185846215311634
32800.0 7.433748 19.442612 8.219925568509364 7.462841995567542 4.560900247493235
32900.0 8.460601 21.133396 8.105063376300837 7.88367523289918 4.088291840901571
33000.0 8.655953 19.194530 9.004360202151643 8.584622105774935 4.268368169613884
33100.0 8.086469 23.758740 8.467003028790238 7.913524050541513 4.28911832444072
33200.0 8.247991 24.657156 8.765470610543753 8.135212843105055 4.0628597048885045
33300.0 8.910354 27.262674 8.810161285586814 8.373181236675402 4.380863778941554
33400.0 8.958239 23.839781 9.395586999773231 8.786739304943417 4.677936465522458
33500.0 8.430002 22.688226 8.595981237409273 7.96352201809463 4.525598986343049
33600.0 9.226335 29.438986 8.92843545505408 8.590579083195797 5.033857610647597
33700.0 8.803284 26.499330 8.722385400849749 8.334527421944017 4.45099438999877
33800.0 8.937050 24.762194 8.721153903523302 8.381356252525089 4.0353843018325914
33900.0 7.147041 18.323519 7.362984189345079 6.909517880849264 4.79679972337978
34000.0 7.155149 22.557073 7.478100847076413 6.999566189629227 4.935393826401526
34100.0 7.260062 23.108241 7.424474940482692 7.028839294257556 4.566125790883568
34200.0 7.576635 21.714079 8.095818870324853 7.526734021079743 4.677600738778815
34300.0 7.782174 24.440691 7.505174275580374 7.241213575225254 4.9701193575433225
34400.0 7.704086 21.390918 7.415617999512105 7.18133178859671 4.250185911789364
34500.0 8.464868 24.702192 8.930389299085803 8.242535724587317 4.516351974232926
34600.0 7.373559 18.302451 7.580733746152885 7.151597080542165 4.571398012958059
34700.0 6.820348 14.977883 6.699901186480749 6.372270398395322 4.673023517845643
34800.0 5.863620 15.346933 6.09512016126683 5.6711588824319605 4.827222151767682
34900.0 6.883824 18.628645 7.391057749661364 6.859684131284416 4.666341496392333
35000.0 6.333564 16.802987 7.157653748881932 6.509764023445938 4.392853958249634
35100.0 6.226662 13.942595 6.887611631384992 6.358990979761895 4.820647939581627
35200.0 6.604653 13.948599 6.525971851780895 6.466614629978224 4.26793517892741
35300.0 7.635966 15.921394 7.937642449615668 7.54952492243012 4.471240705142453
35400.0 6.272814 18.920983 7.17300765255354 6.251496005521968 5.389280636812593
35500.0 5.518935 11.249337 6.021485892813048 5.507244819253943 4.683747882859949
35600.0 5.823064 16.438137 6.319407112136206 5.822047700841831 4.022480399896016
35700.0 5.636482 16.508165 6.529938787839926 5.679434776109854 4.3394693493032
35800.0 6.382758 17.691391 6.63880990812666 6.115898698933033 4.873537276042758
35900.0 6.656135 15.679678 7.2946131917620045 6.670618958378924 4.310337507338556
36000.0 7.644964 20.908315 7.798446319448244 7.341921593543489 4.48962272527105
36100.0 7.578534 18.595661 7.923126629405238 7.521144271569067 4.772577733926813
36200.0 7.081575 18.507182 7.486645632790545 7.11656589734575 4.564629742697736
36300.0 6.610379 19.677226 7.180893201006998 6.577124534317418 4.112444025511823
36400.0 7.408791 22.179900 7.386333554858323 6.98600820776213 4.134335665738844
36500.0 7.414046 25.752161 7.781343669045041 7.2690555141598825 4.396333331281008
36600.0 6.211964 18.574785 7.151751032085499 6.505745896274157 4.186452725593079
36700.0 7.791860 20.188590 7.835294285499206 7.627450946279623 4.253195806561641
36800.0 7.482377 16.657955 8.380070544976133 7.621609050420594 4.5817011628020605
36900.0 6.516973 17.034463 6.866408780898393 6.417458338886733 4.493805687696871
37000.0 5.832681 13.943947 6.76873519570526 6.1092582634732935 4.32191319286608
37100.0 6.964350 20.362540 7.124733184094367 6.76551092756817 4.814183678412601
37200.0 6.810160 20.438727 7.3140621012345 6.768106320303336 4.566900600372673
37300.0 7.250099 20.513342 7.9490894409513055 7.361129693861529 4.447839044793162
37400.0 7.561769 18.213849 7.9785219978737345 7.408932586821308 4.335521019052898
37500.0 7.240135 18.012634 7.71345250440729 7.142380143343568 4.706503806086374
37600.0 7.782101 19.584335 8.120189930612394 7.716908019661998 4.649590298254814
37700.0 7.510733 24.962008 7.8215883707910105 7.34227352387829 4.031487158595651
37800.0 8.668095 21.486550 8.736125440173168 8.349814918677747 4.674650232976807
37900.0 7.845763 20.047628 7.966368203936624 7.537293893783469 4.245862994471451
38000.0 8.415990 20.793838 8.529759231683938 8.111784569999429 4.686361458660447
38100.0 8.523307 21.879654 9.012627753217846 8.414408214016536 4.795227525121944
38200.0 9.205688 26.560859 8.839631447507806 8.49462056557312 5.043187643448822
38300.0 7.834770 23.866780 8.370531856532821 7.69631887168295 4.076633848470055
38400.0 6.722694 19.158357 7.298912842217674 6.586984084952919 4.5549691629340385
38500.0 7.612721 20.776786 8.275342987809376 7.531107144849394 4.745023358410879
38600.0 7.473216 19.212542 7.8226227625115135 7.238302561345446 4.476057019024428
38700.0 7.079584 17.004782 7.864020894671679 7.177684256393317 4.550222162052575
38800.0 7.493734 15.112612 7.9038900920602355 7.4429491830689 4.810369439660774
38900.0 7.387185 19.747547 7.791157267397049 7.17916630927279 4.840239392169427
39000.0 6.189266 12.496287 6.869357524388507 6.2933658205175025 4.633583504141533
39100.0 6.403901 16.415951 6.698175283808527 6.348589313359455 4.471180797278582
39200.0 6.322153 14.836268 7.306869522104838 6.45441086618373 4.378306950867287
39300.0 5.782274 14.871594 6.351517972888162 5.696141093344474 4.502528126972191
39400.0 5.923465 14.421652 6.450223236579997 5.930599727165924 4.514134484615115
39500.0 6.166296 13.218852 6.879623997720608 6.312938574725316 4.738356338062756
39600.0 6.001705 18.739069 6.4116576257635645 5.97071042416524 4.5297694059900016
39700.0 7.652509 20.700841 7.987287689373047 7.472524823546121 4.339194525345975
39800.0 8.088884 21.392050 8.439609539549222 7.910027243631753 4.042072490327059
39900.0 7.034781 17.954836 7.767276345179017 7.053988074076711 4.245629086835198
40000.0 6.909690 16.793452 7.075670555776929 6.8303908535889 4.357168609997975
40100.0 8.729665 21.087341 9.068368717394131 8.659128678164448 4.621893727982456
40200.0 7.320550 17.442807 8.020478173222939 7.494950198208619 4.285425925934271
40300.0 8.934469 26.601045 8.89405590633806 8.547408030594815 4.491141510743177
40400.0 8.510642 26.780322 8.974076388083212 8.161408314090531 4.836925730251014
40500.0 8.092357 19.195165 8.58627278542227 7.900966859882019 4.497631948641757
40600.0 7.222140 19.950828 7.4124822819343965 7.078747378692723 4.264385906466202
40700.0 7.740993 21.714768 8.043832183521095 7.324775885670802 4.352169702441511
40800.0 7.047661 19.782713 7.408883909152144 7.005324809509233 4.064126181571312
40900.0 7.539556 18.758406 8.006100447654138 7.3706380001869825 5.109366767180789
41000.0 7.679615 22.618349 7.837504959225187 7.412249480478299 4.503831167384889
41100.0 8.378945 25.532293 8.230891797474595 7.837400471267659 4.570524441873443
41200.0 8.121320 23.192776 8.217874956223367 7.7841648361232485 4.192968745028544
41300.0 7.332963 19.612479 7.609391055167176 7.0541264455652435 5.213452167877621
41400.0 8.025137 23.386129 8.170627639550654 7.697107793879604 5.068608501204903
41500.0 8.256876 24.008826 8.213647626798803 7.825606414881458 4.108487810791451
41600.0 7.732013 22.766498 7.836520595957521 7.153506157867983 4.557541330478473
41700.0 7.795108 24.658524 7.895817284361554 7.412966726512287 4.961873153596413
41800.0 8.334689 23.482866 8.315528539026461 7.878428560568989 4.36155189591893
41900.0 8.187171 21.697529 8.375801576787305 7.92537105939716 4.80995900579271
42000.0 8.086164 24.868435 8.360779408752345 7.811664068744301 4.242409278911465
42100.0 8.350689 23.033962 8.38691639625158 7.932223983133865 4.512012375622976
42200.0 7.061124 17.072997 7.667209817139053 7.103601294392405 4.638028704915448
42300.0 6.434588 18.884343 7.297007674750575 6.545724066004112 4.8680702290803115
42400.0 6.709611 22.256006 7.077380808848316 6.566305630908043 5.034970230745184
42500.0 7.406737 19.686003 7.510052954371209 7.12886540957659 4.5505890203433115
42600.0 5.670093 13.064964 6.231487922233971 5.697947654702712 4.930467844672391
42700.0 6.268494 15.445948 6.477581369813885 5.9815768312019095 4.682356565568093
42800.0 6.405413 14.734804 7.043036971557832 6.48920464864475 4.5938635043226075
42900.0 6.155377 16.775924 6.836253219746279 6.315076059758215 4.883102769461984
43000.0 7.110548 16.630576 7.734451406417857 7.31276178589792 4.3030805737416635
43100.0 6.319793 13.848735 6.7843966844509715 6.310993583425031 4.135136660469474
43200.0 7.807615 18.925116 7.76422414930227 7.563920785101109 4.380631374799391
43300.0 7.090695 19.941323 7.192416080583091 6.6885255722076336 4.62193961524044
43400.0 6.758237 21.833575 7.509213250849193 6.7242929531681925 4.7351574941597745
43500.0 7.340630 21.311079 7.9723074904137015 7.314638512384648 4.529376328754047
43600.0 7.720791 21.258184 7.909764006788577 7.42033789068555 4.4017082712001026
43700.0 7.431661 17.412759 7.718430462382592 7.277584346082495 4.672906310583709
43800.0 7.604978 22.372947 7.915094610880269 7.432101981723497 4.215256861143241
43900.0 6.793858 18.385875 6.89268660317198 6.516124989784765 4.517707773490273
44000.0 6.999454 19.249670 7.714342164557046 7.1143594944023665 4.581876095738001
44100.0 7.849193 19.592510 7.92911872553174 7.519817888693387 4.50629468164576
44200.0 8.376210 21.895290 8.227026371561028 7.973164750111448 4.182307789813837
44300.0 8.626785 24.918186 8.65174197078972 8.275039499165862 4.9325987735573475
44400.0 9.215457 25.102333 9.013488579301848 8.524011576385856 4.412655089954677
44500.0 7.587707 21.000249 7.462461860838014 7.2854574753439465 4.352330363900969
44600.0 8.188367 23.351660 8.40908514316213 7.884628995167354 4.234984220423747
44700.0 8.124264 24.807083 8.413045285405543 7.747191625500721 4.686401511704303
44800.0 7.746319 23.861117 7.913185751457877 7.5322839394568994 4.573726563647875
44900.0 8.220443 24.846627 7.931300933496751 7.6745777941559465 4.42201446548724
45000.0 8.066723 24.227379 8.135170417741207 7.699808576256552 4.4485520380807655
45100.0 8.203686 23.934907 7.909151943305164 7.584320359836143 4.539096617852141
45200.0 8.144569 23.648478 8.421398899890843 7.799241284395902 4.586127647971514
45300.0 8.727604 23.066378 8.166645029446086 8.055802297242824 4.417731320132395
45400.0 8.325161 28.339693 8.129145747999678 7.708655673684261 4.7482738787003935
45500.0 9.360476 29.892200 9.060684267881005 8.605920191568488 4.175902273997792
45600.0 9.224271 30.348319 9.33215131624922 8.710099257621115 4.115016578714869
45700.0 8.260798 24.472602 8.28837522479624 7.8635282488356 4.382196908683924
45800.0 7.821444 24.469322 7.944231353426741 7.482290906984553 4.445917383427473
45900.0 6.613276 17.926782 7.020406552231919 6.638614054849087 4.450476551633051
46000.0 6.585238 19.989744 6.741292203454368 6.332026660893483 4.752917576134
46100.0 6.054250 19.276289 6.776213658895013 6.068446571766254 5.0129324831527455
46200.0 7.007292 14.345251 7.380272964618316 6.83958273357364 4.495210732282367
46300.0 6.900571 16.435230 6.805037167635886 6.566116173973246 4.723725890841932
46400.0 6.790113 17.142664 7.251938585641602 6.73960091926645 4.858270057594304
46500.0 6.724798 17.548640 7.067704711035591 6.568605455897021 4.526853040735269
46600.0 6.067961 14.416919 6.590760723144892 6.081917855256894 4.705055412161011
46700.0 6.550875 14.642233 6.575496917583539 6.300501055201347 4.085427610762243
46800.0 6.237380 11.246584 6.579416956302082 6.227589740906419 4.221315098588614
46900.0 5.539085 13.272726 6.406127369589151 5.748629862441935 4.46450190170927
47000.0 5.749446 16.675240 6.382239434067962 5.7886852102020985 4.300260463798607
47100.0 7.920201 22.855866 8.131403562804811 7.823531130913632 4.12319038082148
47200.0 7.584615 19.245738 7.406283482701887 7.102161121350589 4.158059229330119
47300.0 6.802229 18.310010 7.1702264978747605 6.734020902681943 4.1853820313535
47400.0 6.617333 14.651458 6.960170194435165 6.3534158646749965 4.799236060347415
47500.0 7.007217 20.440715 7.337546194185278 6.897029405014865 4.207143473669199
47600.0 8.304433 23.350012 8.23614049432696 7.91934059174232 4.408396230709986
47700.0 6.995465 20.418611 7.735338015567942 7.023455948741622 5.03759696290611
47800.0 7.396056 20.305501 8.043131253696805 7.346713556115233 4.5347334897992155
47900.0 7.831631 23.084853 7.806267863544193 7.316158842251408 4.199238787184741
48000.0 7.524919 24.318049 7.772466637589748 7.2017492040881415 4.326259155802988
48100.0 8.468986 24.755877 8.728184860316373 8.055883398242333 4.661596005228866
48200.0 6.322872 16.342687 7.183507490698977 6.394794355402957 3.928293347736423
48300.0 7.433352 20.231460 7.6158731045075125 7.014448751044504 4.561067595120386
48400.0 5.660995 15.202661 6.606936306008606 5.994496015723484 4.755680279459164
48500.0 5.281943 11.721154 5.8604851558746125 5.323437366262479 4.447543931412762
48600.0 5.061316 13.986237 5.8379172964761015 5.222936192135148 4.644188123138919
48700.0 5.247430 13.143699 6.167862405912198 5.398965452217168 4.8873259725972185
48800.0 5.907485 16.092418 6.5566687840068045 5.990418568704076 4.0848091915174525
48900.0 7.191387 18.679129 7.912354844780334 7.2589336021052455 4.369159346637908
49000.0 7.990744 21.206280 8.302721420732365 7.965714787770213 4.3687666754033
49100.0 7.058711 21.070953 7.096461350781295 6.788288168224804 4.777651232441959
49200.0 8.347679 22.086940 9.085773294207703 8.445589627454929 4.4684717772307385
49300.0 8.167813 20.114268 8.541084554740596 8.113432843936472 4.7512236838782185
49400.0 8.596066 22.929989 8.367507178991236 7.996560864961891 3.9949579882481743
49500.0 9.042608 23.443348 9.024198682639794 8.670445446100262 5.290032228751951
49600.0 7.473113 20.922462 7.81286354723649 7.185208885417248 4.304885895651666
49700.0 8.383073 23.247344 8.595871099560702 8.048921214663293 4.74648437268072
49800.0 7.034838 18.487681 7.348904074050892 6.90587771348794 4.728392358619389
49900.0 8.007127 23.695179 8.50884073378016 7.739103984484915 4.827450046626068
50000.0 8.042989 24.084642 8.343801673984048 7.650779334741295 4.419977497600396
50100.0 8.148082 25.313352 8.038905636664289 7.5210270082074775 4.608274295318095
50200.0 7.924650 21.301684 7.993032324535735 7.557025035303084 4.7919637317834285
50300.0 7.811432 17.381545 7.873681110420905 7.535763501681893 4.257585134132926
50400.0 6.654328 17.013186 7.299706452399645 6.666533675273651 4.24132825244886
50500.0 5.408446 13.125728 6.468760593334969 5.636303150832604 4.53093544685125
50600.0 6.559249 16.261214 7.3511266201283325 6.609894732991147 4.694972430518474
50700.0 7.292252 18.891937 7.731820487733448 7.177801964348389 4.522964801306024
50800.0 7.100492 19.918633 7.894284817535775 7.175685838387106 4.433090009277216
50900.0 6.700743 17.707405 7.2958934127884145 6.7453398276120815 4.441178186881921
51000.0 7.523139 16.669213 7.953504841458724 7.547128340796421 4.328543720161646
51100.0 7.969357 23.024921 7.533611251751742 7.326324142488066 4.638914017919867
51200.0 7.292030 19.715767 7.724740889154134 7.323203882727939 4.614544141474603
51300.0 6.610617 14.244111 6.784293042714547 6.325705933964864 4.604116033386845
51400.0 6.325649 19.274048 6.703961062941602 6.243100431004107 4.622655820266557
51500.0 7.732556 24.107402 7.717580313688194 7.250509902314594 4.445042991643424
51600.0 8.319024 23.257473 7.795313818694292 7.574117016370401 4.328895252812232
51700.0 9.220442 24.637169 8.95944635455213 8.538044621822705 4.391552031002486
51800.0 8.326691 24.017039 8.207809145651964 7.747040758480221 4.505488213919765
51900.0 8.997977 21.422744 9.316133361599542 8.8088643585311 4.12305937851906
52000.0 7.898723 23.598312 7.676019281714825 7.4194260543172685 4.3293663321599505
52100.0 8.473322 25.163318 8.21362101470034 7.721644995887994 4.785524598367091
52200.0 9.293449 30.521622 8.996598971421145 8.611648395597548 4.107093292779101
52300.0 8.654063 26.065853 8.686264152143035 8.217804194137095 4.501356799602586
52400.0 8.531860 25.060218 8.344215979257267 7.854513715788442 4.441085423515744
52500.0 6.894538 22.694138 7.411504004831929 6.710184885777462 4.926450743195092
52600.0 6.642426 20.194221 7.191363729330937 6.693858064488275 4.534625800200377
52700.0 6.737557 19.037852 7.638336801601357 6.859276316599317 4.480522436546041
52800.0 7.590300 21.700383 7.764309469584412 7.280685592326428 4.109917240661092
52900.0 7.094128 21.709808 7.051081505344235 6.8025328080175615 4.457035086267376
53000.0 6.880754 17.692059 7.06927302636212 6.656313137003657 4.123847266588685
53100.0 7.579462 23.916639 7.847536028820679 7.178995067066264 4.147085102214464
53200.0 7.899966 22.350098 7.7791025334259745 7.329012467507369 4.621987531914974
53300.0 7.907131 25.112734 8.257889418807927 7.580755531489558 4.775343781925796
53400.0 8.284603 23.971317 8.36629045143665 7.999794955274838 4.44999830731215
53500.0 6.652216 18.610456 7.116605045816746 6.577261794260433 4.483173154102732
53600.0 6.771079 21.200884 7.114946758054058 6.595177380735578 4.412884213098563
53700.0 6.737771 19.782865 7.100408054130194 6.450949233971378 4.932549693557202
53800.0 7.241770 24.178157 7.5089048418383255 6.901144094023065 4.654898968672371
53900.0 6.612272 18.866530 7.163980722361802 6.5318084147365445 5.178714043881175
54000.0 6.514430 22.079534 6.855990307566911 6.257178359214837 4.331219622366743
54100.0 7.415721 23.811062 7.649081423155933 7.1493759965664925 4.379891680877284
54200.0 6.448323 18.692883 7.110172875902927 6.358196992337414 4.486509579247475
54300.0 8.236976 19.326509 8.128737967437281 7.877717364807056 3.8482084958042115
54400.0 8.420344 23.739173 8.725261073550769 8.171260997793913 4.763686930511747
54500.0 9.121705 28.224537 9.00199558668732 8.613658538536818 4.147220492525526
54600.0 9.462335 27.871151 9.166514532340676 8.793402936860366 4.184258356675835
54700.0 8.593740 25.463483 8.461146664990721 8.12863374371879 4.568901228309913
54800.0 7.894692 23.053947 8.207233989692313 7.7540296079128606 4.253333602169674
54900.0 7.940809 25.099402 8.029825409798253 7.537747206127717 4.5074461124859155
55000.0 8.283034 24.198590 7.981153864624841 7.813374927929691 4.48342884337442
55100.0 6.790749 18.868101 7.208562202342106 6.652252670508474 4.882759131720012
55200.0 6.794313 18.471104 7.308817437271935 6.673107748540211 5.424527135814496
55300.0 7.382676 21.139816 7.509712447581149 7.153321591938398 4.071306228271567
55400.0 6.031448 17.566456 6.612186553690137 6.143606059031623 4.579953091630823
55500.0 5.954750 15.956735 6.41759788435842 5.909451312498434 4.1572448619914235
55600.0 5.755724 16.953782 6.286139813030598 5.717225374936755 4.480505985150624
55700.0 6.220346 17.683009 7.051451146786067 6.327278809408968 4.646968019134829
55800.0 5.307811 15.177880 5.981148057667632 5.3261504545326925 4.044242379201388
55900.0 5.434320 17.414749 5.810429432253333 5.313723953586212 4.118316444128431
56000.0 6.789245 19.777013 7.0626898851559945 6.595254275430236 4.435643063501023
56100.0 7.492280 20.641752 7.867052112949428 7.304026569755641 3.9075203601178514
56200.0 7.642690 19.906672 7.688198377231979 7.303922145449654 4.381858332393744
56300.0 8.138278 23.574859 8.322020654725346 7.867305534031838 4.367586777847618
56400.0 8.765599 23.938140 9.042693773577815 8.519325770158902 4.780492703366161
56500.0 8.101706 19.532832 8.04492659828291 7.653630586637827 4.936865552002687
56600.0 8.590117 21.550412 8.826148698743598 8.316299659108342 4.204974481597934
56700.0 7.857119 20.195109 7.727278838399924 7.4648717700812615 4.185844396898709
56800.0 6.847884 16.982879 7.345146596103795 6.723595810699216 4.39470582484398
56900.0 7.611032 19.178826 8.130611461383438 7.621347115576148 4.369481963647845
57000.0 6.352896 16.010533 7.364456362257682 6.499778706321852 4.671971243704422
57100.0 7.501629 21.568124 7.977160709815737 7.337390439194539 4.216753514834372
57200.0 7.890525 24.692967 7.923397768729023 7.589879836041604 4.297037111070178
57300.0 8.755635 24.178696 8.879330201966244 8.199034902414299 4.226782600152377
57400.0 9.230978 24.295496 9.20628004536246 8.733189340833315 4.4850165547013825
57500.0 8.290272 23.986234 8.329280612867736 7.914754921299782 4.598594522378938
57600.0 8.492762 23.517891 8.193706242353958 8.009182164374387 4.594071436987148
57700.0 9.581516 30.485463 9.091737082511617 8.73670606584031 4.5703213067758925
57800.0 8.522359 25.558051 8.93564621787539 8.363242714640982 4.058762194896925
57900.0 7.738441 21.561592 7.871071516862157 7.464448663747152 4.52086091219386
58000.0 7.183011 19.000513 7.259458874490672 6.853059738880748 4.934249308884601
58100.0 7.005532 19.594985 7.450692569062133 6.873662928975224 4.117909508604425
58200.0 8.036809 20.030845 8.433634595162214 7.9416111785942665 4.7794820713424135
58300.0 8.803420 27.332109 8.925138627041289 8.475318242563938 4.390850009506568
58400.0 9.729401 25.260518 9.617694203218331 9.309535247906378 4.300969593028674
58500.0 10.250127 31.397572 10.218289715222935 9.653346361961166 4.573932756309865
58600.0 9.459121 27.043814 9.584843139688441 8.988999587787493 4.244856217954648
58700.0 8.840189 25.775079 9.100697910727044 8.487185672959743 4.831464176301138
58800.0 9.100430 29.273105 9.407928044000123 8.854562082211055 4.328933018363686
58900.0 9.113577 23.881193 9.286144115553164 8.839662858444518 4.311117717942756
59000.0 8.252414 18.455918 8.40138650071962 8.019044140651884 4.286457219189316
59100.0 6.967502 15.323306 8.083047606943556 7.278010113703618 4.64003025580759
59200.0 5.252997 12.149320 5.924773035822032 5.343457317076037 4.823826244292068
59300.0 5.731445 17.595354 6.353909547191067 5.75430520007856 4.719851064438942
59400.0 5.227600 13.173898 6.07930195888177 5.484491767693444 4.855777236778958
59500.0 6.495750 13.305226 6.8880957564051695 6.495264538940538 4.283948858915526
59600.0 5.613114 14.840588 6.318443352544944 5.786181570041398 4.255814199686905
59700.0 5.773849 11.515969 6.7992232202323 6.208164594624035 4.2633991602321295
59800.0 5.889220 13.096479 6.28007008588672 5.895194322934293 4.314102918278497
59900.0 5.749270 16.790716 6.162462373165053 5.741245640779313 4.05286392726008
60000.0 5.659564 17.049435 6.061279903988874 5.568317144986898 4.375097188734127
60100.0 6.450125 16.193638 7.02524464789313 6.36558772861002 4.338111004956216
60200.0 6.483832 16.727960 6.742688478030979 6.476681802443261 3.828561026083474
60300.0 6.548984 13.417294 7.2121477743535225 6.729827075432441 4.226929491734835
60400.0 7.311523 20.289163 7.473677690686042 7.306900194096724 4.229863480334069
60500.0 6.787946 16.323501 7.345341680429145 6.872648312841142 4.186092342518028
60600.0 7.765707 23.111206 7.990288368651949 7.430115897570061 4.880423218907951
60700.0 7.479443 21.211939 7.963063255303983 7.347465762459032 4.160878761918983
60800.0 7.299036 21.692534 7.815706913876805 7.194894457575093 4.6251940951542
60900.0 8.575463 24.364301 8.331246781085717 7.941942653959912 4.205283122367458
61000.0 8.679257 27.110264 8.925797838372484 8.438571761235169 4.252096825210841
61100.0 9.003890 23.857135 9.1917798198859 8.70719877287823 4.238303129831212
61200.0 9.857609 29.409056 9.229367867215942 9.06264160656023 4.673118954838373
61300.0 8.902796 22.909582 8.923425479862864 8.377074387809337 4.707465957586236
61400.0 7.525417 20.288080 7.72550801223145 7.133066826145443 4.562985443454239
61500.0 8.299391 25.048724 8.103885030129442 7.633851622821647 4.471960549875657
61600.0 6.900306 20.963446 7.359811905049375 6.7639072447771165 4.406760071421174
61700.0 7.493492 22.617024 7.679765349994825 7.127438732724504 4.691213159369018
61800.0 7.603834 18.515612 7.64844576392707 7.239474283089694 4.5618760830234955
61900.0 7.813529 21.088420 7.979691291950093 7.505519384269276 4.926977219159973
62000.0 7.778045 21.724419 8.174073962840252 7.542805394965181 4.52604957320233
62100.0 9.154148 26.028846 9.293860582978027 8.68506102360782 4.278594881115798
62200.0 8.492494 25.141103 8.47343641112323 8.096495835848227 4.138729803441646
62300.0 8.702513 22.140465 8.875741448703655 8.367932796565281 4.5893518024747335
62400.0 9.118124 22.224869 9.139177299379286 8.631246389030375 4.778058240652104
62500.0 9.612071 27.464472 9.655302298034513 9.075947425661386 4.251203680252438
62600.0 7.922070 25.107909 7.978786605860346 7.503126531333746 4.505205509520521
62700.0 7.544166 25.272501 8.08916453583957 7.433886251676787 4.543189498862185
62800.0 8.198558 23.295726 7.756415273150708 7.715302170259886 4.152473232130899
62900.0 6.659248 17.790148 7.322449536761127 6.721112220684495 4.195955559171859
63000.0 7.717170 20.714942 7.781454376867917 7.515261034641617 4.462605026382175
63100.0 7.178901 16.788999 7.679137137300573 7.112971762968332 4.691849742025579
63200.0 7.702429 19.739551 8.028426869436283 7.5129456187425365 4.872444657421927
63300.0 6.882546 17.991985 7.1054457205482 6.609097439100191 4.578075563425342
63400.0 5.861742 15.282740 5.710793492498484 5.501339740442227 4.4647968687442425
63500.0 8.077782 20.535331 8.254206689081373 7.873199376101589 5.027193373801267
63600.0 7.690752 22.808744 7.957806905228373 7.269663840460651 4.539213359915931
63700.0 7.260803 17.836359 7.603714847217769 7.188996018396595 4.896314037800368
63800.0 7.173791 14.592536 7.7590371110018985 7.1805667997509515 4.548699811724853
63900.0 6.790963 19.477775 7.412991931621711 6.79773618406922 4.836332588291332
64000.0 7.566327 21.516205 7.6516880165581584 7.286812600473326 4.085153334519408
64100.0 7.020217 18.201692 7.557775530275493 6.930668037839196 4.838910722518135
64200.0 6.068204 19.135427 6.905017045534893 5.977171004305726 4.919637020950519
64300.0 6.495291 15.563053 6.98548680191794 6.318848864055259 4.3052545782038125
64400.0 6.533085 14.820629 6.965853718219979 6.467929111072645 4.87028298786523
64500.0 5.621694 14.839197 6.159142427272974 5.671938572780341 4.497627871601656
64600.0 5.766057 11.774208 6.83221038504987 6.04258849148528 4.020308596951659
64700.0 5.328997 11.314686 5.49099813956256 5.2457177257852745 4.254476545271483
64800.0 6.327498 19.250009 6.875887470398607 6.276677856878277 4.199992803896835
64900.0 5.745748 16.092663 6.602789467942818 5.977207061026063 4.5426184054753165
65000.0 6.062609 12.318642 6.516646743383091 6.089914736102352 4.610513349989316
65100.0 6.035391 14.906484 6.859132036092604 6.254523867630399 4.220655314735066
65200.0 6.974933 13.428708 7.25851074153508 6.865602763257373 4.613648303219177
65300.0 7.226842 18.377476 7.59848325006448 7.250167608222775 4.093605832434028
65400.0 7.316137 18.319539 7.649992817093483 7.27356317283848 4.651050985983684
65500.0 6.816839 13.554885 6.808490139333298 6.702394364903187 4.137482932737097
65600.0 6.829992 18.059294 7.470508955614338 6.905070378967413 4.90716559088426
65700.0 6.497526 17.832084 7.137972400132297 6.492179515363414 4.315002409529009
65800.0 5.772219 15.326008 6.326910581876054 5.806699878259305 4.235600706930822
65900.0 6.304230 19.283740 6.7886199652566335 6.291615234106305 4.704988293026653
66000.0 6.471637 14.488382 7.207823722412616 6.496080366900286 4.752016189451727
66100.0 7.305921 17.628295 7.475263928028571 7.227816249136169 4.294718835267175
66200.0 8.427106 17.192309 8.359459960433437 8.076116220804693 4.590817177439909
66300.0 7.676896 17.963376 8.115391962274698 7.544300560798252 4.083976159215862
66400.0 7.827466 20.644876 8.202197572296791 7.653472954894789 4.871836718679592
66500.0 7.795477 19.446963 8.213647956497148 7.562020463904005 4.596582696203887
66600.0 7.376745 21.536199 7.652076193975773 7.124915741242089 5.086735636448641
66700.0 8.547164 20.800865 8.595699830830235 8.304283931324761 4.437906444504084
66800.0 8.078455 17.334744 8.169197977688272 7.716745502029033 4.415350186778545
66900.0 8.770318 19.524559 8.880785245952303 8.438041922746994 5.025630233926437
67000.0 9.320275 30.081263 9.06999575370231 8.421874088921287 4.198229594711303
67100.0 10.122838 31.335812 9.899928271110626 9.453658626174938 4.058470498109858
67200.0 9.381242 26.467404 9.223795775544774 8.912468018128635 4.125833334338942
67300.0 9.030506 28.523896 8.845623422599559 8.29852094344353 4.38825054398656
67400.0 9.149078 29.433862 8.909675537024368 8.456926904229645 4.18401520040118
67500.0 8.260533 22.920206 8.31003791139498 7.883645349978518 4.87465917878736
67600.0 8.469749 23.899015 8.229014669145574 7.847372411762705 4.824319322139826
67700.0 6.642808 22.223707 7.023527265387015 6.449653111092754 4.390741464823214
67800.0 7.781163 23.346674 8.104559044757908 7.515036385826688 4.193376092893033
67900.0 7.902086 23.150969 7.873114246886713 7.460828187407893 4.805281646800314
68000.0 7.490091 22.633695 7.262914340772266 7.039405119236135 4.760039061191451
68100.0 6.514388 15.498104 7.2400366411933685 6.635784527845208 4.120617666322089
68200.0 7.114299 20.130336 7.6766864223351385 7.08052639125363 4.4779491643345
68300.0 7.413029 24.232109 7.807386642403434 7.155701872836817 4.624658361065542
68400.0 7.623344 17.730144 8.007180783916949 7.33350545905736 4.697035384432477
68500.0 8.540117 27.288793 8.449048061364124 8.030099942824693 4.363340303626335
68600.0 8.275346 24.518409 8.1120351528357 7.6952180956797624 4.348832123404383
68700.0 7.797679 24.929079 7.530742613357239 7.288232394763301 4.335564645801668
68800.0 8.497100 28.081219 8.175038244981387 7.891786812152503 4.637342499789381
68900.0 8.101226 25.724933 8.190279423909562 7.627277576233491 4.7700633876052425
69000.0 6.987046 21.137913 7.185360026948967 6.558651623251222 4.821210996009064
69100.0 7.223852 20.867604 7.597536658111918 7.035332474155054 4.212200295410159
69200.0 6.731412 17.937784 7.212366753831586 6.594738090504735 4.241083928590599
69300.0 7.571716 19.822131 8.076106306514554 7.453670723608734 4.737036371600054
69400.0 7.100248 23.047500 7.270274403015302 6.744640391665327 4.397951258226182
69500.0 7.196591 20.399141 7.817900254633102 7.071319313202989 4.988063632235588
69600.0 7.074769 23.605134 7.8268868704093055 7.088398043974585 4.689285872816992
69700.0 7.049155 22.120063 7.413796548093916 6.757023415525785 4.318057959259594
69800.0 8.245674 21.758472 8.282095996186083 7.855985361007365 4.294423920726124
69900.0 8.071895 21.102267 8.434681356981027 7.85335602290408 4.148240530208454
70000.0 6.975707 18.115565 7.358297656826134 6.851070747762054 4.659679204045261
70100.0 5.944109 14.992509 6.508568938010153 6.036961880267169 4.716327326229171
70200.0 6.579371 14.089888 7.169462844113972 6.567842134272528 4.48370772781434
70300.0 6.115540 14.943818 6.484313901152502 6.0698151201794905 4.859698924622774
70400.0 6.136311 16.283416 7.1203559392113425 6.304644513873691 4.718104059057857
70500.0 6.606322 21.234065 7.3120103893744055 6.598226666237127 4.560324323054554
70600.0 6.911761 22.065901 7.293082530855348 6.646498410752372 5.037964891417208
70700.0 7.614312 25.185540 8.12851593945887 7.413320000883653 4.705967304084775
70800.0 8.455085 20.193671 8.337359653171598 8.028560082280256 4.002377068742553
70900.0 7.174351 16.765597 7.491174538168729 7.130337219264833 4.441093042773535
71000.0 7.562496 21.116748 8.0672587279029 7.473562855045228 4.228217581362181
71100.0 8.743067 24.160775 8.70547778453199 8.295630992501003 4.462697587569989
71200.0 7.837230 20.797261 8.064388604232597 7.631291795493056 4.377286101384586
71300.0 7.521677 22.635380 7.826550138825397 7.446005402639889 4.6301940623069715
71400.0 7.911800 25.013363 8.045383605932937 7.746166900418132 5.0736232360547735
71500.0 7.665566 22.559288 8.048667313424787 7.4856006123239 4.296585177876735
71600.0 8.630700 24.471023 9.092837880386119 8.569634043477334 4.624992428313816
71700.0 8.847458 28.321818 8.958915655804224 8.469522384956283 5.076447766269333
71800.0 7.726664 24.930691 7.8807281265390445 7.488213827120767 4.637737463831062
71900.0 8.533222 24.381853 8.644171466792365 8.216674570581553 4.7999387900989765
72000.0 8.671113 22.904307 8.604300515730312 8.294416644020512 4.208936002508158
72100.0 8.545385 28.801362 8.807726361167376 8.130383441620312 4.397968022412007
72200.0 8.468024 26.776905 8.645220020027923 8.12830089086172 5.295439156202386
72300.0 8.316420 22.160981 8.999276324374124 8.270911966727967 4.328395614655721
72400.0 8.140496 23.248975 8.64302833422148 8.120143166187136 4.6212900792698175
72500.0 8.034055 23.147701 7.880941242797849 7.771590420501991 4.053216337627854
72600.0 7.820441 26.094844 7.720259449824311 7.296406082394477 4.535872282763582
72700.0 7.185521 22.982807 7.385602413779003 6.96283398336138 4.437304301731956
72800.0 7.716804 23.512789 7.689974833541607 7.258948217591186 4.309290022557833
72900.0 7.489876 23.545066 7.786627861272466 7.09751535893614 4.69429696915304
73000.0 6.132458 17.684186 6.693670766624556 5.965670872247486 4.831366988949902
73100.0 6.828809 21.507135 7.2510562089658155 6.5227682476275834 4.177927015477818
73200.0 6.369929 18.049462 6.945479199842841 6.235000306335926 4.5404278496745
73300.0 6.116034 17.718110 6.795087421938889 6.07973914216029 4.514818363625895
73400.0 6.724970 16.966467 7.322943284720894 6.539419689338096 3.985152765008435
73500.0 6.801714 21.458143 7.338688455801357 6.5729187216552205 4.160517516590853
73600.0 6.693575 20.608987 6.825130662718908 6.447089206058781 3.981897100442648
73700.0 6.890323 19.664215 7.200435517764695 6.682165971912043 4.424209853895014
73800.0 6.754825 17.421413 7.244768719075341 6.675778207435296 4.599652699832281
73900.0 8.144789 22.531655 8.13433407293022 7.7398450569983535 4.851890446570556
74000.0 7.159475 19.750277 7.206987061738222 6.8679850068287625 4.243670493595395
74100.0 8.403641 23.411749 8.542526566937283 8.041554128818984 4.466193859295347
74200.0 8.099183 21.018946 8.446929094124096 7.814294041183972 4.671256316535537
74300.0 9.090111 26.332273 9.386483986791227 8.711948378748215 4.377922386213999
74400.0 8.875084 23.676702 8.926954081434168 8.489660215945669 4.690971947573507
74500.0 8.750378 24.903675 8.65195754249002 8.443703403856352 4.345210549589215
74600.0 8.257034 23.068999 7.958308092362975 7.636450959896335 4.523818011844773
74700.0 7.146218 24.059930 7.437696379777465 6.933797612884511 4.418644258415186
74800.0 6.839609 18.388282 7.4139329308000175 6.830635071350921 4.509073978256744
74900.0 5.647530 14.073262 6.188203373659157 5.587363476302434 4.8528422157436175
75000.0 6.122451 21.376999 6.503125038414088 5.883423575709481 4.247670192794498
75100.0 7.250629 21.907842 7.486987221798703 6.860593222739314 4.371317842876276
75200.0 6.837205 19.754402 7.372097648819352 6.579605988054004 4.60587212838705
75300.0 7.522734 23.781720 8.201601674872176 7.479513131762972 4.494779809257818
75400.0 7.761211 25.755610 7.969734313071109 7.543019270890835 4.637319461596162
75500.0 7.263580 21.792345 7.374663198570762 7.020483725304104 4.661975267860249
75600.0 7.934720 22.873389 8.194337737551116 7.800388404549402 4.447189259554674
75700.0 8.012297 26.111804 8.190012091657243 7.613726293209959 4.416620175918895
75800.0 7.732736 20.462579 7.944440895519359 7.581125524539673 4.547963695076687
75900.0 8.456478 25.018441 8.38130154552738 7.872706906421159 4.404033034121677
76000.0 6.526279 21.410931 7.15587172891226 6.4499763840303155 4.627926244867325
76100.0 7.382851 23.885110 7.541826130417765 7.0791463035156115 4.308687380996501
76200.0 8.159093 21.391910 7.757415167369605 7.488230120866876 4.754076350500365
76300.0 6.234240 17.353945 6.7579454830926515 6.215913830128269 4.918981130106827
76400.0 6.302446 20.714706 6.711905500134039 6.160128561311633 4.386468177840038
76500.0 7.425408 19.730729 7.843241969850128 7.228908690946615 4.145396244155022
76600.0 7.538692 19.945096 7.605118688695932 7.386754032047885 3.975332004146909
76700.0 8.184792 23.830034 8.707010388154485 8.012539798054153 4.4077519785018096
76800.0 9.243912 26.070937 9.39517966644988 8.79913447066737 4.703274506289137
76900.0 9.023884 29.544995 9.130577031881003 8.68308415879067 4.51004206411226
77000.0 9.935496 31.909451 9.368669390014905 9.22037947590233 5.0191001705835605
77100.0 9.640962 28.432880 9.293012287887263 8.875165841438605 4.4601130979054355
77200.0 8.642124 26.510165 8.782020279294334 8.34328677281607 4.524464029212005
77300.0 8.224470 25.239063 8.319451619602772 7.728164268236046 4.242124454809711
77400.0 6.900674 18.186021 7.437085610165179 6.996906017663094 4.845007710934874
77500.0 7.519042 21.517405 7.670403871852987 7.305969604528813 4.547039536507852
77600.0 7.118819 20.503626 7.72915276273478 7.019190767264357 4.540547824892983
77700.0 7.991488 21.963465 8.195521896273652 7.795625524233481 4.464440868114562
77800.0 7.058990 19.682032 7.1682130225257445 6.687670125783657 4.164717565316349
77900.0 6.947777 21.245886 7.506965197389692 6.762113201706264 4.597836767481448
78000.0 7.391524 22.905064 8.06879914256211 7.276216977445639 4.466737188528917
78100.0 7.927750 21.863912 8.20857557605012 7.706749327693141 4.976451188558504
78200.0 6.839129 17.336849 7.311545117495629 6.743561115071096 4.823095337618513
78300.0 7.013555 16.175305 7.431966384491928 6.910112203562993 4.483132063392529
78400.0 7.866519 21.559831 7.930777714932994 7.543321377547442 4.5193032390206325
78500.0 7.309384 18.702055 7.082192421744731 6.880759977674208 4.4494260724555765
78600.0 7.041769 23.160026 7.681440455538501 6.898773532423812 4.323114235631363
78700.0 7.762508 19.127285 8.119973852954578 7.682950516126034 4.934144709443535
78800.0 7.956116 23.883943 7.894311793872838 7.486267941171299 4.584682057014158
78900.0 7.593076 23.479537 7.8525907460285165 7.206367983070878 4.781384477216693
79000.0 9.081552 23.396852 9.224527814794428 8.665064996991347 4.971362113564928
79100.0 8.624262 25.296793 8.860048595772719 8.206977326844617 4.453329028056358
79200.0 8.474774 23.387117 8.594069602991043 8.243641551889043 4.421083733239597
79300.0 7.299270 21.935023 7.402002016792092 7.048946393166357 4.384515629108243
79400.0 8.255537 20.545496 8.409296420742994 7.961977633282757 4.460094817335785
79500.0 7.730643 22.358995 7.737503338630947 7.400971416112303 4.429208745019661
79600.0 6.689454 15.697993 6.965530755821115 6.552731088380491 4.183496625644421
79700.0 6.888536 17.007415 7.5010677700629165 6.9517257079354 4.596787237361899
79800.0 7.688082 18.241415 7.572060732941365 7.306837471753811 3.9269747830344124
79900.0 7.584419 22.133169 7.874086578709055 7.527388599271915 4.314844095918438
80000.0 6.387275 16.044432 7.052965330253605 6.501389874180984 4.7077440127588845
80100.0 6.102888 10.916597 6.834091059518935 6.289991685820133 4.159360602294881
80200.0 6.499291 17.091694 6.962976666152911 6.3670825682721475 4.89594814285858
80300.0 6.696352 16.191782 7.1115242003719565 6.73223967617882 5.289647464031211
80400.0 8.309508 23.539115 8.471357612199517 7.941833439372092 4.511107230325782
80500.0 8.391546 25.909950 8.635321448988233 7.945892945803443 4.537959973055174
80600.0 8.959457 30.389442 8.655853592930626 8.237287111235817 4.579586151939732
80700.0 7.868108 24.106149 8.064233848568326 7.484208121942447 4.871362948431965
80800.0 7.263631 23.190530 7.514823708462384 7.1254705021534175 4.4859552842305535
80900.0 7.572819 26.130043 7.9934354724768655 7.282242569435283 4.085415570332588
81000.0 7.846119 26.680911 7.856809785389165 7.335525351699896 4.204897713538003
81100.0 6.971599 20.195656 7.451661846778635 6.9533992875222 4.338029295547523
81200.0 7.533004 21.135535 7.995054730807263 7.452477693702444 4.6120080697071515
81300.0 7.631373 20.079188 7.839836917661772 7.465021858048528 4.245590950613015
81400.0 7.909294 19.679103 8.20796575379825 7.67042382551321 4.442756736916741
81500.0 8.559622 26.271425 9.19709271397801 8.533396241813273 4.437629804692822
81600.0 7.648149 23.819554 7.843075666754446 7.563172521425567 3.835873418252219
81700.0 7.245262 20.277523 7.708929023170057 7.284089171147316 4.222747891557665
81800.0 6.377531 16.747658 6.823281707073123 6.44393286424922 4.764408199310286
81900.0 6.463540 16.563209 7.128224420857385 6.454783713286625 4.877310057075944
82000.0 5.685740 16.806685 6.426030034423926 5.732380295177436 4.915393449122929
82100.0 5.787571 10.837122 6.449747909491938 5.923934080352395 5.020775707409276
82200.0 6.194874 16.292084 6.773293537383271 6.223042622922975 4.387798624791105
82300.0 7.028128 18.785962 7.628644342839394 7.0627563856247955 4.372305518114977
82400.0 8.222163 22.398438 8.408940994562665 8.029455164241952 4.444353078318461
82500.0 7.648262 21.875308 7.935569907178872 7.550160824823166 4.688051327656645
82600.0 8.797416 25.042439 8.90262593305397 8.370112032066618 4.940213307821349
82700.0 8.263186 28.510023 8.275346341635164 7.823696792718285 4.630661040048549
82800.0 7.512832 25.928455 8.030016910608662 7.280588039448946 4.762417968337304
82900.0 7.894887 23.363404 7.797713813657828 7.45328998755868 4.61011462090755
83000.0 7.793074 25.827441 8.19380226144178 7.442297732005835 4.251096272023756
83100.0 6.796085 15.491531 7.110884078887979 6.581386884926595 4.218684385299746
83200.0 7.051295 20.579838 7.172048285693331 6.876837773947723 4.7428932642574315
83300.0 7.025610 20.223241 7.798316175346451 6.977778342025176 4.392965952193356
83400.0 6.719378 20.258162 6.758170912597133 6.4065528779083225 4.630914998666634
83500.0 7.687423 19.156350 8.102253032939593 7.667141333680352 4.6008169302456565
83600.0 7.104594 19.942366 7.453258583830565 6.861844069636446 4.887643698658797
83700.0 7.855922 22.107540 8.371928487557344 7.818213639825582 4.382750646661738
83800.0 7.795680 21.083627 8.017484442922669 7.609779645879976 4.085048645030007
83900.0 7.234655 17.207800 7.62696658717214 7.078142486599618 4.9279977164648034
84000.0 6.409433 13.530437 7.093881080722057 6.4489472217628325 4.456262779974956
84100.0 7.941022 16.440860 8.023585423364988 7.823841727730765 4.681228880861486
84200.0 7.605310 18.064875 7.994645023718027 7.5499545680216045 4.5430186420937435
84300.0 7.679029 21.175456 7.750666267070103 7.363804691332608 4.620632360768437
84400.0 7.980448 22.038584 8.354966014455043 7.721047580902103 4.630212386691788
84500.0 8.494465 23.198741 8.772961524249553 8.231181783129129 4.59352553646362
84600.0 7.592370 19.711837 7.840592676425471 7.499979689633659 4.030973535625845
84700.0 6.873163 15.635795 7.444624147331945 6.980267059147542 4.323190759788064
84800.0 7.651518 18.299412 8.309408802166471 7.716910543403193 4.352463720001933
84900.0 7.085958 19.946444 7.6953273312226775 7.007811249780715 4.674915192729679
85000.0 6.928456 21.011125 7.163715389466881 6.683341756895638 4.498070046588815
85100.0 6.607104 20.569807 6.758582621629752 6.22461574175743 4.76699089946663
85200.0 7.255229 25.733377 7.916287996461669 7.138740188841508 4.888058813988595
85300.0 7.188207 21.854405 7.096262363952895 6.848828504303243 4.00968569720908
85400.0 7.241818 17.494647 7.503416001468272 7.09503718468905 4.023857715517462
85500.0 6.808851 15.924196 7.590999334965051 6.920942020238174 4.860226651162191
85600.0 7.262842 18.436934 7.432155515023621 7.058085136201754 5.059052849198751
85700.0 7.678673 22.309821 8.228349530467485 7.575930225426322 4.584224538407566
85800.0 7.296883 21.562304 7.834442439117649 7.118260662266213 4.967853411882873
85900.0 7.328551 18.459095 7.834723825728792 7.207571658582695 4.781918606897148
86000.0 7.413015 14.478048 7.731556083581925 7.2936087933763 4.4661351107704155
86100.0 6.899108 19.608023 7.225624104356401 6.823727200201289 4.632781548122249
86200.0 6.983013 18.687777 7.473976928029932 6.841705720329533 4.778466617049165
86300.0 7.038052 17.066975 7.323733034231459 6.832973667200446 4.5480031085714625
86400.0 6.264806 14.558350 7.130772335166896 6.575382752648764 4.198605831513229
86500.0 6.181052 16.856286 6.8236654218949395 6.2146189179756055 4.65256476536951
86600.0 5.562266 11.560937 6.139141412588694 5.715743098768019 4.763459974596129
86700.0 5.993336 16.528093 6.653561077195606 6.075042446965737 4.132225471102434
86800.0 6.530304 13.419717 7.002548221762893 6.496256345627019 4.142641494963728
86900.0 7.312288 18.472264 7.607314547617429 7.087741352131078 4.523457472647143
87000.0 6.939162 16.614485 7.640712672209265 7.078743893311199 4.843587214546045
87100.0 6.487320 17.583918 7.167930267329984 6.650940296036908 4.376995722799004
87200.0 6.774092 18.392753 6.749048903878583 6.600852581072372 4.738286040652675
87300.0 7.317085 22.800145 7.639127173242594 7.099185136070803 4.810828819275881
87400.0 7.144362 20.662595 7.9903907869153095 7.141871024478445 4.251375090038688
87500.0 7.881433 25.628246 8.21628616146731 7.713465868485609 4.324839241587561
87600.0 8.097231 20.568677 8.457246038488522 8.006145926146283 4.567056022753645
87700.0 7.931813 17.790605 8.239964302559075 7.8360046576825155 4.469704802331286
87800.0 8.981264 26.327938 8.97317309221367 8.623677860874873 4.05741552127031
87900.0 9.400380 23.839900 9.587903574777576 9.235346404362291 4.202316325602408
88000.0 8.958633 23.475087 8.933410634966412 8.500744479004283 4.696090789826004
88100.0 7.885012 22.814408 8.059820263778075 7.539725876057542 4.441367111068201
88200.0 7.827847 23.922662 8.440909966485224 7.744936357087128 4.730060733671447
88300.0 7.507144 17.805624 7.605393691930638 7.204957403014621 4.770779291962099
88400.0 7.730420 18.402628 8.338113365775003 7.763100587877067 4.555177761827831
88500.0 6.731001 16.009157 7.418893175066358 6.641309131156222 4.423112624654869
88600.0 6.108416 16.338661 6.94987829808533 6.204264324632186 4.635993621762044
88700.0 6.577185 15.621122 6.861467665545644 6.366718659333875 4.821259217746327
88800.0 6.159233 11.320826 6.924324438917223 6.225019096736491 4.564529566478042
88900.0 6.743691 16.733957 6.930513296517301 6.659595736810616 4.263312682647635
89000.0 6.911365 19.713472 7.25918015187937 6.640656601725181 4.540355354630412
89100.0 7.189448 19.908828 7.597794206312196 7.0018166309450365 4.5801040534121835
89200.0 7.950875 25.064782 7.941498795982178 7.488185549307083 4.277356771963307
89300.0 7.372143 21.805744 7.536652383599779 7.021824798713385 4.396397199686912
89400.0 7.774100 20.673754 7.81367661973453 7.313214136792382 4.553724052869461
89500.0 6.975857 20.994930 7.326524871608918 6.941113472781672 4.767685874528416
89600.0 6.775668 18.498673 6.990881968724581 6.656348977291592 4.551478220311917
89700.0 7.242740 23.702885 7.651333982200509 7.015181901571937 4.954663418194458
89800.0 7.696813 23.067905 8.241446857756038 7.64155470075602 4.476590634223471
89900.0 7.374906 19.351221 8.120189151287038 7.414072732903764 3.9481789522068604
90000.0 8.734195 23.676277 8.469497359229004 8.079590846703393 4.630827755198135
90100.0 6.894827 19.879976 7.404774510127294 6.769204947662715 4.692661739648328
90200.0 7.705255 20.102708 8.118556826430742 7.446492177395963 5.228542666547632
90300.0 8.908774 27.451029 9.079199199976031 8.491018589690693 4.220825195309815
90400.0 9.228131 24.527074 9.604052310517547 9.048053978226678 4.477915738272303
90500.0 8.459561 22.436437 8.55842783069865 8.135320273071631 4.62361177832209
90600.0 8.836532 25.507401 9.069415741033842 8.559236464831468 4.363851644131432
90700.0 7.675891 21.844592 7.7822537707696755 7.3468571010236206 4.522388042747541
90800.0 7.265767 18.964253 7.496283001121104 7.113394172580079 4.570787843510524
90900.0 6.590891 19.514730 7.008145877412436 6.3464415393596125 4.424101823444942
91000.0 8.135096 24.071666 8.472195337110456 7.838022949473607 4.591656728933976
91100.0 8.389338 22.939857 8.343178540748271 8.000015491411617 4.259670690711207
91200.0 8.073703 24.019281 8.530564801623115 7.890344740771071 4.521536857781351
91300.0 8.957453 24.992918 9.00798856277809 8.554757149520752 4.335711958951938
91400.0 8.662029 27.043907 8.434536891918425 7.9937056590073565 4.378296334396441
91500.0 8.651460 26.206334 8.728934418575935 8.233953414741432 4.62526791949557
91600.0 9.283554 26.992833 8.930405198787083 8.684956205026225 4.411235337338932
91700.0 8.649637 23.788897 8.807841635612679 8.26222055167087 4.23321066435698
91800.0 8.314493 26.851858 8.084676093284623 7.752034449828975 4.037581679735275
91900.0 8.516015 28.091037 8.589851031407346 8.064945779073806 4.395500296708461
92000.0 9.241920 26.027284 9.580433346308725 9.054105762697619 4.567446815165424
92100.0 8.786230 25.446964 9.223229099385625 8.495981157487206 4.365033710581826
92200.0 8.022868 20.736353 8.357810156176496 7.943824186626714 4.123202342645053
92300.0 7.304325 19.293766 7.267398466935161 7.058629761902648 4.3338772514630675
92400.0 7.339151 16.147070 7.367328737051985 7.052673197469015 4.413098834481287
92500.0 5.314092 12.902238 6.451317086425369 5.573111164485401 4.410348801500151
92600.0 5.162793 10.609336 5.801464228442844 5.313443824602664 4.379505335457095
92700.0 5.908962 8.441015 6.67676911147142 6.142404795967727 4.641884616624303
92800.0 5.987173 13.841387 6.8804183741155285 6.290056892937331 4.292213245680399
92900.0 5.443300 14.206888 6.23599272468285 5.6596314007703254 4.676459888419271
93000.0 5.330279 11.511088 6.351044476687464 5.612574181837512 4.638149197767583
93100.0 6.362671 14.180884 7.345802982163718 6.685700729663259 4.994605968067369
93200.0 5.644662 11.199877 6.624600344886839 5.815867257557935 4.878023708669912
93300.0 6.748083 20.389860 7.036936068564296 6.425560055221063 4.994988478894096
93400.0 6.883359 23.624674 7.445262507214773 6.778990978827829 3.9838259233777062
93500.0 8.043528 23.777089 8.221946798928204 7.599842546902883 4.810758371150569
93600.0 8.791737 27.761071 8.37839706840919 8.23493453236579 4.206438928663818
93700.0 8.556100 27.164793 9.07614299772759 8.339159009843588 3.8375516392316658
93800.0 9.209787 29.944315 9.023820864684376 8.456528362904356 4.3128264248273736
93900.0 8.740698 21.162356 8.622738409061121 8.281913423635347 4.5696866763336805
94000.0 8.448004 23.795504 8.82282937585342 8.284854122828373 4.352441593142922
94100.0 7.789796 21.930272 8.060358353767777 7.561269626993865 4.5801617908736825
94200.0 7.944876 26.185921 8.14181838343668 7.47408141902228 4.4405878894964905
94300.0 8.205367 24.291293 8.31517542236087 7.750176472631598 4.473382025700594
94400.0 7.629881 20.358803 7.749351164084333 7.413669015133797 4.4468282397678145
94500.0 7.384169 19.909308 7.7017502756807135 7.341683452758414 4.249362716286214
94600.0 7.337012 21.597551 7.741152827499643 7.305594775467308 4.090380359841069
94700.0 6.419772 16.574291 7.041822247594245 6.372245272858282 4.206768953386775
94800.0 6.865673 21.568699 7.327683071358848 6.82105398749425 4.453121191616722
94900.0 7.044713 21.288513 7.566179324261464 7.02726266770616 4.5338475489335766
95000.0 7.329153 20.260584 7.863175942556888 7.14886400074038 4.74623131661768
95100.0 7.360812 19.170170 7.609859148034264 7.052662714430327 4.813608583488153
95200.0 6.741703 22.012185 6.5594282730053735 6.331861783138666 4.597125683618357
95300.0 7.234143 23.439931 7.2734444819605635 6.893126066342902 4.124017829625115
95400.0 6.414617 17.360447 6.538820662579907 6.149548592260599 4.122559450331978
95500.0 6.722092 24.722096 6.897036488778407 6.287410053467904 4.720968149853307
95600.0 7.837598 27.268696 7.801249048737625 7.461611683126717 4.041790400005367
95700.0 7.745887 25.014825 7.732662710316634 7.325062170760555 4.572441794405255
95800.0 5.796956 18.206848 6.7880664154204835 6.053894441449166 4.368683990531063
95900.0 6.914763 22.059029 7.42382640559136 6.801692629411229 4.773021226210749
96000.0 7.658903 25.748717 7.450874893500888 7.107562900483875 4.756364730322696
96100.0 6.046743 14.192231 6.530442091016198 6.122281330321081 4.322691852403948
96200.0 6.118911 19.281506 6.7542039986827955 6.08729542630932 4.401274170565669
96300.0 7.144300 19.382437 7.530504592994632 7.049668099502226 4.608284110712301
96400.0 7.139948 20.467217 7.698635512306957 7.034887833902631 4.5020559656442645
96500.0 6.930247 17.666832 7.311948853211964 6.807765583031745 4.163220846931568
96600.0 7.053889 18.512750 7.798522940273782 6.9854637419757175 4.60435826957519
96700.0 7.019618 20.648859 7.360365616419065 6.972905297122977 4.498531653579441
96800.0 7.991726 22.316984 7.792069089686721 7.467622355497656 4.202711567628712
96900.0 6.605763 20.335929 6.9176427010670105 6.389415264783002 4.6901646043789
97000.0 6.795149 22.590913 7.137357512122583 6.433301201382036 4.265498041944905
97100.0 6.072500 20.173324 6.84020464604757 5.966817459324165 4.509321039639807
97200.0 6.966912 20.672194 7.427869943465641 6.674762907713048 4.650876677966676
97300.0 7.205436 18.076116 7.470322026690954 7.034424029232357 4.485635307805751
97400.0 7.272460 17.890848 7.9720973521441625 7.247291919900742 4.412079773427497
97500.0 7.605719 17.622054 7.466952558151268 7.193914418161828 4.722278319064798
97600.0 6.557193 16.113899 6.923698711745024 6.513885392844236 4.439957518095071
97700.0 5.171194 14.632893 5.862929076300706 5.169135215536685 4.776989308701935
97800.0 5.046772 12.812140 5.507414512009566 5.057068212966575 4.565960820220487
97900.0 6.335540 17.488931 6.9486969448607985 6.268024501576324 4.483129054923024
98000.0 6.894316 18.970879 7.14418124972013 6.692093766811116 4.6510626138999775
98100.0 6.994985 16.678694 7.380559703088505 6.863114813939338 4.859958539255236
98200.0 6.937028 20.350697 7.156784085354814 6.724753493354892 4.585562527108346
98300.0 5.910143 20.793416 6.654153895702453 5.98199925310997 4.580899292156698
98400.0 4.801500 12.104010 5.685169175085444 5.0542663562494 4.463556374332855
98500.0 6.195336 13.883315 6.631227694207727 6.068440595174948 4.563007433363138
98600.0 6.611644 17.032246 6.603373846499796 6.286559253440063 4.5143021938073185
98700.0 6.408434 15.413180 7.018739950119503 6.411448617666956 4.744642211817578
98800.0 6.370737 15.618454 6.961247785617103 6.5341298242828465 4.534443604174343
98900.0 6.678610 21.426249 7.075255575007102 6.585080217997339 4.3485925645633925
99000.0 8.455307 23.806623 8.783384183902395 8.299279601167493 4.016128233471608
99100.0 8.372441 27.179552 8.682586841033606 8.12790574202691 4.0379450745077685
99200.0 8.142446 23.027390 8.245175276705066 7.8534042504997865 4.766163584761263
99300.0 7.632824 22.662294 7.761448060030744 7.207283994165877 4.684101534564272
99400.0 8.387998 24.624154 8.28559666846182 7.856884451900527 4.388382932304505
99500.0 8.631432 26.705764 9.030300633202591 8.278480661380783 4.248382450275208
99600.0 7.758828 21.418348 8.264478707774511 7.59466732676925 4.684341675739647
99700.0 8.025441 23.902005 8.47133428508643 7.880718758703259 4.643727692428592
99800.0 7.945475 23.104719 7.999216755232196 7.695327868302217 4.1136081136627825
99900.0 8.014754 21.268065 8.038704903016228 7.69684772592652 3.5080888594825983
100000.0 8.103828 26.386204 8.42015256056366 7.805065637918941 4.568799484276317
