   100.00000000000000        245.05259434079841        10.573200472999133       0.56610424316117758       0.87495708009131445     
   200.00000000000000        318.11049465877716        7.1641907492092400        1.7168348064644334       0.92038845405579728     
   300.00000000000000        323.65943910027238        5.1001627472865607       0.72132602901950804       0.94782887842734354     
   400.00000000000000        255.60196902195747        11.271872236553179        1.9326858140024541       0.85896597880820980     
   500.00000000000000        222.05361815071865        6.4763643193894609        3.5747134769254529       0.87442430318672582     
   600.00000000000000        266.89066196308249        21.437466260692929       0.72270683811460401       0.78708046935005382     
   700.00000000000000        290.21698022591664        31.539330920694738       0.86335404841867103       0.72816891235943815     
   800.00000000000000        230.64475204617278        20.842565370449762        1.1353651604348869       0.76059697621857680     
   900.00000000000000        173.02396124170852        6.7683930815190081        1.3599024448467247       0.87058859707025049     
   1000.0000000000000        148.59738234560939        9.8907048834701072       0.93279196372833439       0.80906139622033169     
   1100.0000000000000        130.32010704402376        5.4082548748109502        3.2640815633909597       0.82175493891226725     
   1200.0000000000000        242.99033629399008        8.8844325229244419        3.5476741803134502       0.85963956250143925     
   1300.0000000000000        214.40033645043678        13.281998295540831        2.0806024047548988       0.81125300574227788     
   1400.0000000000000        155.54615345596355        27.605615372273292        1.6386955038117677       0.59639137696166045     
   1500.0000000000000        162.60808791865486        7.2315168479323688        1.5272778530412197       0.85337475422077635     
   1600.0000000000000        123.21112627159189        13.687466230779165        1.2535272285316452       0.70794507286800934     
   1700.0000000000000        217.06791168335440        10.618488164522574        1.6180882148654376       0.84747117590558152     
   1800.0000000000000        159.56451146675738        6.9204968299995926        4.7278776470220762       0.80643419791415927     
   1900.0000000000000        170.30919352997805        21.823959492584351        1.0619867235950124       0.68485485730020756     
   2000.0000000000000        216.11815230154008        22.531311385544484       0.94613393240507548       0.73372738383479730     
   2100.0000000000000        289.98210897682088        25.184582185084196       0.58509525097585424       0.77469784629504312     
   2200.0000000000000        268.92227282085696        21.109826199323720        2.1372482659734970       0.77870581904936120     
   2300.0000000000000        289.52637707248607        11.378303648988719        5.6711715370097977       0.84038086716462734     
   2400.0000000000000        551.43842500743779        15.836935660201107        2.4265832531892784       0.90655386138079996     
   2500.0000000000000        696.46342894742452        12.692988180309612        3.5970282863629564       0.93273228768126715     
   2600.0000000000000        619.29374122793797        13.744339224545001       0.57016742226650763       0.93369650313807628     
   2700.0000000000000        723.84367900713210        7.2438602808795167        1.6586773762523421       0.96392704671000706     
   2800.0000000000000        694.60578449688501        11.358689108109843        2.6660467783964350       0.94162020266528756     
   2900.0000000000000        616.17293855005698        11.978978647334429       0.87802091625815137       0.93985533916715580     
   2900.0000000000000        616.17293855005698        11.978978647334429       0.87802091625815137       0.93985533916715580     
