100.0 239.30275232358508 -2.406857886891312 -36.44729927895614 -2.406857886891312 3.380712834233009 -4.169860502393058 -36.44729927895614 -4.169860502393058 13.508425335675192
200.0 317.54484049794553 -10.516094317665189 -8.088110686291737 -10.516094317665189 3.4422299864185093 2.6381986975353575 -8.088110686291737 2.6381986975353575 6.0044389004449465
300.0 318.91456731499215 37.11568109754279 11.390268459824158 37.11568109754279 6.658404817126662 -0.7850648044843115 11.390268459824158 -0.7850648044843115 3.9079447305578285
400.0 241.96028718122227 50.401412049475226 24.98117380147053 50.401412049475226 16.92200193687557 10.119505549936784 24.98117380147053 10.119505549936784 9.924229104432246
500.0 189.9635180890621 76.35116737904578 8.947288221294121 76.35116737904578 37.12762873679634 5.1810709644361195 8.947288221294121 5.1810709644361195 5.013541671931509
600.0 219.43396324272453 75.7220258422607 63.211874348689335 75.7220258422607 28.72143897945571 28.133241194071346 63.211874348689335 28.133241194071346 40.8954231863813
700.0 237.01525311050065 72.30526033105751 82.12705353422511 72.30526033105751 24.108562446896276 19.188157771061704 82.12705353422511 19.188157771061704 61.495838868943565
800.0 157.17514674314546 55.871341381777285 86.04524739659487 55.871341381777285 21.140875892170072 30.898850921607295 86.04524739659487 30.898850921607295 74.3066515558425
900.0 100.19177957156202 35.50810276310973 74.4540449264945 35.50810276310973 15.865554045914084 30.405874625586662 74.4540449264945 30.405874625586662 65.09491719227648
1000.0 80.38304192836999 50.01048767270178 51.76685586757862 50.01048767270178 44.35646433200888 33.06386916307237 51.76685586757862 33.06386916307237 34.68136766223173
1100.0 78.91046781929609 45.20336950372759 42.416004649815164 45.20336950372759 33.034137094866175 25.383144734107308 42.416004649815164 25.383144734107308 27.0478342206005
1200.0 166.84859446726952 57.48971249672471 95.50249485173488 57.48971249672471 28.464064411115356 31.799321599168035 95.50249485173488 31.799321599168035 60.109775882250084
1300.0 65.44377478853134 32.986753254004924 91.28677837670182 32.986753254004924 30.400817664411626 45.63015617500079 91.28677837670182 45.63015617500079 133.9183371765176
1400.0 26.071949020613104 28.522508818202954 44.18447760313978 28.522508818202954 76.82838449747945 55.40495355057015 44.18447760313978 55.40495355057015 81.89012476135557
1500.0 99.07240250335882 38.74733290536092 67.39785991959639 38.74733290536092 23.558813730046765 28.83435102467024 67.39785991959639 28.83435102467024 48.73566077406574
1600.0 93.79890079312473 28.480820161622248 41.76189667015347 28.480820161622248 23.794545667655406 15.368802306179205 41.76189667015347 15.368802306179205 20.558668747976068
1700.0 164.6476944752864 80.2256790650034 40.473269019621185 80.2256790650034 50.57096322614347 24.704881121996788 40.473269019621185 24.704881121996788 14.08582280877758
1800.0 93.1223631362137 72.18116723494477 25.427772645983516 72.18116723494477 63.69288934073206 20.99814171752192 25.427772645983516 20.99814171752192 14.397628182949308
1900.0 106.1073201142529 76.88886744249582 -8.34524823252206 76.88886744249582 78.1340996466602 6.151497062538508 -8.34524823252206 6.151497062538508 8.95371359161742
2000.0 104.0397594506599 95.4118004792517 -31.448872277602348 95.4118004792517 123.12916242672975 -21.109707971456793 -31.448872277602348 -21.109707971456793 12.426667775447191
2100.0 109.71800393550673 116.76493657205897 -77.40013485406072 116.76493657205897 129.75596697911513 -73.42210367648778 -77.40013485406072 -73.42210367648778 76.27780493257761
2200.0 55.52122225421433 94.1745634080799 -49.645010069172926 94.1745634080799 169.3138975330934 -83.12259300852674 -49.645010069172926 -83.12259300852674 67.3342178833769
2300.0 52.739028384858536 97.30766225841832 -40.48021786510023 97.30766225841832 206.84427704302922 -83.66012707726175 -40.48021786510023 -83.66012707726175 46.99253708710161
2400.0 121.91249375910333 195.89836025736017 -111.41036943227053 195.89836025736017 337.94807089639886 -175.53842484421546 -111.41036943227053 -175.53842484421546 109.841360340358
2500.0 111.78713830267392 213.26330093075813 -126.38821597507142 213.26330093075813 449.7090190482977 -249.71143138828765 -126.38821597507142 -249.71143138828765 151.25726444276444
2600.0 224.9281449545442 263.2797625752524 -135.00975341368044 263.2797625752524 323.68494722388436 -151.71922526155737 -135.00975341368044 -151.71922526155737 84.99513443356699
2700.0 180.44590943799943 289.35044089601257 -111.33856860574133 289.35044089601257 480.65218301411494 -177.54476796284004 -111.33856860574133 -177.54476796284004 71.64809972338027
2800.0 167.41367377447372 282.40709128389494 -83.4813251906848 282.40709128389494 489.99241216540247 -138.60679349114696 -83.4813251906848 -138.60679349114696 51.22441086790666
2900.0 186.0428969770783 259.42368235286756 -106.98329851296653 259.42368235286756 377.0794357348634 -143.48613138831178 -106.98329851296653 -143.48613138831178 65.90758432408677
