# t rg re s3 s4 s6
100.0 9.133983 29.724969 8.436334639124068 8.235428907089265 2.482200450977919
200.0 8.571405 24.870371 7.847120535705795 7.736013297562756 2.496178102016342
300.0 8.380827 20.978780 7.981339685490359 7.8742631071492735 2.2637386820431264
400.0 9.375583 27.604924 8.974636787644416 8.776964649291983 2.3777230411393706
500.0 7.879612 21.929033 7.63254563828714 7.463043381628799 2.3877451910126046
600.0 7.877959 24.402977 7.528432609394638 7.399794918111219 2.384754869308598
700.0 9.156394 24.853366 8.57315661723437 8.319211950969018 2.376391610673125
800.0 10.111629 30.200568 9.431051643694042 9.219201057355523 2.4492333118943526
900.0 9.678481 30.441024 8.820287654230004 8.664896319755893 2.4709615016904576
1000.0 8.395623 26.830336 7.720555956262244 7.561020284785493 2.327455429575372
1100.0 8.447150 25.132319 7.880556477348289 7.7047115967492035 2.4228416316022003
1200.0 10.061268 29.481776 9.285855326623723 9.123042877764597 2.325769979409774
1300.0 9.234308 26.838766 8.673799392409178 8.55724434081637 2.522429964348093
1400.0 8.847712 26.427009 8.371425583723447 8.131019298810445 2.5918038763169426
1500.0 8.853779 25.030612 8.235384463373299 8.190176255292457 2.537099285503523
1600.0 7.557978 16.655342 7.328662438752633 7.198992217852717 2.545422176669353
1700.0 7.553998 21.079775 7.1960946074875825 7.100451092629596 2.389078775468813
1800.0 8.240451 26.115551 7.960177413400671 7.777924679075682 2.3486242953046874
1900.0 8.757584 22.755962 8.475490065635151 8.314476397986846 2.260367142310254
2000.0 9.612103 27.322464 9.251512768844 9.064775340522067 2.531826691343302
2100.0 8.919894 23.571014 8.55249236423732 8.440013194281978 2.318644318619665
2200.0 9.328011 26.245433 8.88265343375682 8.5740226548157 2.485791904469646
2300.0 9.667678 28.934357 8.818003248668795 8.739374025149633 2.4042037176741737
2400.0 10.420480 31.493172 9.699104669542978 9.548268995087478 2.5419383563163884
2500.0 9.696152 30.096588 8.834621483494947 8.549137266139766 2.2884748197995726
2600.0 9.663653 26.375085 9.264814277522941 8.980142323635944 2.31521290359352
2700.0 10.128624 28.960967 9.374788908236848 9.167115186112902 2.3163340305354065
2800.0 8.444087 26.748762 7.7459714795427015 7.650608827113333 2.333012844974319
2900.0 7.632287 23.226956 6.975394308841709 6.891011453419396 2.3463866704670706
3000.0 6.841605 22.338754 6.200493175866785 6.096935137658116 2.3828453343419596
3100.0 8.033623 19.802743 7.874061825312842 7.656705825708909 2.4035235256775462
3200.0 8.937657 25.907387 8.543374270109876 8.41554147608596 2.2376710613946984
3300.0 7.127441 20.017614 6.817435509297052 6.546085647734593 2.3547347421777878
3400.0 6.232669 14.420766 6.290710946791636 5.99000603322285 2.470436715449834
3500.0 6.595597 21.264102 6.097134290755175 5.986482736720007 2.437374997608581
3600.0 8.655570 23.008867 8.286406901754894 8.19457912892089 2.287133397870941
3700.0 7.776977 22.929996 7.277847880063786 7.2297333648591495 2.3291257376700423
3800.0 7.838148 23.505935 7.4835962696924625 7.32260753538035 2.2695135740490566
3900.0 8.927478 26.726111 8.543727470685095 8.305454228752046 2.5190633747776645
4000.0 6.956172 20.813617 6.488493420739711 6.3523982447918215 2.3275818039984895
4100.0 8.919624 26.933231 8.528865685515964 8.300380463285784 2.3588419133692247
4200.0 10.506965 29.583177 9.674760326800868 9.591632251276508 2.400077136170814
4300.0 8.643880 24.298289 7.88420727200875 7.692649519613617 2.4385978992122412
4400.0 9.393496 28.486000 8.760024989017252 8.675218727287366 2.3450963422858244
4500.0 9.259274 25.820314 8.768516194951028 8.566590141202633 2.5728806203535393
4600.0 9.502824 28.710998 8.811643850100264 8.616806745910191 2.224224628715742
4700.0 7.926671 19.281098 7.715938872365648 7.509370478674587 2.4935348879468
4800.0 8.682439 23.174061 8.470234297844359 8.30140513431272 2.5827016679506887
4900.0 8.573724 25.563555 8.295333098078784 8.104225726481479 2.399087894407873
5000.0 10.652430 28.981590 9.867604778352222 9.688189046093099 2.4234209080820897
5100.0 10.155349 31.923755 9.49931650651174 9.217049169166856 2.367664774734363
5200.0 9.837503 29.921750 9.234968335832885 9.092038269630386 2.6372314354286455
5300.0 9.417069 26.116991 8.724984650228159 8.634030373745121 2.5331276165010346
5400.0 8.596483 24.316539 8.352595295889712 8.127899616555725 2.531049233399079
5500.0 9.064429 24.194406 8.594123573964145 8.378821355254106 2.554313051237424
5600.0 8.165345 22.084847 7.955557988176524 7.7799946610987885 2.48136410463293
5700.0 8.453244 23.170854 8.035889499291775 7.8979053440052285 2.584129106655252
5800.0 8.234882 20.912646 8.071736035228323 7.848473453392244 2.43495651177364
5900.0 8.498812 26.002198 8.194392977895857 8.024610998267603 2.3360685579472045
6000.0 8.233253 16.025476 8.262483292154077 7.957868922281311 2.4278884333050126
6100.0 7.215919 23.855453 7.030511759389531 6.877009069399575 2.36110495676448
6200.0 7.536441 23.163367 7.370464170517149 7.13528151107844 2.343307321582133
6300.0 8.308713 26.547729 7.676784275232858 7.554406701000803 2.4741402064459845
6400.0 8.318885 22.917023 7.760937292807687 7.672624593207875 2.3750957894026916
6500.0 9.718245 23.674932 9.149950379378732 9.089657401266422 2.4216373275053056
6600.0 8.434353 25.734713 7.899530651887362 7.891867190120931 2.2062345445129963
6700.0 8.326739 23.163529 7.894141068808112 7.732006342739197 2.1815011805710243
6800.0 7.622104 16.339849 7.685994042915028 7.468109503997239 2.5724186647516625
6900.0 7.304300 17.677479 7.0909096210051015 6.930450152826593 2.446087966992663
7000.0 8.873589 22.579172 8.471172191439088 8.43824527721229 2.3766519840200124
7100.0 8.431838 20.357316 7.949193314741351 7.828917728126784 2.3869391534563094
7200.0 9.211725 27.791311 8.330807304557602 8.256220289967308 2.445797775385868
7300.0 8.328180 26.041595 7.501033959629568 7.4185061864798 2.283044535827188
7400.0 9.080216 29.093855 8.301141475793386 8.14045983048349 2.415024672129971
7500.0 8.363303 22.650622 8.033321307279953 7.908038323610691 2.46326396202999
7600.0 9.818193 30.624312 9.176940155937388 8.919970422677318 2.535119115863247
7700.0 11.133166 34.089314 10.384285833905723 10.179823286496338 2.2625571689206394
7800.0 9.244438 26.296040 8.667811228485402 8.497285481190096 2.4349882803837475
7900.0 9.135358 29.645995 8.413741924144583 8.266894951597228 2.4380422297693984
8000.0 10.463344 32.524699 9.395948394038054 9.236934639709611 2.5118066480357957
8100.0 9.796157 28.513816 9.04306519211387 8.883940932537518 2.387288248300762
8200.0 9.014091 28.709811 8.424594828952971 8.239388553880584 2.232962899280255
8300.0 8.824677 23.619213 8.27934481846179 8.185472245134104 2.468177034813555
8400.0 8.898732 26.041866 8.212561152909354 8.088041617049438 2.4543217922144955
8500.0 9.047454 26.052525 8.383490398614759 8.238168458185756 2.3819538590717717
8600.0 9.325161 29.488013 8.404009408349843 8.25895271438964 2.379645111536029
8700.0 9.188848 23.326845 8.565769281632292 8.440559770367923 2.4643440918452293
8800.0 9.137417 31.172371 8.137540709611603 8.015318529800593 2.379292656990561
8900.0 10.341992 31.726055 9.75336606709134 9.46048789461549 2.262799907647387
9000.0 9.022987 27.704702 8.505888951135072 8.338139701220902 2.4985183295560622
9100.0 10.373214 29.554262 9.30999731912458 9.270491964502801 2.369040930350455
9200.0 10.544942 33.116769 9.590684914537395 9.421035525687135 2.3300264520086724
9300.0 10.550076 32.319707 9.64542971541281 9.428943889185108 2.5112118685848004
9400.0 9.435834 32.380022 8.371631978510893 8.284356360562382 2.3103588617653035
9500.0 9.151135 29.027385 8.369128596989109 8.183061204050333 2.3711357214957207
9600.0 10.435811 32.493033 9.680367717465067 9.416737084443938 2.33259011284115
9700.0 8.544514 23.751697 8.304025601601627 8.152901468426242 2.315507203509196
9800.0 7.959483 25.103973 7.435808245672073 7.291398134288422 2.540153181838364
9900.0 7.323786 23.766235 6.683715765872328 6.485345521056877 2.30412912183295
10000.0 9.709143 31.628592 8.817921677915157 8.635924863114465 2.5261303738209033
10100.0 9.965671 32.595300 8.926121233092296 8.812589957436506 2.3477111241507522
10200.0 7.691358 24.974178 7.242897343164278 7.079106215934695 2.340198915760959
10300.0 6.377048 19.659910 6.278671212128703 6.052069245516453 2.4006083393628317
10400.0 8.582668 20.865398 8.153956236090858 8.008349044996034 2.5592969111730546
10500.0 8.617780 25.162084 8.129581191072765 8.028742201738519 2.388603921159604
10600.0 9.051902 24.836419 8.467976017098795 8.39881052385269 2.2738448787212695
10700.0 9.664988 27.681126 8.888926708916651 8.666714905583484 2.4335919087099636
10800.0 8.554758 23.172805 7.929294762710251 7.834378056051358 2.4355523833395356
10900.0 9.619071 31.664481 8.737541623434026 8.548146711090642 2.3812082804175976
11000.0 9.703001 27.785179 9.19493503967272 8.99483190031524 2.335797505403464
11100.0 8.113824 24.901221 7.755341453432031 7.53615268935629 2.2322891173316166
11200.0 8.004343 25.987330 7.449887389768402 7.308427386811514 2.581783927312517
11300.0 9.984119 29.147756 9.297930422614293 9.18508715897052 2.42233918723362
11400.0 9.826875 27.904661 8.946186149597104 8.879318339787678 2.3193700343841015
11500.0 7.838071 25.106370 7.274853797243043 7.039307945374314 2.5357755181833346
11600.0 8.659131 25.992268 8.12461672991049 7.954445309831909 2.2164007613224546
11700.0 8.744341 23.901292 8.1300571753217 8.008523922943358 2.4395344489393267
11800.0 9.021985 29.255030 8.313674853289779 8.012791701721435 2.3358895038738123
11900.0 8.754160 24.755809 8.065245175769487 7.929838280432057 2.305182199431261
12000.0 8.421988 27.113350 8.056126743748537 7.733784071739475 2.3599315394528557
12100.0 8.035419 25.083333 7.435708508585958 7.316527577980633 2.35418819962347
12200.0 9.031262 28.776618 8.491473676070427 8.3606293809198 2.438206953772892
12300.0 9.205144 30.069039 8.276796273055123 8.188844553606668 2.3824899973914557
12400.0 8.301231 23.447052 7.563296483779473 7.505689384782803 2.310868590408909
12500.0 8.294263 27.078063 7.75844442475983 7.44403818613031 2.3594649719563052
12600.0 7.987334 20.097756 7.43004009376561 7.434712586454393 2.467761923717
12700.0 8.662385 27.028651 8.130272939971874 7.981844516457873 2.411352141447261
12800.0 8.383816 24.972317 7.763182582608904 7.543615036686301 2.482739409199849
12900.0 8.623183 25.966486 8.116772169654558 7.978646590844485 2.5199784618835857
13000.0 9.450345 28.870256 8.896656122689112 8.737260221436417 2.216461944455278
13100.0 9.550221 29.044866 8.921025152048603 8.767290651125194 2.380667001847812
13200.0 9.006569 27.660000 8.198638340427665 8.139853277124978 2.407309945069363
13300.0 8.735973 30.162359 7.89409491252356 7.717320672133866 2.373984696711251
13400.0 8.706960 26.283593 7.9476917864997985 7.825796127807418 2.348538824762664
13500.0 9.162392 27.211927 8.512748268537063 8.409471315039985 2.4331623047596054
13600.0 8.728793 27.029118 8.121060104159438 8.012788618678258 2.40745446948303
13700.0 8.576162 23.677414 7.9092695969845135 7.798201888549174 2.5236770467911858
13800.0 9.324143 29.143823 8.634895447305409 8.441029176552446 2.409904513257022
13900.0 9.673980 30.613750 8.942850848469163 8.858989164807825 2.2299776034032455
14000.0 9.857263 29.741870 8.949686460206626 8.799256898474804 2.320954037415456
14100.0 9.022366 30.181669 8.344118729897938 8.173841837176143 2.290926869242836
14200.0 9.698050 29.663083 8.895718132876254 8.814152415988243 2.497790263585206
14300.0 9.203316 30.204933 8.387859467182219 8.16691820687427 2.379368328184002
14400.0 9.599796 28.774902 8.897021431227879 8.72547423437728 2.3735138850277293
14500.0 8.522960 16.763567 8.046641852015691 7.9687956432002816 2.4022977879430276
14600.0 9.159750 27.171980 8.88603133094617 8.621994128774752 2.3398300277591186
14700.0 8.269707 26.531078 7.671440616387392 7.529515672841878 2.324120354838796
14800.0 8.702183 24.114373 8.042378254311608 7.969933946161862 2.423188307008118
14900.0 8.932306 26.901974 8.326791625387203 8.094602475368262 2.445701077908052
15000.0 8.332209 24.475599 7.7232296594340335 7.602309329149166 2.3472520031725677
15100.0 10.397928 31.767264 9.523425926339813 9.333469084795446 2.456062581815226
15200.0 10.692319 33.970592 9.888200900623374 9.638855243423858 2.406379080667306
15300.0 8.896359 28.387563 8.46266753697278 8.268427448208104 2.1945637372106774
15400.0 9.707127 30.990893 8.848296211187355 8.616076828692806 2.4505746749317736
15500.0 8.914411 28.734623 8.259714920719073 8.10752361034636 2.3201402321291393
15600.0 9.708452 30.059356 8.862916685542611 8.698235961563709 2.446358082290498
15700.0 10.232591 31.918923 9.467676863625115 9.165181243426716 2.4151049298940728
15800.0 10.593066 32.519815 9.839881874464215 9.686309869900331 2.3057753089275304
15900.0 9.822221 28.117747 8.978639184707692 8.792484897609985 2.47885730664044
16000.0 8.840437 25.876105 8.279177966017432 8.140540417944191 2.441521193405867
16100.0 10.508126 34.024708 9.703552693878096 9.501136928248169 2.431073121561314
16200.0 10.538417 32.259517 9.774008162447824 9.601190774336162 2.419564601293569
16300.0 9.789341 27.841984 9.322788411620236 8.99244208291185 2.351818211731082
16400.0 8.672505 23.278896 7.9950174741363105 7.825227580914542 2.320258222369032
16500.0 7.808010 26.032732 7.437100719957735 7.190736018740739 2.505521397438687
16600.0 8.379183 27.189907 7.686340719076164 7.433129047166244 2.5384611984473744
16700.0 8.651713 28.180368 7.991614144568273 7.8794619336843965 2.2700849824736724
16800.0 9.560013 27.620834 8.78480618726971 8.718092960628264 2.460867877009335
16900.0 8.350269 27.967374 7.662252348148611 7.4826260448223865 2.391645047829736
17000.0 7.891612 24.170470 7.3118138884366095 7.231173200611239 2.2668269530559266
17100.0 7.779132 21.130923 7.256563521731931 7.191736830140053 2.386923722066349
17200.0 8.794469 24.112804 8.300302637182309 8.164911208690794 2.392913361756957
17300.0 8.519879 24.588628 7.90625734174738 7.801246222256589 2.518193529021382
17400.0 8.084099 23.461746 7.385693697848785 7.378933217656878 2.2128500018677237
17500.0 8.629467 25.860712 8.254021470602911 8.125356119107035 2.4320616351189805
17600.0 7.646429 21.696627 7.313362686424544 7.088425591325406 2.383318302828724
17700.0 6.920383 19.824769 6.511264539341557 6.410188325034387 2.307000224123142
17800.0 7.333785 15.945862 7.0513092113424 7.00153692999386 2.4323283894759533
17900.0 6.692284 18.598216 6.571730096305511 6.404988412658591 2.4582443529658824
18000.0 8.046250 20.199121 7.697421771020323 7.6014507461529055 2.3876802755984974
18100.0 6.582909 16.884058 6.3888838354962525 6.297923723262249 2.50259768273961
18200.0 7.556718 21.503748 7.254363068236728 7.112688131370681 2.351842164491192
18300.0 6.752848 18.505004 6.413176817453942 6.361818033705457 2.3135702384419146
18400.0 6.702206 13.592391 6.566180903111096 6.4551398661695885 2.4069511198523283
18500.0 6.900609 17.752910 6.704992282795243 6.593336609529418 2.4512585512021667
18600.0 7.349520 15.857443 7.0474303415048345 7.058488598250527 2.223190827402102
18700.0 7.176446 17.051744 6.984449130413524 6.862978883408473 2.3456584332285915
18800.0 8.034821 18.628606 7.749204331680938 7.573089300871784 2.3470138087632333
18900.0 6.889937 17.980352 6.847740906956713 6.657639001577051 2.513426010802939
19000.0 8.594996 22.344711 8.27431077880818 8.001659605349392 2.1197726797635794
19100.0 9.019008 24.405268 8.561306737822218 8.46018589656728 2.4578192186914776
19200.0 7.355218 23.713416 6.866368037169387 6.717660235618909 2.395956177375404
19300.0 7.606981 24.434567 7.223896712285491 7.075137937049924 2.397126437556491
19400.0 7.163888 16.694331 6.685891705114597 6.5325759994341155 2.361791027038612
19500.0 7.543388 20.357791 7.2247192897847645 7.010905026375906 2.185510825858369
19600.0 8.326812 24.917170 7.390901758648408 7.288596510513303 2.371102524792888
19700.0 9.046867 24.645298 8.710030592562838 8.550519535691235 2.4536609143722754
19800.0 8.544416 24.662582 8.101465873446788 7.972444255997216 2.472045995546656
19900.0 8.425691 22.921160 7.9510602738582365 7.83219198343358 2.3827200464272855
20000.0 9.035384 28.122212 8.294360433899303 8.154376066868316 2.241287997402763
20100.0 7.451713 26.106421 6.8914016719758955 6.7523849767238255 2.357049670809541
20200.0 8.621225 24.493286 8.168682571565697 7.981819286350484 2.450680576344109
20300.0 7.424766 20.138635 7.108089590782198 6.951165678990547 2.5425922733803437
20400.0 6.534213 18.070038 6.58923189997552 6.309585588903121 2.376106486160374
20500.0 7.308878 19.940146 6.957067994484794 6.7491665674162755 2.3558519499533004
20600.0 7.939667 23.466513 7.498152687446618 7.310156219028674 2.4226241835040274
20700.0 8.573068 24.884922 8.039669028204878 7.96649514056039 2.3637261929848945
20800.0 8.569129 26.835962 7.919317819220416 7.762123746877963 2.455133628041308
20900.0 8.012619 22.070579 7.586244467920302 7.503132456721646 2.4756289481562543
21000.0 10.113248 33.079695 9.52652632510697 9.321985617951565 2.521245546032753
21100.0 9.396799 28.450859 9.090794725909285 8.844046139977781 2.426367733791982
21200.0 8.571665 26.508529 8.29673762664152 8.068409733188727 2.4375305313214866
21300.0 9.693160 26.996294 9.098381803746834 8.886018692810143 2.433003631566155
21400.0 9.795234 28.479427 8.883536739981306 8.792697950456406 2.462945311522895
21500.0 9.076086 24.390241 8.739867711535716 8.60366817832191 2.4308044744005985
21600.0 9.353927 27.458228 8.824094715491551 8.76566638189418 2.3758974170043556
21700.0 7.687840 20.229992 7.439893209045865 7.257440059201727 2.3765250010884853
21800.0 7.648160 21.105871 7.255787546345929 7.064292464505646 2.5030174747912204
21900.0 9.179741 29.805521 8.388798904092054 8.237674581834659 2.42019844860222
22000.0 8.600297 23.416744 8.073667539233892 7.864732814163283 2.4459185069348557
22100.0 8.706808 22.547706 8.593150459706418 8.366901684080498 2.496169146836815
22200.0 10.020692 29.755018 9.571498243084474 9.326001785240965 2.4551127457894166
22300.0 9.153920 23.934943 8.846288796613415 8.610103035853765 2.353618769354321
22400.0 8.680803 22.716866 8.141998148570059 8.031248897498532 2.3014878113667403
22500.0 8.931626 29.439755 8.068752570024722 7.925082953346126 2.3832872122249458
22600.0 7.666266 25.497277 7.176728959911003 6.944424540496427 2.509015307410725
22700.0 9.467491 29.320111 9.112024327621109 8.915349562956877 2.531108099658877
22800.0 9.393567 26.916997 8.724922030233861 8.610252364934743 2.23890116792988
22900.0 8.567179 26.430107 7.941106978207508 7.76184722902491 2.4761379326321538
23000.0 8.847825 25.750237 8.312613986629215 8.166144542852383 2.443428971271791
23100.0 11.117262 35.695458 10.432067292882044 10.1694666606651 2.2944745189830833
23200.0 8.211269 23.776884 7.618615095064648 7.506221433289273 2.3463617292222616
23300.0 7.035499 22.637702 6.852691076883191 6.55216655144446 2.5973135883878546
23400.0 7.546858 18.619356 7.4256911656298925 7.296080914410622 2.306678859807921
23500.0 8.256780 22.850661 7.988865337368192 7.815250118302685 2.3203376213792812
23600.0 9.146570 28.329084 8.586896951169052 8.330860037796057 2.372605458104532
23700.0 8.701405 24.421157 8.369143992027006 8.08351243938782 2.541389485197885
23800.0 7.830407 23.416044 7.526320636932792 7.345154187846643 2.3715527805238596
23900.0 9.553841 23.785707 9.004054886406028 8.922337696184057 2.4135312907042414
24000.0 8.797957 25.292276 8.29388141800751 8.145550474618213 2.3879300786017716
24100.0 7.900239 21.736496 7.602546380236296 7.502945000071073 2.338712925748613
24200.0 6.874372 18.823477 6.779530793388544 6.516747778358849 2.3215938223036234
24300.0 9.098899 24.182439 9.002794792645089 8.741020725494767 2.3079391252104244
24400.0 7.292960 17.047425 6.86499356043718 6.914425736221186 2.435623767452807
24500.0 7.602406 18.047383 7.332494221856221 7.229364462862039 2.317702182891912
24600.0 7.523271 22.376965 7.28139715863278 7.11129133416443 2.4914758185391235
24700.0 6.846744 13.843508 6.683330554863592 6.636917060252399 2.519946934393547
24800.0 8.007370 22.514425 7.680857226883747 7.567414151934082 2.2799083507292957
24900.0 9.849461 29.736747 9.217636222262644 9.015516324322522 2.385889050558863
25000.0 9.710711 28.230261 9.057011986301887 8.843978022155097 2.348582240121458
25100.0 8.644243 28.867150 7.89320559567934 7.7181032587868215 2.497607572454795
25200.0 9.400267 27.210272 8.704222051566745 8.682412607681412 2.3388159429362103
25300.0 9.545309 24.448880 8.749210320508134 8.573740779410253 2.512988497417831
25400.0 9.781026 28.289747 9.145858303036908 9.049704472908878 2.316938105081712
25500.0 7.603172 21.789291 7.273183398585308 7.055906133213252 2.3505559771388143
25600.0 9.737180 25.372774 9.043932535831214 8.931280373026421 2.435228825878506
25700.0 8.359752 26.685665 8.013083155106706 7.882234565848401 2.3722214868380296
25800.0 9.640671 27.299511 8.860325849093602 8.777983374848203 2.4946451870787905
25900.0 8.084491 19.937510 7.7105255893541695 7.531641732275475 2.205465209676412
26000.0 9.033988 24.598374 8.483697917240866 8.322496995298582 2.4241835282520783
26100.0 8.528222 22.573075 8.126632562100259 7.9262733399234655 2.463590801407437
26200.0 6.887750 21.404925 6.697547262868319 6.4922036339999405 2.3279703557138505
26300.0 8.471564 27.007601 7.967182121566955 7.732799281593174 2.3995415112729424
26400.0 9.764583 29.368303 9.294844210816992 9.064718866217676 2.3911946630982794
26500.0 10.366781 32.461991 9.839824172086281 9.568371860610046 2.3487805876903907
26600.0 8.553536 28.153239 8.151974790244948 7.934800795576234 2.4984058486045186
26700.0 9.840212 32.571307 8.779596824257247 8.702788912123596 2.4026654641315126
26800.0 9.692430 26.956316 8.951929432664073 8.786499341828526 2.4145377051812167
26900.0 10.466276 27.743546 9.61640535576571 9.548226531643218 2.299685922818287
27000.0 9.205171 25.601847 8.626173969462778 8.495690490172018 2.5069172371447355
27100.0 9.414604 28.194580 8.65381614931784 8.575119970219662 2.4207871346417655
27200.0 8.038278 23.549170 7.37872301816707 7.246965183180742 2.3509617508864697
27300.0 7.791721 25.922197 7.122752161723716 7.035811463033673 2.4682142577326687
27400.0 8.843677 23.762658 8.130533075254466 8.0106629263271 2.2394603634546533
27500.0 8.522838 21.552049 7.90562914512624 7.806011231963119 2.4730280746067344
27600.0 8.490448 23.389537 8.115948257115637 7.927385861185189 2.4822726264504666
27700.0 7.511312 23.294827 7.282442772788157 7.030735798449613 2.598167931894977
27800.0 8.078447 20.719139 7.533419816321221 7.50250617976936 2.32581553827658
27900.0 9.302637 27.598404 8.727264943541568 8.608897316270177 2.5049378442032837
28000.0 9.753216 29.725343 8.894363473554899 8.769586370111499 2.419057149511404
28100.0 8.229931 26.631735 7.399931388953071 7.313099808577732 2.3913792064204196
28200.0 9.170823 27.114967 8.448902152088264 8.333999132871964 2.4074331198908347
28300.0 8.911172 26.554196 8.190475536648929 8.099691799721029 2.5264758469444852
28400.0 9.698390 28.501339 9.04557411105699 8.891078528360856 2.406869721192339
28500.0 8.727500 24.897413 8.279731972640189 8.05994695421548 2.494271867340041
28600.0 10.044526 33.402554 9.31162380044446 9.141523621805112 2.3099746641346504
28700.0 9.069112 27.792015 8.34608935225184 8.1494202388768 2.5050634273664363
28800.0 9.338611 31.766248 8.53499387699149 8.42748100309501 2.5400788853860368
28900.0 9.485121 27.386613 8.790017269407516 8.691876341928815 2.5176733039162946
29000.0 9.042332 27.831646 8.526326698819487 8.320652378617048 2.36401034017025
29100.0 9.307508 30.995291 8.759287657219314 8.537828564929677 2.389914377575154
29200.0 9.286206 28.289574 9.05082421779981 8.816350816799922 2.347490092146571
29300.0 8.822052 28.848292 8.308355604620708 8.126642204391054 2.319826816984988
29400.0 8.935800 26.721757 8.416576798900252 8.21383609357134 2.470615022331636
29500.0 8.838016 26.504064 8.24060478060694 8.053883600133796 2.3129505359248936
29600.0 8.667301 27.576935 7.9704068317973435 7.805116278096968 2.403333350754792
29700.0 8.094653 24.809221 7.604759792590999 7.432607733320324 2.3578803199781424
29800.0 9.361384 28.742952 8.300458781678453 8.251255608167403 2.2999531380240437
29900.0 7.416555 16.213668 7.057269657495784 6.9705272939733876 2.227352643639312
30000.0 8.569141 26.548921 7.798539294668463 7.609351305455847 2.412042260639478
30100.0 8.529938 27.536605 7.978283040969919 7.902349251198626 2.3309090768719964
30200.0 10.525970 33.299365 9.727954203725076 9.53069877168218 2.4254498700523124
30300.0 9.492443 29.415920 9.014329412300087 8.79890094268772 2.5112538660922885
30400.0 10.081891 32.088925 9.402050896417018 9.202250409845846 2.3737639148115357
30500.0 7.990254 23.512759 7.659291847839055 7.427302873048836 2.4041090976768453
30600.0 9.785575 29.153294 9.146931862397345 8.888817669802801 2.3777199876015866
30700.0 9.632251 25.247126 9.306657514303465 9.009853779665265 2.299123107343426
30800.0 9.380408 28.075831 8.586920871007145 8.517308972048527 2.4114749436807856
30900.0 8.988936 27.960921 8.248804312263523 8.120534748696754 2.517580951147911
31000.0 10.182408 34.231241 9.091535542062132 8.915674204414932 2.3117444874756674
31100.0 8.728809 27.196724 8.010929262870059 7.848248353045133 2.369522209929267
31200.0 10.765712 27.519004 9.975995290039714 9.781679399432141 2.364625780447251
31300.0 9.295466 28.730630 8.721559084574254 8.512847461866851 2.416295518690588
31400.0 8.468759 22.373691 7.980023365848165 7.832873692571091 2.465118908212528
31500.0 7.987973 21.336798 7.504731203918441 7.276962482479396 2.3607593345259312
31600.0 8.110698 22.552084 7.458611626275901 7.363220691266491 2.467438071477626
31700.0 9.339658 27.833113 8.858702085071208 8.656494707138961 2.131295127734729
31800.0 8.931494 25.121154 8.429661153266716 8.2461361272002 2.348216160515407
31900.0 8.185212 25.104633 7.587131372627001 7.3270767524177245 2.474108498953249
32000.0 10.231935 31.951433 9.587386648608874 9.326419639776622 2.37776208883457
32100.0 9.593867 30.661419 8.573697545636904 8.45464535572807 2.4709966936980736
32200.0 9.757211 32.802684 8.6954598537023 8.520932994199041 2.4948097756250545
32300.0 9.070005 28.179936 8.507254478034776 8.35416852019604 2.3366845139056154
32400.0 8.618282 23.215333 8.207305323389898 8.001786094801414 2.4017059953524242
32500.0 8.694657 28.037618 8.286361397284558 8.161915083521054 2.354692310672381
32600.0 9.132298 25.631603 8.474282658898506 8.339323657290088 2.4768105241579166
32700.0 9.576215 28.008460 8.855635969000586 8.733260868831833 2.304115830612027
32800.0 10.400967 33.553083 9.484118859266356 9.259167435968877 2.463972793956481
32900.0 10.513064 30.059157 9.623961727446433 9.55192390500437 2.3617847387099435
33000.0 11.267964 32.875443 10.44768712026538 10.305641811631217 2.370479070850295
33100.0 10.281530 31.156352 9.518955915108732 9.306210954540386 2.422003785590229
33200.0 10.009374 28.193540 8.946135899623016 8.902102297068822 2.408991542540839
33300.0 10.135896 30.564151 9.437177930544413 9.25859014278827 2.4442746120496364
33400.0 9.671380 32.357536 8.870483026651334 8.68661510528615 2.41196775955641
33500.0 9.828845 29.384712 8.845245189408072 8.787512533425417 2.5588051020336198
33600.0 8.521369 27.275473 8.089646006721944 7.89575052528571 2.371847582144262
33700.0 8.138454 20.368265 7.563993899780161 7.427459945650342 2.494939719068616
33800.0 9.470258 26.075731 8.833304741229341 8.647486274654089 2.336067385255469
33900.0 9.008439 28.577642 8.388444021586833 8.171868053916237 2.553199517577546
34000.0 9.714818 26.863179 9.031135491836366 8.92146833875616 2.4862921190858147
34100.0 9.324470 28.806385 8.678781805950583 8.587691962009956 2.382901353593432
34200.0 8.705686 27.671234 8.253499350352232 7.904913682493077 2.405812270631271
34300.0 8.573408 22.797160 8.251966819862242 8.043799528071247 2.3818570094544222
34400.0 9.534004 28.870068 8.823581779744739 8.676433640182356 2.255999719337063
34500.0 8.449524 25.416947 7.727407936464756 7.6298891126221084 2.3928788577615556
34600.0 9.225311 27.762475 8.696972338871383 8.581562144079829 2.3079054196231077
34700.0 8.153587 26.330893 7.757627978720466 7.58766677405666 2.301945359825725
34800.0 7.893672 21.574522 7.612342759619901 7.401702976466516 2.4353564413444717
34900.0 8.384196 23.670001 7.918971643781493 7.681995676766406 2.4766652093408092
35000.0 9.223066 23.451713 8.54793323165257 8.566260400296695 2.376485361103131
35100.0 8.118057 25.055753 7.742593038868543 7.656872819676661 2.379020582032912
35200.0 8.246389 21.629920 7.569341248368667 7.469673962895571 2.4609590899680813
35300.0 8.668641 27.190691 8.112566468173657 7.884854956069409 2.560979646185204
35400.0 8.656351 27.756011 8.201713236197751 7.920577259015192 2.3220349140192362
35500.0 9.259267 25.006184 8.732728968869784 8.631335176498922 2.462899748685549
35600.0 9.846368 28.739630 9.225583133569083 9.0440442810614 2.655207878914348
35700.0 9.160647 29.646666 8.411754350995206 8.31143095108961 2.3068100996305025
35800.0 9.384215 28.079177 8.582662224671681 8.542872264275362 2.2994716966977133
35900.0 10.579884 33.837047 9.74355036208878 9.536886175265725 2.415254141979222
36000.0 9.182806 24.162415 8.610880692996558 8.39577731232547 2.385852554334443
36100.0 8.495276 25.761349 7.994427879704312 7.972161831950063 2.4688251175089277
36200.0 10.138606 32.667869 9.39509100828661 9.16998703175345 2.3059290972774007
36300.0 9.104326 29.904054 8.18880832795992 8.072973514773896 2.3147401072637064
36400.0 8.603070 24.905089 8.056908590036986 7.880089490166755 2.3580390241264384
36500.0 9.526158 25.608113 8.794243171862165 8.697418395283725 2.3863666278471936
36600.0 9.292165 24.992476 8.82832685952379 8.706205296710204 2.2618517053035863
36700.0 9.067355 27.008099 8.488184257656282 8.306717213558054 2.125742546677942
36800.0 10.978597 33.418540 9.706092913323586 9.670303177903174 2.347182887168694
36900.0 11.249528 34.853493 10.229811713872325 10.072384900940381 2.351096912077398
37000.0 9.202560 28.984295 8.881028072451988 8.674377512597246 2.35261273638653
37100.0 8.706377 24.312568 8.140604574879228 8.056940418831898 2.455335140472779
37200.0 8.848132 30.458602 8.320520419347341 8.123037065347381 2.486398223134293
37300.0 7.632487 21.660761 7.177211550036357 7.0916756274808685 2.4541616552386447
37400.0 8.940477 24.046185 8.344357558174341 8.151721090920562 2.5175762293704715
37500.0 7.251139 17.120124 6.7554229535144135 6.688928736860533 2.3686178775872406
37600.0 7.291705 18.685018 6.80604339801334 6.726948834546726 2.4379176887980125
37700.0 8.133648 15.361130 7.795826160775182 7.745018330886433 2.454011141550258
37800.0 7.497074 19.297147 7.031487495610054 6.823233983345756 2.2769208150031703
37900.0 9.643479 28.441459 8.979571923312855 8.802061950437176 2.215879989357843
38000.0 10.780046 29.528338 9.884762459810913 9.749317547714883 2.4279927578544602
38100.0 10.027694 31.252881 9.216193067117075 9.071641042911182 2.1981358469121224
38200.0 9.342380 27.782644 8.876741743656888 8.694519138342873 2.3307327884353928
38300.0 8.619668 21.480718 8.185294211799885 8.061413914984737 2.3845894656164144
38400.0 8.433945 21.516972 8.100872622558212 8.11253986593776 2.307393324212085
38500.0 7.379165 16.876661 7.09058394664952 6.9025059964220725 2.4462511527390665
38600.0 8.319290 22.967286 7.852270195665425 7.6450597253662185 2.5401635722279896
38700.0 8.008757 20.907738 8.0065641550086 7.774351369817574 2.607222778600346
38800.0 8.035803 24.945237 7.7168448235672855 7.523318148040479 2.3962542645508598
38900.0 8.291615 17.844780 8.070560157741228 7.92600801164063 2.4474884634674683
39000.0 8.387009 22.641512 8.17453400114938 7.969152039305254 2.494750000500559
39100.0 8.851087 25.001989 8.44455487324701 8.262032552294642 2.4891274610558822
39200.0 8.389867 23.793730 7.722148553036908 7.6468366906458645 2.2616208302088547
39300.0 9.219375 24.809195 8.810878298761319 8.773102214020826 2.499064506681261
39400.0 8.920590 27.546206 8.246733111746234 8.041617999685405 2.4550210060528532
39500.0 9.474436 30.437388 8.831363330109378 8.712435782928893 2.5373769046239882
39600.0 10.048115 30.817501 9.262732536657552 9.042193793851052 2.4503142308365633
39700.0 8.934905 28.318016 8.181654106014959 8.062150326028556 2.2722977074666546
39800.0 10.465907 33.275310 9.602129939947512 9.480670344377367 2.3744541489695434
39900.0 10.492184 29.682287 9.718668300418988 9.511059867611472 2.506901260411853
40000.0 8.869889 26.881595 8.186336533897675 8.093338483530342 2.3918918986524798
40100.0 9.385303 27.190543 8.85753013618245 8.691991626503606 2.5068879450886077
40200.0 9.433677 24.660478 8.83995620378495 8.726031296259661 2.424559229230807
40300.0 9.897503 30.371642 9.172070373204418 9.036506630182021 2.554279871960541
40400.0 10.029372 31.568382 9.192440464653835 9.148530532609794 2.302250284419825
40500.0 8.963375 26.495401 8.338847604471457 8.184457936887494 2.364877139315507
40600.0 9.051382 28.344688 8.114313207592232 8.10098325542536 2.3126748658977925
40700.0 9.736099 26.828366 9.193801704033925 9.05560772595185 2.3472181497630107
40800.0 10.837334 32.580387 10.08669970470564 9.817619364486344 2.3154401877167734
40900.0 9.965565 29.637150 9.389085644440357 9.224679668045695 2.520422409560572
41000.0 8.854064 27.235875 8.198184010755014 8.087770581879804 2.6219092010221305
41100.0 8.783150 24.516646 8.350590952307268 8.146213228412778 2.412308283162781
41200.0 8.344697 27.072798 8.053661058401344 7.799811416716204 2.2989925949215655
41300.0 6.945525 23.275048 6.621149768280205 6.454594055989311 2.3419280785782415
41400.0 7.004967 15.771889 6.807860484887775 6.720888924068283 2.3973490230298493
41500.0 7.100301 16.495510 6.906702710296583 6.739466887034637 2.4300793011154096
41600.0 7.732796 18.064207 7.774335431224958 7.5241922256704274 2.2777224429758323
41700.0 6.225073 13.871974 6.156029611582985 6.019297226379784 2.578558711202478
41800.0 6.626553 18.082983 6.402896434651048 6.246333237898646 2.3266218892655326
41900.0 7.308226 20.405909 7.205881304244693 6.932861490007461 2.4598360429781003
42000.0 7.708045 23.346446 7.312176674502322 7.265083531943876 2.4005923756815495
42100.0 6.714499 17.055120 6.359257447427729 6.2640089837983695 2.4221100582826676
42200.0 6.280703 14.213335 6.095599468716147 6.033466810207727 2.1165255508106555
42300.0 6.254504 12.464640 6.319311916453961 6.131853960109466 2.3502843579968973
42400.0 6.356503 15.049279 6.307600431918915 6.184257392094014 2.4341458085621612
42500.0 7.082058 11.902202 7.12271631740976 6.95189303219335 2.3874246420667924
42600.0 7.368847 19.344953 6.97659084038724 6.956826379631686 2.311350382283808
42700.0 7.259844 17.240374 7.0030491389909475 6.92990339280407 2.5266888133012073
42800.0 6.752560 22.365742 6.5147420821284 6.342066331811823 2.2845613885519382
42900.0 8.235744 24.137150 7.703259972876257 7.568107852711935 2.2818994107141446
43000.0 8.388410 20.968937 8.340194328587405 8.06864401610555 2.500057054483595
43100.0 7.226623 21.021710 6.86455837221711 6.7613922298805775 2.2734349081035266
43200.0 7.769923 23.699632 7.467599636322704 7.223982223510117 2.4808623112571393
43300.0 7.690608 22.922658 7.137822179194935 6.9692486695998825 2.301212918056058
43400.0 9.351210 30.713070 8.862415838127307 8.53487687765136 2.425572153700476
43500.0 8.995317 26.748371 8.409178895429761 8.234145351602367 2.4329842627539517
43600.0 8.953859 20.693032 8.74915585671041 8.531101620816814 2.4165177295191054
43700.0 7.854933 21.309202 7.7548455941974925 7.5487785722196765 2.2273711304811092
43800.0 7.395939 22.120024 7.020239023313095 6.781452857795677 2.4876678778698444
43900.0 6.929152 23.771192 6.366859744040205 6.167813644437952 2.502824599893211
44000.0 7.796773 22.697605 7.6053787804671735 7.370975879062906 2.3748111107874434
44100.0 9.999372 29.804204 9.076586103843818 9.052101806157378 2.430810877536172
44200.0 11.108062 35.639298 10.209382703907362 9.976177284655074 2.550627606013082
44300.0 9.686024 29.659740 9.029548449417915 8.799031845728281 2.449227440404993
44400.0 10.175521 29.683264 9.276922022805977 9.104281600882574 2.4155863908952804
44500.0 10.352299 31.137735 9.633825404944064 9.414535914169587 2.4270132410890155
44600.0 9.245363 25.126721 8.708370482325549 8.47023172734408 2.3653179002456133
44700.0 9.503509 31.466737 8.757584790027506 8.69644473547241 2.279016043216816
44800.0 9.681015 28.455936 9.137333480242493 8.990830980921844 2.517103241834284
44900.0 11.066071 34.479048 10.267315063768946 10.056543171488878 2.353075594858349
45000.0 9.891062 32.246379 9.046392462453696 8.95083221037163 2.257074780221261
45100.0 9.121964 31.159821 8.330019896033914 8.132020864060943 2.3837322150803852
45200.0 7.436903 24.970921 6.972805390518524 6.814528678233059 2.4987280799698355
45300.0 7.487198 23.464107 6.96256396277236 6.83393200255475 2.3720881827721376
45400.0 9.232921 26.058077 8.721999858273389 8.516861539984406 2.3866693145620705
45500.0 9.875956 32.350338 9.029958288672447 8.900246060991833 2.252012789972677
45600.0 10.307480 32.650501 9.406588604812528 9.299819638471941 2.425244018953947
45700.0 9.213094 28.443227 8.584246398260087 8.36533460542433 2.364274355301195
45800.0 10.620534 36.015035 9.709926299284945 9.462359396984137 2.3570843938319297
45900.0 9.365356 31.433464 8.637001466273809 8.414141274511419 2.2605810151449326
46000.0 8.916140 26.646025 8.305031067871449 8.101969740626235 2.54237395339491
46100.0 8.254382 26.294383 7.561575394710438 7.484611619022813 2.5677881876328494
46200.0 8.695553 25.120722 8.355015047571554 8.19239248456104 2.438782046406332
46300.0 8.733187 27.568003 7.961551287778972 7.9002722176875855 2.558816049894953
46400.0 7.724965 21.923446 7.292720942538644 7.066440352690282 2.450424391218278
46500.0 7.928869 24.883820 7.503688906448844 7.393067762654298 2.439972372304825
46600.0 8.304674 23.952515 7.7443347765631865 7.491780303552466 2.516326674149511
46700.0 5.943567 18.102953 5.548908640360123 5.450388159233445 2.333978082154993
46800.0 7.940071 25.059760 7.24851607248162 7.186834857814003 2.310743558168312
46900.0 8.676222 21.894735 8.286237573708519 8.18026977611531 2.3618775773579217
47000.0 7.095722 22.932164 6.664351328002159 6.546399764466097 2.5410086972086154
47100.0 7.143138 24.321258 6.76241500475091 6.561754651444755 2.481040591875145
47200.0 8.358251 23.693128 7.851292010122223 7.728048951080192 2.4239376062407336
47300.0 7.495804 16.621588 7.276707882881 7.051088674152848 2.4015973516257003
47400.0 6.953513 19.970485 6.59251331740128 6.471003633510949 2.4163528677474395
47500.0 6.668449 16.171934 6.555762703639854 6.368536920506975 2.4634307207333803
47600.0 8.569654 24.991914 7.877565452971873 7.804297504456391 2.2957229639434424
47700.0 8.576725 26.123914 7.8844667826991275 7.779253240702126 2.434306182717332
47800.0 8.816980 27.021796 7.998242431927991 7.923486386918098 2.4056477348050853
47900.0 8.498922 27.031212 8.17806114423523 7.882200013326144 2.378997327241641
48000.0 8.932617 27.576831 8.0940672884721 8.045465262114003 2.4331085397504784
48100.0 9.401847 25.662349 8.830834920035924 8.672335836420006 2.573404492032602
48200.0 8.362702 27.704693 7.761424387247133 7.604740934300432 2.41087161643602
48300.0 8.634818 25.454834 7.840854191397222 7.671099834872996 2.435233364233283
48400.0 8.227855 23.341494 7.510322576883728 7.532113747906193 2.393097737584506
48500.0 8.166321 24.592384 7.564877542574771 7.402525147890146 2.523255494029018
48600.0 9.050378 26.724409 8.414199087730395 8.307775011039963 2.4547722763760436
48700.0 9.236938 29.573288 8.352700101524233 8.304868083378528 2.379614449614175
48800.0 9.452306 26.611828 8.884897224643957 8.71108395549431 2.360704934740194
48900.0 7.604587 23.264487 7.250189701224928 7.044492355549723 2.4849894540885713
49000.0 8.375708 23.951979 7.916255073641523 7.769226808654503 2.3278501623140335
49100.0 9.885851 31.090069 9.007210647654722 8.796949699939685 2.503520626696076
49200.0 10.269759 32.472166 9.30163432465599 9.174653952028219 2.336366263339473
49300.0 9.412508 24.576512 8.706894952045582 8.592721201422655 2.390673431822959
49400.0 9.599520 26.524316 9.035798718710767 8.7951450548289 2.3515943844239673
49500.0 8.963152 27.319236 8.321572126502204 8.110912013639329 2.555116531719282
49600.0 9.108626 23.695377 8.470412597760674 8.315320789456665 2.390635995180816
49700.0 7.968762 22.053085 7.813134916385219 7.504499791891342 2.2565156634491834
49800.0 8.859225 22.579531 8.426630851558674 8.297455991165162 2.457081254545472
49900.0 7.152664 19.333472 6.782162767793423 6.675773559327768 2.395711217052405
50000.0 7.853003 24.550525 7.298307688320733 7.186151056044343 2.4191797523007477
50100.0 6.901733 19.334461 6.537480061598089 6.449909213514688 2.402467037496545
50200.0 7.316918 20.994923 6.840964915698505 6.821533823404315 2.408220987676794
50300.0 5.737387 10.375173 5.714606425376546 5.584485067525233 2.385300215897914
50400.0 6.288240 13.838626 6.3223891937078935 6.141077363552855 2.3518423365148884
50500.0 5.820782 12.999478 5.875836385407774 5.746844770119096 2.345605137443815
50600.0 6.450193 15.019729 6.314356550064185 6.173046809402512 2.2448952584371353
50700.0 7.735270 21.257766 7.612304637836657 7.405359384998416 2.262862600744302
50800.0 9.049492 26.292772 8.576555275155695 8.491364109974082 2.520987585127994
50900.0 8.226477 25.083810 7.622790472557009 7.541734886101867 2.448431850904342
51000.0 9.371466 24.940034 8.694492577867507 8.546812717842766 2.374747660710056
51100.0 9.750972 30.351650 8.829353636686662 8.626079003300159 2.2649815276768765
51200.0 8.459047 25.539873 7.835891781406485 7.677744677332565 2.4538326367007786
51300.0 8.953634 20.336147 8.582294318140312 8.449782380589618 2.3640132744414446
51400.0 9.055675 25.465862 8.705705637488434 8.486005812254039 2.4282138210059174
51500.0 9.678724 31.538482 8.693348336828523 8.544142258537605 2.2664436505774956
51600.0 10.342250 31.235062 9.390018134310658 9.216639156044698 2.328324632303147
51700.0 9.285591 26.770174 8.78830634202264 8.629800243811474 2.27233718995039
51800.0 9.335293 22.571230 9.005039557008873 8.867673851690467 2.4295979264945764
51900.0 8.690089 23.095792 8.221647198244865 8.065924713939784 2.3933311985439474
52000.0 8.807929 25.091161 8.150927009211294 8.126526028113695 2.4179518928371726
52100.0 8.479249 26.471734 7.862938391082282 7.743902868450501 2.344888247484032
52200.0 9.652513 29.329252 9.059157345116189 8.920409330550788 2.3283631339283457
52300.0 9.249386 29.032701 8.742356106964206 8.558479538851351 2.3543688962448925
52400.0 9.005819 25.291408 8.471825521097509 8.37080235956064 2.4777658930070108
52500.0 9.079128 28.885882 8.591143936638677 8.325431711267726 2.3135683333708954
52600.0 8.787674 23.027103 8.206844876174895 8.064383532534604 2.399317458559227
52700.0 9.045781 23.710446 8.456602442439328 8.400709733745142 2.3416078259638424
52800.0 8.684663 22.796415 8.07751141736963 7.945588590394412 2.3614694142184876
52900.0 7.192427 22.931184 6.854836681193978 6.645226451763851 2.4212261203668857
53000.0 10.259057 32.051506 9.25602573770947 9.094693471808409 2.3734403986583876
53100.0 9.603355 25.981331 8.905630233750129 8.799155738188967 2.3636867104463306
53200.0 9.385625 29.356258 8.706719617117368 8.509074604726742 2.2651436146338098
53300.0 10.407781 29.774392 9.69614418273072 9.459225329616 2.2963726107476696
53400.0 9.869329 31.838982 9.11561417001703 8.957425833191992 2.346641770127037
53500.0 9.163817 26.621340 8.54091459697941 8.385437182528344 2.409101781317214
53600.0 8.663329 26.226168 8.112036562018721 7.897718495015902 2.3504105921569844
53700.0 9.048423 27.784271 8.436283359312263 8.266355304347108 2.2560088686937516
53800.0 8.354289 24.796061 7.739638369630504 7.624212025063508 2.327554504559535
53900.0 7.967624 20.875028 7.669709414858388 7.5194913799558 2.505572568981074
54000.0 8.294279 20.069052 7.691169901991675 7.617842260506201 2.242428016696047
54100.0 9.867382 29.385704 9.131811096339295 8.933057724118399 2.1826822159210115
54200.0 9.405271 29.113975 8.698124704156621 8.558533656075978 2.370598968785673
54300.0 8.072146 22.717352 7.647367408210616 7.531592511897885 2.2918514466379305
54400.0 5.989540 17.854918 5.805779401256341 5.614797309315917 2.3822543083494847
54500.0 7.692353 24.347281 7.57504517071302 7.303050446928007 2.360157147205129
54600.0 8.733004 28.713334 8.105681361198798 7.8713004457374725 2.3621484725168465
54700.0 8.335006 25.281619 7.664946514435223 7.470133232643862 2.4080029491638175
54800.0 7.334395 22.445542 6.921952757777801 6.734993361576126 2.459319276908235
54900.0 8.161369 27.286445 7.634925994500392 7.527583300141145 2.4812336803069535
55000.0 8.684466 23.724357 8.402550936581882 8.294988572431203 2.4431890597408703
55100.0 8.939825 28.526434 8.116348000837633 8.000983582950191 2.4190897166239496
55200.0 9.461193 28.050181 8.893164806560081 8.674068034803536 2.509114064527947
55300.0 8.449636 25.644208 8.014222478344104 7.798699930940288 2.4094934970667756
55400.0 6.937963 23.318188 6.612475876121624 6.452511994090015 2.383401741275237
55500.0 7.362326 22.203038 6.720409724027252 6.70798062340483 2.3652516967327437
55600.0 6.582333 19.198978 6.419861731467809 6.2043086009924995 2.229343993404661
55700.0 6.854632 16.511959 6.687227830608731 6.498452220042354 2.4638645860073596
55800.0 7.289857 23.505362 6.836153984535963 6.653921683057382 2.414619945169446
55900.0 7.054782 22.016179 6.5853322152818 6.498160017441854 2.3572343810690035
56000.0 7.252724 20.821074 6.80607806844962 6.700757943841119 2.416426953274283
56100.0 7.491386 20.453857 7.434115017326781 7.2434093305013985 2.5214263382132036
56200.0 9.213164 25.827929 8.606549021335033 8.45761395816829 2.4060623573397995
56300.0 7.754910 22.047090 7.420211979405899 7.315054014644906 2.2918215108783553
56400.0 7.868808 22.809919 7.5529535035386495 7.445349771161662 2.5509663367074986
56500.0 8.457255 29.016465 7.897468127144202 7.719574702355278 2.5358450927620204
56600.0 9.121494 30.891607 8.4878940858379 8.251511602216649 2.278274637733087
56700.0 8.621447 23.285983 8.113897121511341 8.007586494575843 2.4811422090852853
56800.0 9.378099 28.546335 8.505294912459592 8.441924914120476 2.299743126602395
56900.0 9.064283 23.942885 8.775467873343093 8.520220352630874 2.2677248450456604
57000.0 8.927765 26.782743 8.322243737440242 8.22126826325245 2.5069464919704916
57100.0 8.942743 28.035082 8.25032977040444 8.16346185682544 2.441560751425641
57200.0 9.081992 27.928654 8.624619659011262 8.404972617174185 2.38794743483927
57300.0 9.853817 31.298652 9.12816132510248 8.970930781989718 2.251251556318357
57400.0 11.447793 37.623262 10.509722912935741 10.29721706945017 2.5154764009679016
57500.0 9.078472 21.913672 8.138632535378981 8.180558749864735 2.3155439710352033
57600.0 8.345695 25.945400 7.767028236994529 7.543065721751283 2.3668131129131327
57700.0 9.512845 32.162545 8.550533661906476 8.383590286557274 2.4501243181991765
57800.0 9.839124 28.701366 8.98206590526429 8.795693640873154 2.298675513299873
57900.0 11.358809 37.031362 10.355995735618093 10.186860383116167 2.221358782264673
58000.0 9.614700 28.834551 8.772457293218764 8.65521004060516 2.3810467202427166
58100.0 8.680690 26.551171 8.073668117202578 7.898938636622977 2.3678392135357913
58200.0 8.945793 23.548672 8.114643377146333 8.059147244763786 2.3349487417086214
58300.0 8.325468 28.379323 7.519128970584243 7.413732415646313 2.4460052655018476
58400.0 8.124962 25.013651 7.77867203945382 7.624668787988108 2.36567458301498
58500.0 7.731964 26.436313 7.046613145526002 6.990473948721003 2.4680277372639114
58600.0 8.441282 25.806639 7.68704376405889 7.529856892986811 2.4997851854144133
58700.0 8.771762 27.980255 7.952226280559325 7.804166348141585 2.5117664453474986
58800.0 9.789667 27.664036 9.031784142084799 8.994823005764433 2.267793958331916
58900.0 9.146793 23.976946 8.451516543792168 8.34858052869984 2.301884617583315
59000.0 9.262890 25.672014 9.094930985269764 8.857175760153122 2.177350556016236
59100.0 8.869162 26.041197 8.350414754627103 8.269060982706245 2.382932748999369
59200.0 7.962473 20.760893 7.705675592794346 7.53714403424194 2.542311684315579
59300.0 7.102909 20.112735 7.052483875919638 6.839201240125169 2.3751536475005843
59400.0 8.294253 22.538207 7.955110875506562 7.85499169315031 2.418303291493208
59500.0 8.741316 24.417933 8.184843341569001 7.984985365715933 2.4791903451861748
59600.0 9.132776 27.244603 8.412505541437561 8.295533180469125 2.4570658307247206
59700.0 8.974185 25.819926 8.468462861847245 8.229037157282944 2.3339996812324104
59800.0 9.427034 29.874232 8.690203352144005 8.515519006343819 2.4722240161177376
59900.0 9.038481 29.606101 8.586533960255922 8.293339482567056 2.297405914649701
60000.0 8.817014 26.327389 8.16945125674528 8.083725319382902 2.386884649249184
60100.0 9.282025 28.324135 8.682163242321316 8.462073510487253 2.3667128467374816
60200.0 9.716868 28.980266 9.24653719541421 8.98730220118294 2.3698686582242146
60300.0 10.927403 35.956286 9.931865328155533 9.722733626489195 2.339536162769973
60400.0 9.649385 30.146621 8.983964537781963 8.74245616428657 2.4264397791799364
60500.0 9.372734 30.436746 8.727592659552059 8.592728709875695 2.4676498678253904
60600.0 7.458760 22.292772 7.179524858375483 6.967573878157206 2.2941492246524233
60700.0 9.635109 29.491331 9.249667641881123 9.013969453741442 2.370878818242418
60800.0 8.171650 19.999864 7.7261833626355125 7.645908990594434 2.541992045007299
60900.0 7.190257 17.833335 7.074848859556181 6.887935381266194 2.430244783149413
61000.0 7.219177 18.718299 6.983729724158118 6.811551925207161 2.3502110307655846
61100.0 7.814360 20.596943 7.216406204786169 7.148827896155436 2.2645404035897156
61200.0 7.694780 21.307155 7.549772026310514 7.266295806226736 2.3896538589048486
61300.0 9.045885 22.790248 8.5577176996521 8.403238797458249 2.3421312467637025
61400.0 8.396460 22.699404 8.144947541210898 8.054937844403273 2.389238251927328
61500.0 7.090380 19.248406 7.007310489798967 6.803566869818745 2.3912904067028764
61600.0 7.493718 18.063884 7.67255839655842 7.409356712243756 2.366669034654508
61700.0 8.917332 20.603892 8.647708317564916 8.500054586763206 2.4501705180095676
61800.0 9.281648 26.563356 8.656213463391786 8.494533269794553 2.4819066485511203
61900.0 8.589423 23.341971 8.23987055330636 8.039949626652987 2.517488491409215
62000.0 9.298225 26.165069 8.860276265436307 8.704258796460827 2.398795097410358
62100.0 9.260359 29.958698 8.619048583006233 8.440638504598995 2.4112509839376655
62200.0 8.188853 26.910266 7.903462014448674 7.737042512810193 2.377306485605877
62300.0 7.683414 19.341177 7.519491719268883 7.336520813786714 2.485384652104607
62400.0 7.177349 16.632529 6.6993474898145395 6.7365070263040945 2.36456812594989
62500.0 7.724465 21.752651 7.488204026383868 7.325029166878896 2.317596043083607
62600.0 6.267170 12.028750 6.081231159263273 5.929467446622873 2.3392555627178937
62700.0 6.741644 17.072944 6.629922814033685 6.5502863339793835 2.4470066464705704
62800.0 6.925715 20.058330 6.5568517290913695 6.443048734514099 2.238620756015136
62900.0 7.534602 22.737328 6.861012178901624 6.809354587984726 2.389010913346918
63000.0 6.998206 16.719986 6.587268260079651 6.513265447183877 2.4757894026508183
63100.0 9.514158 28.794661 8.618154826074894 8.463552654410845 2.305610206361417
63200.0 9.426334 30.700798 8.65727853301169 8.552363351429852 2.342665012234247
63300.0 9.458284 28.330607 8.825775285306998 8.698749367266702 2.4124404589028403
63400.0 9.386586 26.624453 8.634015384225481 8.552922073145467 2.4058702990787437
63500.0 9.256553 28.344031 8.506492308378313 8.464658218879912 2.425983051912756
63600.0 10.201470 31.988703 9.397005137928785 9.188352331445063 2.382350163022098
63700.0 8.628164 21.994562 8.058670593039341 7.9575284401073265 2.479735079141152
63800.0 9.029150 28.182009 8.451193814480263 8.262623588813558 2.4657420971614767
63900.0 9.435587 29.499217 8.925497759933856 8.752749154709091 2.337146614084119
64000.0 8.875211 27.602614 8.279233407733793 8.075755584888723 2.401666930624277
64100.0 8.964636 28.848853 8.30661718384657 8.158338656989606 2.2473167672296532
64200.0 9.118691 24.403404 8.415473728868864 8.284904875646655 2.429243449001551
64300.0 8.396283 23.872286 7.856668531941637 7.657046916121172 2.559255696851229
64400.0 8.657901 24.013868 7.952525637817784 7.849536994264399 2.285977983722724
64500.0 8.543947 25.444333 7.936398459437632 7.842675321971999 2.397094760428493
64600.0 8.412764 25.978616 7.7418478991756405 7.591845565960508 2.3409047254004727
64700.0 8.311845 24.407820 7.8679615666672404 7.753618810271644 2.3463395928517494
64800.0 7.302072 16.655679 6.9831277546445625 6.8936334858451955 2.3829350938600595
64900.0 7.968672 13.954841 7.703450108861727 7.653612998814785 2.3927367002410374
65000.0 7.191615 14.270251 6.813908905026522 6.8377582234405425 2.38220019172297
65100.0 7.790771 17.706704 7.906467678953153 7.726246079702657 2.428663977759364
65200.0 7.446039 21.721096 7.17249180020079 7.069549988450601 2.2425071538950987
65300.0 7.512701 18.913527 7.221382825818199 7.094349827610424 2.569493759165213
65400.0 7.932523 22.809478 7.5201212660409436 7.376922834951887 2.5870187665765907
65500.0 7.255808 23.606576 6.622877923630632 6.49869002094912 2.3595020618091413
65600.0 6.078929 16.877359 5.715545069822778 5.5853839979875515 2.441927845902232
65700.0 8.027824 23.004344 7.661312751689493 7.465182353577567 2.3077481015321317
65800.0 8.546788 24.724227 7.885275089427909 7.83043455576809 2.4105598777234873
65900.0 8.673787 24.347847 8.098625105560325 7.965178539141595 2.3195894109104582
66000.0 8.902486 26.177907 8.137514373207521 8.085469533583876 2.537676244470533
66100.0 8.456804 23.500804 7.903598423479597 7.770657193494732 2.4498575405015344
66200.0 8.961188 25.156541 8.336375877255232 8.341895450006625 2.1713876219137456
66300.0 8.599917 26.854776 7.839372585791534 7.84988915826314 2.3018448820739255
66400.0 7.572666 23.218713 6.927744331394413 6.8263649769578585 2.395463968890279
66500.0 7.089909 22.452856 6.519444960203637 6.266890872607852 2.332780002234725
66600.0 8.518796 23.145807 7.937776621774896 7.798118176727201 2.3168723426638573
66700.0 9.159821 23.574442 8.80011108306511 8.552825011894498 2.188578671322603
66800.0 8.809456 27.027327 8.183306784194354 8.05278543272932 2.511862815269632
66900.0 8.063180 26.518570 7.698465503429196 7.4928019342994405 2.37826765290603
67000.0 9.058033 27.837199 8.634185821496073 8.471183434743418 2.3669458190384107
67100.0 9.418902 24.323614 9.148435109504677 8.89304465811901 2.403861378720846
67200.0 8.147509 21.765352 7.872442846936558 7.667645233311208 2.347405882243903
67300.0 8.627972 26.613378 8.041425610703342 7.877355856133991 2.3033272079797515
67400.0 9.129743 25.809751 8.571316581564545 8.462026966959566 2.363473285096863
67500.0 10.437693 30.406845 9.891386236689874 9.712900904647014 2.440377530144511
67600.0 9.526605 30.278691 8.762325722742787 8.587330034969463 2.4498378662071825
67700.0 9.286438 26.684704 8.795048354017835 8.62890453469824 2.23841474961546
67800.0 9.115595 28.404420 8.49582818641683 8.234522381123645 2.388194207832288
67900.0 8.959349 27.274531 8.448448457206851 8.221574306042731 2.3877202420971595
68000.0 8.422805 20.578690 7.892356221891584 7.7186806389145985 2.369299350759117
68100.0 8.893831 24.438003 8.405019989826759 8.196952797749725 2.5466732244253643
68200.0 8.374601 24.926131 7.896331803549287 7.637344740218378 2.374450780973486
68300.0 9.274581 26.078336 8.800354545221891 8.57424799176756 2.359334522366558
68400.0 8.959929 29.251448 7.9986748565861605 7.834272533206013 2.4459686484607017
68500.0 7.477900 24.646911 7.190098123663317 6.9344656455940825 2.338748065251249
68600.0 8.705022 27.560822 8.371261013599417 8.117950586518917 2.3900654620746757
68700.0 7.979281 21.016127 7.332328433866363 7.287644194891344 2.5058194726820613
68800.0 10.115152 33.316009 9.086010688470637 9.021497372261335 2.415242646543343
68900.0 9.897810 31.527191 8.858230099060785 8.828403792587741 2.3354281483331647
69000.0 8.161940 26.613178 7.476160956060188 7.425434723085214 2.3726619901711636
69100.0 7.659276 23.087998 7.049830346334532 6.944688124455532 2.440851933101564
69200.0 9.622645 30.799420 8.848965518038366 8.701988554549493 2.333723119763717
69300.0 9.635955 28.334480 9.21646259237382 9.06353656751958 2.27914401858123
69400.0 9.099695 26.096001 8.328956694582832 8.287647762252957 2.4060459724893337
69500.0 8.013940 24.505246 7.824199380536597 7.623610821233301 2.326953829653374
69600.0 7.520159 18.871138 7.311523405184718 7.136257303628901 2.582630733659333
69700.0 7.818896 27.383186 7.496560483483452 7.227063690384546 2.3690352160823434
69800.0 10.025859 30.137960 9.59910955712725 9.403706023956142 2.3261896415931718
69900.0 8.896350 26.897099 8.276673930668899 8.130900502090325 2.3241333937289532
70000.0 8.560007 22.497325 8.1934560516627 7.98742674052695 2.394078485176627
70100.0 8.470690 23.265390 7.881435561377749 7.798735192326744 2.395384624428153
70200.0 7.944016 22.398754 7.4142433183480785 7.399079249746939 2.2573596727946477
70300.0 7.011034 24.515352 6.58988853021225 6.3954326961184815 2.4490087549180384
70400.0 7.236854 18.991359 7.124694159241349 6.96642148752586 2.225558185470462
70500.0 9.534738 23.436332 8.922267510501452 8.859298321033917 2.423489022347038
70600.0 8.768203 25.421957 7.992055862387214 7.926886926801894 2.2705776784690337
70700.0 9.523311 31.823020 8.80692841757503 8.592111907761549 2.3821737045404126
70800.0 10.445345 32.058929 9.491118790225618 9.269407132804313 2.311590159442462
70900.0 9.748699 31.922973 8.78526591381297 8.693514612802048 2.3148092713978747
71000.0 9.324424 27.513596 8.71958058526294 8.495530792421867 2.285012820500667
71100.0 10.075268 31.998648 9.256981455413529 9.002710384334362 2.3854305901835686
71200.0 9.719079 25.477070 9.12580422698362 9.023362977933564 2.217548002537638
71300.0 9.260866 24.378206 8.811074835282731 8.669758547987863 2.3191415037322716
71400.0 10.279115 30.970606 9.55334221159951 9.4387723613448 2.429749351873863
71500.0 9.819196 34.082895 8.892041307803444 8.8197712032138 2.3599685794284997
71600.0 10.346740 32.775147 9.309255130672963 9.249700656632434 2.3472017328483106
71700.0 8.024378 21.550789 7.533684241393724 7.401963410268935 2.4066076363688884
71800.0 9.408210 30.608348 8.77338229047684 8.540836569205124 2.469401075850094
71900.0 8.328113 23.764901 7.805061627362976 7.587742882141605 2.3631371766942895
72000.0 6.809411 23.541472 6.456121698633938 6.269055846572134 2.340308686296937
72100.0 6.636306 19.597182 6.452166769632101 6.19295887192093 2.382788820231892
72200.0 7.301651 19.314405 6.875526300555134 6.740726976253865 2.2986283545201207
72300.0 8.745031 25.692096 8.304125170026618 8.175305431044995 2.533561314725866
72400.0 10.389054 28.675234 9.641138447959564 9.49822883843831 2.483804730848777
72500.0 10.041681 30.838739 9.168941273122558 9.07083851338178 2.4351964817637346
72600.0 8.717857 25.710632 8.051622437794984 7.989418897838903 2.336780988489758
72700.0 8.029495 24.013757 7.6254697157502855 7.4844315438428515 2.2782686805045524
72800.0 8.240020 25.273423 7.563368198373637 7.430223762586068 2.404842280958254
72900.0 7.957139 20.107325 7.572969793098302 7.455140798068133 2.1800648621766925
73000.0 9.716012 29.560910 9.132329034721822 8.935530511987913 2.4132911940968405
73100.0 8.768097 19.629999 8.399825899555472 8.265483778098988 2.373918437829485
73200.0 7.320033 20.822460 7.091013385673553 6.893869136719627 2.4074863834074427
73300.0 7.415132 15.203239 7.373193778735461 7.287459985340519 2.239512419663323
73400.0 8.403386 24.042988 8.060966648732824 7.844801861239912 2.496487252511841
73500.0 8.537027 22.969855 8.10908458403772 7.999483913433782 2.3855994644010057
73600.0 8.536308 27.333042 8.054828118742323 7.912917815962402 2.298825034825083
73700.0 7.635209 21.592289 7.2163890085521984 7.063498471694324 2.396216400448413
73800.0 8.118573 21.291464 7.852678701175625 7.715766718509563 2.3395733920673187
73900.0 9.060714 29.371099 8.688562912556758 8.457419512323487 2.4852346661691938
74000.0 9.674690 29.458764 8.998658071644071 8.810421607483464 2.4444201588965884
74100.0 8.993891 25.760764 8.521308617178363 8.362525590762505 2.551259984184414
74200.0 7.977615 19.562953 7.343114327623208 7.277789890962694 2.3804004338712095
74300.0 8.983257 25.225608 8.332618806023843 8.244555857803157 2.3830837296908745
74400.0 10.633130 30.434513 9.774091524497578 9.574552692675741 2.281263818444315
74500.0 10.241180 31.256376 9.427933073721983 9.38820030164344 2.44013011436865
74600.0 8.929984 24.157682 8.60277118230598 8.488406529460034 2.444885400366204
74700.0 9.470419 26.696652 8.998648365350498 8.722770904469675 2.4895699537318294
74800.0 9.716381 29.875748 9.166646585625836 8.938185157181763 2.340412051144415
74900.0 8.110160 25.428558 7.573812771014764 7.450812113483376 2.368962281023725
75000.0 8.275911 26.160875 7.629908239137389 7.532472720297153 2.331272094338021
75100.0 7.324388 21.883962 6.830051846901798 6.769760352551495 2.450743806176886
75200.0 8.084209 24.183263 7.59627180271604 7.502936218736533 2.436751318523395
75300.0 7.880419 17.463202 7.467835398644199 7.433843437724066 2.2315328055377672
75400.0 7.738581 21.128047 7.229026276997554 7.20390242833315 2.4393433687748276
75500.0 7.716090 20.150191 7.374933657179384 7.218578677884672 2.286464911604755
75600.0 7.575620 20.358378 7.129559996193114 6.9654552037611595 2.3957682407363006
75700.0 9.953317 30.994360 9.292307983238736 9.112049853387646 2.4033908002241557
75800.0 9.842055 31.378216 9.181870904266257 9.023081737631768 2.3371928072533215
75900.0 10.502252 34.487532 9.646044037980873 9.492938999016658 2.53201808364791
76000.0 8.757007 25.142001 8.39911129967596 8.16854520462126 2.5466854635448697
76100.0 8.843844 27.595230 8.143894418643004 7.870197865511051 2.4940707980892665
76200.0 8.973220 25.423826 8.282576785345196 8.228742339446152 2.430445676076482
76300.0 8.881954 25.073455 8.401371458311978 8.104891711968842 2.4035300890603333
76400.0 8.814084 23.910804 8.435308588789942 8.333264487370275 2.268729572557959
76500.0 9.465857 24.543915 9.091446066308524 8.90834915631742 2.30930161721818
76600.0 8.405780 24.097541 7.913817814580713 7.798047682770389 2.4202185727831713
76700.0 8.182691 20.145093 7.901286104372866 7.6350890853190965 2.387502015704273
76800.0 8.588491 27.152785 8.139883383802166 7.957853471675308 2.176364749787079
76900.0 9.183064 30.434925 8.613967573155426 8.378293588167246 2.4918031839701382
77000.0 8.463193 28.138668 7.850373618354539 7.736324089444819 2.4729234826667836
77100.0 9.822301 28.671981 8.89680071812167 8.789218589363607 2.431288721325782
77200.0 9.176502 27.026253 8.667568335449786 8.564550547967901 2.3295557038739507
77300.0 8.810521 26.306535 7.873434992409907 7.783213294371098 2.248365749826829
77400.0 7.499635 24.209347 7.015730711224943 6.847792163670758 2.379539989104521
77500.0 8.783007 25.957683 8.02075290514546 7.965919617118596 2.212432100478146
77600.0 8.235101 24.292948 8.002375708905134 7.762455397800453 2.461846553005201
77700.0 7.193834 19.290679 6.885191751151788 6.751578346771422 2.5876614706560708
77800.0 7.803308 19.363358 7.7606050838585725 7.609784174453453 2.37970077062168
77900.0 7.943661 20.655382 7.894539369931052 7.755795967046511 2.4135812045810123
78000.0 7.957320 21.746146 7.600705263341101 7.470463718709615 2.34200185422911
78100.0 8.499757 23.371384 7.932723194217613 7.818352215393416 2.52431678157243
78200.0 7.573416 18.631450 7.218463316919515 7.163173005935196 2.517124443594721
78300.0 7.193795 20.123493 6.893147955715798 6.700773550315445 2.3009219959881424
78400.0 8.343638 26.343670 7.9195132027365736 7.730291581659956 2.47337258392335
78500.0 10.121093 31.042892 9.30500253110368 9.22232380976763 2.3425626172151532
78600.0 8.927606 25.598853 8.296841472610557 8.125425627899446 2.251491639316167
78700.0 8.437403 24.064163 7.900126783848287 7.675324119728998 2.3981112065385664
78800.0 9.114825 27.743855 8.581930402750302 8.47690522790429 2.3747043900574503
78900.0 8.023085 25.704769 7.5814732838197525 7.455207693436091 2.300245614826068
79000.0 9.062712 22.686682 8.427357388266584 8.356479161455342 2.4105689080642496
79100.0 9.012674 26.457780 8.388891133586416 8.176865735388303 2.4020916373312264
79200.0 8.880720 27.806786 8.518071472305284 8.227167138406918 2.545882755786303
79300.0 9.142664 28.929537 8.41421085154003 8.222769313192167 2.457047225686558
79400.0 7.232997 21.482295 6.999385877597206 6.7727304736405465 2.5365043311940876
79500.0 8.725466 22.886745 8.167781749739547 8.081732023845019 2.366371492237103
79600.0 8.074374 26.196299 7.530326363635373 7.430868236592181 2.356649724294148
79700.0 9.228339 29.178886 8.649373655032274 8.45603759388152 2.404800280559055
79800.0 9.088594 25.514245 8.423782929454752 8.331383998164576 2.4350787410047015
79900.0 8.147007 24.602975 8.283171708059138 7.9046298744322465 2.1655006697706045
80000.0 7.443247 22.113656 7.252041055808758 7.013964496125874 2.4355252429911776
80100.0 6.264116 15.496278 6.218842398826703 6.0788364865991715 2.3568711958505717
80200.0 8.412959 23.886844 8.186236614447628 7.972745476304665 2.2953074231310984
80300.0 6.809301 19.354379 6.580149334389073 6.443656472291327 2.3831793539805757
80400.0 8.195137 20.933300 7.6705003007495804 7.634650950045454 2.406117423105548
80500.0 8.203899 22.399285 7.932526484923486 7.766794800988016 2.4332626952254293
80600.0 9.020980 26.011889 8.467326233183165 8.337884252541588 2.3737796406439546
80700.0 8.820307 25.468987 8.3218376502572 8.167713894123318 2.279779719953799
80800.0 7.800332 21.576349 7.659708924233184 7.469299861230725 2.356561901073992
80900.0 8.668078 22.047479 8.148750933260306 8.04294710567393 2.2897747788983787
81000.0 9.379164 28.917920 8.763201755314926 8.589726804910395 2.300804895641525
81100.0 10.728141 33.975746 9.759106007562528 9.57351879190968 2.4357728058649664
81200.0 10.462455 31.045206 9.677000379534947 9.539731279716213 2.4326004305826894
81300.0 9.180145 27.419711 8.475085966510413 8.414247987857655 2.4078210521958145
81400.0 7.901314 22.982668 7.553391186399958 7.373137811000604 2.4085334684597264
81500.0 8.547378 24.267244 7.961609781880796 7.795218828908952 2.351560068769851
81600.0 9.772589 30.270412 9.018822060904323 8.914147499228772 2.3052661837604687
81700.0 9.537885 28.389173 8.79480679062336 8.668039056888206 2.3883831123879826
81800.0 9.269693 27.294695 8.801233768980277 8.558258799398406 2.544550710980786
81900.0 9.144116 26.004865 8.193559944659718 8.070366532279978 2.482167725767909
82000.0 9.922272 31.280526 9.37013138316684 9.166179843038957 2.433435269406467
82100.0 10.104856 31.495041 9.313200288183728 9.093504947846219 2.449574032749299
82200.0 9.329269 23.362595 8.83440273829093 8.700407811122775 2.5368998734422274
82300.0 9.346815 22.639074 8.653535283949623 8.59738716103343 2.3286944258622904
82400.0 9.502836 31.039120 8.761799446644096 8.538188472523192 2.2970774278756245
82500.0 8.897103 27.002491 8.382609179958934 8.212010996972513 2.505441119172201
82600.0 7.519515 22.870999 7.268774165919444 7.055885039682384 2.4655554530011745
82700.0 7.862977 21.063224 7.640202905413994 7.504203353902911 2.46269716886373
82800.0 7.647499 23.892154 7.108750255060623 6.972279127778882 2.329829096538739
82900.0 7.748564 24.404832 7.285262274026548 7.115909499870847 2.3352608609749264
83000.0 8.251145 25.620586 7.913694410215627 7.688376994793953 2.488203082766469
83100.0 8.103139 26.292544 7.598845815688738 7.491701036887359 2.5247781180085695
83200.0 7.630494 22.289991 7.229679654940131 7.073258994143431 2.618587036877739
83300.0 8.947231 28.849585 8.386384053842017 8.140831713473332 2.3778491987424024
83400.0 8.962730 26.801514 8.210807954275833 8.049918743632304 2.565897096706966
83500.0 10.601900 32.558372 9.743263451336214 9.63399874045066 2.255710469670587
83600.0 9.317496 26.120982 9.01550628457239 8.771893551162895 2.3394015354045226
83700.0 6.506195 19.978680 6.251126477015657 6.026902578909179 2.508285815324076
83800.0 8.165464 26.387553 7.8843971757842315 7.654417946732981 2.3560636529682735
83900.0 8.246945 21.612636 7.805986527826458 7.68116682960537 2.3429225117553427
84000.0 9.049289 28.125492 8.423385939844518 8.319631721069513 2.4307140527179967
84100.0 8.097165 26.301715 7.478287846359857 7.309321479502853 2.630147338792067
84200.0 7.564163 18.579160 7.164345017735239 7.03505293073204 2.4313480227268136
84300.0 8.551982 26.278442 8.121055276794339 7.990586892058084 2.39732899779838
84400.0 8.367838 26.517940 8.070929218506558 7.933568059571376 2.353059021998301
84500.0 8.703718 22.530669 8.1102244155103 8.014375121557288 2.395618280660571
84600.0 7.546870 21.013436 7.179451070917051 7.012474510854493 2.2552465126377723
84700.0 7.854001 21.637204 7.503452133364703 7.310399773429574 2.428216400420261
84800.0 9.608934 27.714899 9.205981612586559 8.92779304606796 2.2488214437108964
84900.0 9.505523 28.484132 9.020874249450518 8.88271923661741 2.444845325879243
85000.0 7.516530 20.953369 7.354240636325106 7.16332497317385 2.2565336996532577
85100.0 8.220089 22.461686 7.988139789619803 7.7626925616455695 2.313368070414287
85200.0 9.099055 22.951830 8.74121033508596 8.598400435319451 2.433339201694084
85300.0 7.623929 24.051596 7.383489115386831 7.205788127253368 2.445003910040942
85400.0 8.854343 26.583188 8.035460472498938 7.8800487192690145 2.47819813660632
85500.0 8.046895 22.971028 7.740200231023025 7.664280511589493 2.3438427578643326
85600.0 9.066451 29.823471 8.510952823098824 8.389728119166435 2.3737128923968274
85700.0 8.662445 22.524661 7.964868251984867 8.032624545291107 2.3392583910660183
85800.0 6.843010 18.021747 6.792347406357205 6.596624625541842 2.4458901079260764
85900.0 7.342664 21.878113 7.2463798418813905 7.066431148104646 2.49479496680773
86000.0 7.496361 20.038928 7.049898103338601 6.892733869036143 2.319689176070702
86100.0 9.838535 28.248179 9.274614825972872 9.121644901655085 2.473006682589986
86200.0 9.236019 25.614689 8.416871284814556 8.339680370098007 2.255828538377414
86300.0 9.755068 28.237953 8.927936876053494 8.790491568918787 2.3878853070420103
86400.0 9.448143 29.827480 8.663255815745647 8.596020470505861 2.5062661337916445
86500.0 8.721835 25.758811 8.196978508500752 8.114664062222108 2.3412579799969486
86600.0 9.831234 27.876428 9.27720795368384 9.123925064094152 2.522287272018883
86700.0 9.999658 30.318845 9.309770805813319 9.160262199356557 2.44325970556304
86800.0 9.549200 30.738790 8.64383053902788 8.57659458321508 2.27006598875254
86900.0 9.214598 26.017506 8.577055492055823 8.50581727768739 2.4094179086526757
87000.0 9.046505 29.107215 8.716547819610458 8.432930113752372 2.508078531124033
87100.0 8.653171 26.297817 7.945540116378137 7.894229921421123 2.2774034897658826
87200.0 7.606207 19.920555 7.185140065015282 7.054812434550307 2.4062132568830954
87300.0 6.855506 15.983307 6.787945475823305 6.6148396628635675 2.4501509461398037
87400.0 8.258783 25.667473 7.797763538344908 7.582835679231521 2.409216643513501
87500.0 8.716661 24.550445 8.255545271417759 8.15817376714107 2.4747990919182343
87600.0 7.916886 23.159723 7.616345984684881 7.380904814073191 2.312358349260449
87700.0 8.650501 28.349424 8.272701056917636 8.04892119317724 2.3783283206619927
87800.0 8.101275 25.061348 7.775439181751716 7.62422949464033 2.379957673209397
87900.0 8.853407 22.941037 8.593873823048096 8.430872309148926 2.4117602059973007
88000.0 8.489693 19.656706 8.091532280512626 8.003859877167333 2.524563991737005
88100.0 8.922609 25.745635 8.307159462739152 8.1779875185348 2.34183981483571
88200.0 8.967209 27.865699 8.532586636320392 8.266187241552167 2.206690277609395
88300.0 8.266182 25.421870 7.855692676043709 7.653195101953308 2.210165911449987
88400.0 7.991009 23.174995 7.5457817437740164 7.420076959917324 2.378355585589791
88500.0 8.511782 26.526159 8.181563955420907 8.004362208615726 2.4055262441727
88600.0 8.794563 26.076469 8.27228590989839 8.204802132251428 2.3313201655984406
88700.0 9.713156 30.060906 9.213757232682983 9.01824144938812 2.3147971975173394
88800.0 9.412862 28.231560 8.795941254771273 8.655108276784016 2.551472740557598
88900.0 9.000617 27.798224 8.471220503746846 8.339193939304241 2.5342520543182445
89000.0 8.068069 24.717877 7.687767263567727 7.579114823259746 2.446130810278581
89100.0 8.440830 22.461276 8.003658863099476 7.900265507025519 2.538699488748543
89200.0 9.333367 24.501619 8.492583225945554 8.435117302238421 2.2841519204298453
89300.0 7.707808 20.281937 7.326214612886769 7.25598544202378 2.404803686984829
89400.0 7.947413 24.941914 7.4522550123493465 7.2894554655306605 2.463171874460283
89500.0 9.808284 28.144276 9.128191394948997 8.970240592110747 2.431408936226916
89600.0 10.655705 32.780257 9.878076816492943 9.710972096909089 2.3059365357943373
89700.0 10.192524 29.724950 9.317911311171509 9.150048033979065 2.2525499631548045
89800.0 9.608345 26.662527 8.82695523558448 8.687920848895134 2.291365686124275
89900.0 8.830272 29.780160 8.075671866301235 7.873216143980227 2.3084292887402147
90000.0 7.600223 13.714281 7.167577152502974 7.152555370135254 2.2666666324222313
90100.0 7.888583 21.807995 7.763438453180253 7.557665367365123 2.5447876419279294
90200.0 8.588544 22.510281 8.473563191601649 8.328303439426923 2.261440020791379
90300.0 8.488975 21.462897 8.249720459898631 8.080555356871438 2.3201720812471116
90400.0 9.762898 28.089765 9.331374447385514 9.164136128316008 2.43596480947674
90500.0 8.430485 25.812970 7.8522141197281625 7.773160069502612 2.385520498929534
90600.0 8.221619 25.603128 7.291421723505477 7.284194041539126 2.4152166070917866
90700.0 8.925492 23.644018 8.137239029235829 8.073799039770428 2.476230809821834
90800.0 6.882724 17.749341 6.7322348371035075 6.5831098205676355 2.4393576297903667
90900.0 6.566493 17.167353 6.526659356963566 6.331467562589693 2.4368847707559347
91000.0 9.134703 30.009112 8.426461176816854 8.28578294165723 2.292031366272171
91100.0 10.223831 32.040668 9.529294272308007 9.403770102261324 2.4010690711224676
91200.0 9.162360 29.484893 8.57483536284136 8.43584010423374 2.3884505356846404
91300.0 9.809879 25.554765 9.037361300075206 8.94738939754071 2.484688068054043
91400.0 10.158690 30.450520 9.341650456484418 9.073838249674495 2.4808636900371903
91500.0 10.275971 30.991248 9.73273895055227 9.559251963335836 2.4402944686122314
91600.0 9.466849 23.858179 8.604295360287354 8.5232105921968 2.445211319051549
91700.0 8.886655 27.051594 8.084457188865796 7.9414497707719045 2.4351098949043575
91800.0 8.409485 23.741546 7.76419390554422 7.669791124616585 2.4117301738906813
91900.0 9.403729 27.857668 8.79411041036173 8.611481251645507 2.564105613458153
92000.0 8.757321 27.669218 8.119031855135509 7.963915089153991 2.349449068466454
92100.0 8.884554 27.850544 8.202901029686874 8.08295372440795 2.298158298083931
92200.0 7.888045 20.870455 7.303698995496952 7.122375557150038 2.2888111471331305
92300.0 8.589864 25.817045 8.025168114469873 7.895596421478836 2.2602731466416044
92400.0 8.585443 24.089274 8.244285700381955 8.044027194379812 2.2827358678148113
92500.0 9.329971 26.136492 8.882853080974968 8.706057426867561 2.410244965130993
92600.0 7.378986 25.125734 6.974990461548721 6.800888117470883 2.549472684595676
92700.0 8.494389 22.427054 7.996961610643048 7.798513605742041 2.1838910107736673
92800.0 9.076915 26.607042 8.5756309484699 8.434949312804113 2.5427741311001593
92900.0 8.235338 22.005009 8.031077885106434 7.828606289009337 2.408089257448575
93000.0 9.434790 30.825974 8.765448979759746 8.712965881851478 2.440533902446881
93100.0 9.188553 25.495830 8.782962438979405 8.567890664261522 2.3559630434779666
93200.0 9.316270 28.921194 8.424781488869211 8.314880028062465 2.324626291043998
93300.0 8.567520 26.023186 8.071661097592326 7.9750789384913165 2.454097552161259
93400.0 9.737423 23.659788 9.399455933325513 9.21521811399414 2.4360290869570127
93500.0 9.420773 27.779480 8.833756825005036 8.661803258479035 2.3671933227220543
93600.0 9.317845 26.810311 8.808921300329617 8.624066783549326 2.5670589965823676
93700.0 8.160949 25.090672 8.109914234889793 7.822206832016659 2.4648120469530124
93800.0 6.595153 18.600833 6.4262293683052185 6.271715194739988 2.4565294726898976
93900.0 7.402616 18.187782 6.941551095572901 6.857070638345806 2.4947657837675026
94000.0 9.725469 30.352236 9.255661109416076 9.079175811866198 2.2919107477347533
94100.0 11.271163 33.408844 10.482806439582124 10.262126331310347 2.254999041418777
94200.0 9.914402 26.367198 9.705629529241252 9.513621993235665 2.488382892331028
94300.0 8.114735 18.203348 8.190085642546201 7.954832731504354 2.352167905174221
94400.0 9.481209 25.845570 8.87690953415556 8.801384968329971 2.37057881591199
94500.0 8.207360 21.632471 7.82624636124223 7.5920105523357995 2.288412943783693
94600.0 8.769779 23.979830 8.432365260027376 8.193918950318904 2.403563661780323
94700.0 7.337761 20.225956 7.015914119696066 6.961765918656064 2.5325854289019705
94800.0 9.171253 26.946460 8.42677586220045 8.277195072865782 2.32244943166631
94900.0 8.696770 28.003760 8.150184976502388 7.9819561552181995 2.415230123015754
95000.0 8.619560 22.338624 8.33573567129335 8.187551196429343 2.400755447244885
95100.0 8.911636 26.668421 8.155629794212212 8.094553900557855 2.2266613904614663
95200.0 9.469012 27.312989 8.59424595387153 8.39212081554223 2.4330943776254608
95300.0 9.088683 27.501168 8.523687782708175 8.284632441063513 2.408587177387755
95400.0 9.380172 27.743406 8.52955083450283 8.413246431330963 2.3382776061435364
95500.0 9.871295 32.602845 9.19049367195379 8.987015439682581 2.4687243580578677
95600.0 10.411849 31.437661 9.725919772469878 9.554408100433305 2.3029110500743064
95700.0 10.013910 33.360689 9.1697814866809 9.015057686354156 2.4001009274066285
95800.0 9.813697 28.873361 9.162996443175393 9.12488443830263 2.2205537256191303
95900.0 9.865747 27.727489 9.226607527458649 9.090693185002939 2.3181012313476184
96000.0 9.619081 28.897706 8.904684744932286 8.792905719870332 2.239778995495354
96100.0 10.153264 30.359959 9.261120687796213 9.126321536037617 2.2617967003252852
96200.0 9.254757 26.090553 8.492207455978255 8.393852376103188 2.3039592712595742
96300.0 9.771631 30.211739 8.93796605470503 8.76357322077636 2.3989582572066968
96400.0 9.543126 27.502354 9.201047144196751 8.95671159128969 2.433955947543279
96500.0 8.826069 26.147273 8.385422608548154 8.312768065096233 2.399261292964892
96600.0 9.180342 29.735085 8.195750035739014 8.053386518471962 2.3117616100955556
96700.0 9.118838 26.107976 8.36662269426656 8.28813473217076 2.5587538867449098
96800.0 8.267005 25.083903 7.73392898889471 7.629625589001424 2.511377201631915
96900.0 8.115639 21.594733 7.541726650752868 7.463503698777926 2.388273260682166
97000.0 7.973291 19.687106 7.483866940841407 7.36594678296805 2.424860465366883
97100.0 8.593228 24.195484 8.139217960802828 7.999323993019712 2.421371437135459
97200.0 8.332222 25.042943 7.753848186473221 7.577971541298491 2.4053718346483333
97300.0 8.767451 26.229060 8.045606493264224 7.875159156507225 2.492306590279523
97400.0 9.176910 24.056213 8.670492319174132 8.622643605850463 2.3621860139970976
97500.0 9.105106 27.641600 8.759287997712658 8.45547626648761 2.390623242661048
97600.0 8.267239 21.726341 8.20036852897629 7.964099744607505 2.355232146834244
97700.0 9.729752 26.640378 9.138410759672098 9.022050257829934 2.3800367950949535
97800.0 8.875532 22.252328 8.674577376777268 8.520431190234408 2.3320530386231293
97900.0 7.298574 22.437113 6.747287639282446 6.704901519731028 2.2173498733042636
98000.0 7.972859 24.488224 7.586929921194865 7.427013031658914 2.3728093833692236
98100.0 8.825344 25.829413 8.320881968457838 8.225326286842256 2.38063404723593
98200.0 7.708456 22.037848 7.355667763734463 7.139960332563301 2.348908529784042
98300.0 8.251408 26.589025 7.604233998513994 7.469192403436396 2.3722784954911162
98400.0 8.382367 21.731867 8.163356134162587 8.030804080745554 2.516536580761229
98500.0 7.559996 22.955553 7.275598918235098 7.071825595126745 2.4267509015957613
98600.0 7.863213 22.402361 7.46891291760329 7.362342728813656 2.468865198449004
98700.0 6.874082 17.544208 6.845007355295673 6.638767446749932 2.363468628647446
98800.0 8.863936 26.686525 8.418682979618124 8.391066617379515 2.354774198901205
98900.0 7.357738 15.687361 7.387236022302512 7.161333112536689 2.3185836980588435
99000.0 8.488716 29.048102 7.758411991031311 7.612762020135454 2.38273937718971
99100.0 9.039974 28.875835 8.27055293431531 8.097596903330164 2.45220639318246
99200.0 8.273910 24.816426 7.761842321831163 7.638240340367874 2.4035873599372577
99300.0 10.241895 28.383479 9.608419609823937 9.445496197289746 2.4422678788830865
99400.0 8.493741 18.970319 8.162059424655919 8.020614027939844 2.252172719294428
99500.0 9.390821 28.837769 8.760725239591228 8.542752764478408 2.389356720733273
99600.0 8.341643 23.996380 7.603373304914093 7.42287105564106 2.290354673179905
99700.0 8.906846 25.059623 8.346673411034194 8.156266426304764 2.2019883815550205
99800.0 9.307990 22.597896 8.68086178008838 8.569303286920018 2.254956118219663
99900.0 7.715107 22.025833 7.393874021146879 7.162479040231808 2.492501084660401
100000.0 9.004152 28.237528 8.559245063578915 8.247300562000476 2.3335567190953705
