# t rg re s3 s4 s6
100.0 4.751959 12.174136 4.607741062643789 4.492957318241463 2.6303758505267196
200.0 4.553240 13.582332 4.600225447009521 4.36581945020829 2.65956156466638
300.0 4.905269 13.932267 4.949775478848176 4.739452733956824 2.5878268949378005
400.0 5.010875 12.924246 5.062031190349443 4.7895406189401415 2.5245953086283843
500.0 4.803486 12.587594 4.747588843998396 4.626990278692226 2.2507192325418677
600.0 4.007708 11.105126 4.096264655244889 3.9084322172034494 2.6803583233026123
700.0 5.240956 16.241978 4.96477435276917 4.739121399014993 2.4758681566082386
800.0 5.190335 13.080916 4.984422478028844 4.818072126953287 2.5239113824457977
900.0 5.030853 14.148374 5.0449996645914 4.7522164009382655 2.431927774483965
1000.0 4.432952 10.263527 4.620675536895925 4.390065449551314 2.4745233876071224
1100.0 4.846519 14.095664 5.042983198465878 4.720068950313028 2.3398119458256037
1200.0 5.879540 19.144393 5.729285169846419 5.350470314210786 2.387792120229134
1300.0 6.155680 17.518538 5.953722480222144 5.728591346986975 2.6003771466026975
1400.0 5.112760 11.832480 5.159374776317821 4.90896476823273 2.2892393169829317
1500.0 4.817888 13.710199 4.859156348789246 4.641823907001376 2.517944091421698
1600.0 5.155071 13.642889 4.937296498180022 4.8980464756709035 2.7184817987251786
1700.0 4.152133 11.398965 4.365366766974212 4.048859715954823 2.544062541355907
1800.0 4.444940 10.357783 4.894661746855035 4.53097418354666 2.1766228756931936
1900.0 4.639772 14.308858 4.529502779817286 4.268367090757555 2.7505095013596144
2000.0 5.917655 18.521404 5.6722242609407045 5.45535071458896 2.3845897933634577
2100.0 5.174966 13.805754 5.110223588659537 4.913324211464851 2.4386476400049335
2200.0 5.552493 14.515037 5.507321463306331 5.2603726785535665 2.4486848168562267
2300.0 3.924561 10.393448 4.021188864958714 3.8008200665711556 2.3458849786380642
2400.0 3.914972 7.827181 3.842284603837421 3.8309115639449054 2.2904353397019857
2500.0 5.158599 15.487405 4.885929798231604 4.769851361247317 2.4073457471188555
2600.0 5.129177 14.791033 5.041523942577516 4.8048698531628835 2.529932737167762
2700.0 5.111587 15.629305 5.097764907479905 4.748772468050259 2.4471492245626583
2800.0 5.001283 15.119211 4.955660935747435 4.686776092746245 2.543256108329588
2900.0 5.456042 15.236708 5.291030017793217 5.121212537906927 2.665724328754659
3000.0 4.516702 13.474008 4.28061727750169 4.19498086490211 2.524114166177212
3100.0 4.794470 14.720142 4.748833737401743 4.5549873298596335 2.5960142160715196
3200.0 5.554192 16.940128 5.304807765841537 5.110294219710331 2.1541569976010964
3300.0 5.050519 13.332864 5.008003093078509 4.834335273778166 2.2445197207849557
3400.0 4.690073 12.901939 4.695662048672581 4.538306186533565 2.770881795927638
3500.0 5.335936 15.035003 5.026685399603899 4.912172970071295 2.449644315942496
3600.0 5.247052 16.531781 5.037966662335773 4.8750031429562295 2.5553629185446676
3700.0 4.791187 14.531627 4.973143243971803 4.5837373439226115 2.520560724165406
3800.0 4.369959 13.058335 4.378237207090941 4.140608439490867 2.157331879281782
3900.0 4.765534 13.950437 4.864940436284101 4.518165892177842 2.39813917127816
4000.0 4.546410 9.810047 4.725432592838398 4.503640636030919 2.406242846780938
4100.0 5.066548 16.333268 4.791414493897952 4.611889102116338 2.466798688199091
4200.0 4.394811 9.886720 4.687682780241873 4.394012637607772 2.5626528092462704
4300.0 4.719183 14.145510 4.8514268817766855 4.537840121143299 2.546399282323559
4400.0 5.305336 15.314217 5.229726825781613 4.937311447303592 2.6004652761687366
4500.0 4.936340 13.267693 4.861246678591056 4.5674003552574165 2.697071676480192
4600.0 4.878744 13.285850 4.862569982351764 4.615142618235079 2.290912140969828
4700.0 5.465001 17.077911 5.329611415000396 5.099984010419571 2.56438756941662
4800.0 3.198998 7.128415 3.455054395584669 3.196971675977252 2.5520264826888837
4900.0 4.977733 13.962085 5.093385821231586 4.815789156273952 2.406641635668007
5000.0 4.725361 14.063112 4.498583644446145 4.335341532842187 2.581059773076362
5100.0 4.490897 11.882055 4.56630756914951 4.434857496959312 2.564489051207221
5200.0 4.529141 8.664678 4.575215608519898 4.372950245505999 2.3626665798626414
5300.0 4.452013 13.679899 4.449871369666934 4.195640719961413 2.5789969822943464
5400.0 4.082667 6.838410 4.311637299383484 4.045742123508291 2.4470397203850527
5500.0 5.387498 17.278835 5.348542745306485 5.094692696626648 2.3037404310469656
5600.0 4.178135 10.311843 4.321686156556247 4.0691654726064455 2.428270774693841
5700.0 4.701531 13.274481 4.623293950063272 4.486821815032798 2.523613199056716
5800.0 4.630031 14.037427 4.589526273301358 4.351313205698089 2.58986579650395
5900.0 4.645179 13.985376 4.48192960229829 4.312357864570248 2.328717178320473
6000.0 4.449557 12.610634 4.633663442917771 4.349001988627442 2.479960677732527
6100.0 5.902015 16.539319 5.904414662290116 5.648177024621502 2.2445758396604014
6200.0 6.210781 19.679860 5.84706466811166 5.628884610261758 2.4190939591368097
6300.0 5.255331 15.381724 5.431015996916506 5.125185938130535 2.5671613418006016
6400.0 4.593460 14.668600 4.301462852452212 4.148200134527216 2.44822634830381
6500.0 5.558588 16.441266 5.393091819538509 5.154702981001768 2.3894396350051874
6600.0 4.611691 11.622014 4.63344874482563 4.480089150048713 2.430762485343636
6700.0 5.275194 14.951253 5.133727507041673 4.945926750247967 2.629663371300499
6800.0 5.744336 18.198530 5.416694686968901 5.162421561317766 2.5242810591764444
6900.0 4.771107 11.660731 4.7002068483157124 4.468470725057505 2.4279980379565065
7000.0 4.058236 7.816019 4.14719827551237 3.963138781358409 2.5756440507865714
7100.0 4.628876 12.269781 4.733358760156996 4.377154859441008 2.555582645978406
7200.0 4.553477 10.123279 4.789438912087155 4.518036615569888 2.4749189747569225
7300.0 4.000986 9.281724 3.9610038373750864 3.829231321436078 2.224735039307667
7400.0 3.373439 6.946224 3.6493099536243947 3.3900420571254815 2.6484682904150243
7500.0 5.261369 14.866446 5.3309393987763425 5.070663342036897 2.5321231119282612
7600.0 3.857516 9.685951 3.7554058321128814 3.6428257981500813 2.181379813775822
7700.0 4.163872 10.098720 4.357307114921973 4.061575367605839 2.2959751867573766
7800.0 4.554040 12.891877 4.505183708524266 4.308200702104749 2.5334796057471367
7900.0 5.577894 18.047069 5.470394143944076 5.160156738201377 2.525192370151627
8000.0 5.840136 18.932546 5.439889444325872 5.30774383878881 2.324903812646309
8100.0 4.011760 12.896848 4.260004262772382 3.7974962113580832 2.673941549483381
8200.0 3.767448 8.115567 4.018747457071769 3.774949220162057 2.7001678456446716
8300.0 4.842910 16.025533 4.8028407463519045 4.460095032810503 2.495549877292059
8400.0 4.461803 12.170939 4.611533881075006 4.356453557774625 2.485241099534167
8500.0 4.742827 12.175560 4.750688231557489 4.559769320636066 2.6567536939507836
8600.0 4.316836 11.500216 4.395561627310249 4.2149275925086735 2.3557751224105363
8700.0 3.755466 8.712657 3.8365833929468613 3.6906968952077044 2.2796351372111747
8800.0 4.076963 11.015592 4.23928887643539 3.949509942979295 2.5413183841249225
8900.0 4.651992 14.195679 4.857187567591444 4.446186312586253 2.6528302141320386
9000.0 4.793256 14.355212 4.632447177321519 4.466603396839609 2.506217841530938
9100.0 4.317561 9.048093 4.394704028357467 4.08347797902975 2.5644895154846954
9200.0 4.858851 15.822422 4.81142106333283 4.543338853491117 2.552065554302351
9300.0 5.638317 17.520405 5.504078477253097 5.187890096649577 2.258165962396573
9400.0 6.032233 19.422371 5.567165430430883 5.36703754406116 2.503210595568372
9500.0 4.194028 10.589328 4.343841108198533 4.029598627748172 2.372998691329895
9600.0 4.208481 14.106364 4.295712825885268 4.02310613924601 2.354534782087951
9700.0 4.943721 14.190888 5.088333423022327 4.752197156559351 2.3431350733326246
9800.0 5.652413 17.099465 5.365849115329909 5.116042877448548 2.3896588491100865
9900.0 4.152777 11.628154 4.404319879474486 4.049627594878343 2.6453928738321384
10000.0 3.981562 9.997939 4.199169080518641 3.88763571483261 2.471057609226553
10100.0 4.905243 14.108502 5.094021325167725 4.691475825805831 2.51489974855936
10200.0 5.166599 14.840354 5.162408939625797 4.918663121682442 2.4687950146011435
10300.0 3.798190 10.938758 3.8915703136359427 3.6747957932733972 2.4177188882077925
10400.0 3.958577 7.224241 4.071269671147523 3.8884416154762262 2.385582235564443
10500.0 4.966798 13.617124 4.848523202619198 4.7104453742049746 2.274529719801557
10600.0 3.368302 7.993014 3.8856775205468184 3.461078938820408 2.713246971295981
10700.0 5.842257 19.188312 5.549315153915069 5.419453366405204 2.5469963715789903
10800.0 4.641769 15.136624 4.553551034522546 4.396336283928339 2.3984939580926183
10900.0 5.404067 16.383988 5.245401809011243 5.021609610863161 2.4725134610676784
11000.0 4.432835 13.196244 4.343220927613454 4.188253274218801 2.249766760625712
11100.0 6.066186 14.304130 5.647503535455139 5.588415704381081 2.5198977237994495
11200.0 4.921657 15.087821 4.979673710808105 4.6436543544097395 2.484639729222542
11300.0 4.720593 12.163379 4.770607351052341 4.598560201172254 2.525856602029731
11400.0 5.034005 12.612939 5.324913789087532 5.001095879303986 2.747660881481337
11500.0 3.639677 5.775324 3.571243265683001 3.466960838769865 2.4589526885509256
11600.0 4.703144 11.446709 4.715176407113676 4.560599895306705 2.2041241371354157
11700.0 4.660959 13.560439 4.77369017484881 4.484458275990105 2.6773950467533854
11800.0 4.242548 9.071082 4.216326602380947 4.111970621612784 2.2602051702376906
11900.0 5.237382 15.603170 5.04836429562335 4.863447764143898 2.4173660058405777
12000.0 4.872819 15.721612 4.962706128112057 4.645977975483352 2.4804384808585516
12100.0 5.141585 15.384760 5.186937418997716 4.861460362212243 2.5898802376379044
12200.0 5.205176 16.828555 5.150704925538595 4.828990722746395 2.3022838858334613
12300.0 4.447843 8.430781 4.557751732771126 4.2923989537654474 2.3400069113743993
12400.0 4.877987 15.338754 4.960335321446844 4.639141386921335 2.4316633169505826
12500.0 5.467969 16.346554 5.444512396619925 5.124383934674377 2.478725447157679
12600.0 3.769875 7.845897 3.8906112073962054 3.6245241959491388 2.395280208146353
12700.0 3.813256 11.562704 4.051630015958765 3.6750161828592294 2.3465885027175144
12800.0 4.941384 12.294818 4.935800660511033 4.703682658168082 2.7349431369440653
12900.0 4.796857 15.786962 4.8082010945529365 4.450123922227357 2.5649689674356755
13000.0 5.321747 16.464339 5.285599465133396 5.006836594751386 2.3679583472212715
13100.0 4.869928 14.731736 4.657458482705642 4.4526278501619565 2.62870482317668
13200.0 4.560250 10.108453 4.787258279365402 4.468290334610799 2.3462183857155217
13300.0 5.327130 14.253219 5.453880201355504 5.165157005347499 2.3181672675737075
13400.0 5.765676 17.547315 5.447198467728469 5.218500012450709 2.1094442737665897
13500.0 5.075105 13.158867 4.978638062267937 4.777803678483121 2.520188963128502
13600.0 4.926420 16.167260 4.783094593417806 4.542117118591132 2.3578960890457963
13700.0 4.924264 15.672025 4.939091441157063 4.632198414373251 2.599221369754354
13800.0 4.772836 11.090229 4.685581916185033 4.516574411679561 2.558334588950094
13900.0 4.073706 11.043865 4.139228195659927 3.93237723904957 2.6142579530386367
14000.0 4.494638 11.281394 4.073259817559848 4.021158423612153 2.244463860986864
14100.0 4.879367 13.925519 4.795274088485749 4.634049303392194 2.363708829904725
14200.0 4.863511 10.637756 4.747668973993925 4.619205623601415 2.4791641151010473
14300.0 5.462375 15.921472 5.145426210403216 4.993362833712244 2.3640988922288506
14400.0 5.483583 16.540904 5.3640713083547436 5.1057604108459325 2.457315456912316
14500.0 4.666453 14.451673 4.685602889278135 4.3493607476558624 2.648242734423081
14600.0 4.937085 13.779677 4.807737436757393 4.701262642225723 2.443915193513466
14700.0 5.690450 17.069913 5.55251104088341 5.2116689336137325 2.428132589572757
14800.0 4.195445 14.322921 4.281323299520327 3.9789137462561888 2.655149449550516
14900.0 4.041323 9.356653 4.135522060196409 3.895780361969382 2.569174681120906
15000.0 5.349939 16.263959 5.579384718095455 5.198537812229495 2.4624729242793224
15100.0 5.840279 18.965266 5.378529647281815 5.230422326364039 2.4229539646281277
15200.0 5.270181 12.230679 5.244819600887842 5.023814919524552 2.5053037076213096
15300.0 5.263364 15.331126 5.004382172653928 4.854101535815696 2.5967505897795595
15400.0 4.300125 11.399203 4.289523979069345 4.047765474559644 2.318880899723086
15500.0 4.620620 12.178686 4.50833559475655 4.3423744103836945 2.4395134631139324
15600.0 4.834176 12.173500 4.909291461651552 4.634855685877122 2.682926998588147
15700.0 4.173548 9.683385 4.214021873708126 3.9934999444504196 2.1929871326245065
15800.0 3.797092 9.941145 4.031686433274716 3.790794283060379 2.4298859163265467
15900.0 4.678159 13.308430 4.425002697438478 4.30298253037488 2.5463691248376006
16000.0 3.400935 8.271500 3.741356710526375 3.4276455816952955 2.281156756601308
16100.0 5.110684 10.478443 4.706365621098599 4.7074765251268555 2.1737426614925055
16200.0 3.670131 9.667477 3.764613337357897 3.5281647780180423 2.375062410245839
16300.0 4.168509 9.639720 4.3305761557058755 4.049948270967331 2.493060875244536
16400.0 4.445494 11.527758 4.155765253086796 4.163660310874953 2.315311216292338
16500.0 3.989970 9.621697 3.923230244008652 3.8349148894375045 2.6064485102001536
16600.0 4.551505 10.745624 4.595807682704739 4.356525635497124 2.4500573353819513
16700.0 4.709846 13.433276 4.510441866710698 4.321496885644071 2.5436106801723346
16800.0 4.473304 12.356049 4.8952904034784535 4.443149805131942 2.6023006201409027
16900.0 5.063612 12.768695 5.145759309545754 4.9128736427680275 2.447249831485291
17000.0 5.192236 13.858751 5.13861427574364 4.94549311600366 2.419516517433704
17100.0 5.535414 18.160463 5.189135323180775 4.994312909027959 2.4530294834675117
17200.0 4.661016 10.860211 4.662420220666785 4.476718189690723 2.583780739271203
17300.0 4.646962 13.674853 4.54604046370896 4.391953059745362 2.384268694946811
17400.0 4.988623 13.547167 5.052119506416729 4.796760569854699 2.5285377614264735
17500.0 4.910653 13.648375 4.711988055826121 4.529906456644804 2.610941612970944
17600.0 5.818765 18.193893 5.571890595234997 5.347645003455121 2.4851322701243803
17700.0 4.068402 12.786207 3.8734718424415173 3.76244164251218 2.4782889881923
17800.0 4.506449 10.166826 4.618377867110693 4.412991903173103 2.2099166115129973
17900.0 5.127468 14.101503 5.122188164183413 4.792226363786948 2.54946017887798
18000.0 4.175987 9.882855 4.372530941406856 4.085587827606005 2.5437325332382676
18100.0 4.483109 8.997668 4.366444990778135 4.372998074726789 2.6530765423568368
18200.0 5.995477 18.808048 5.706950699283081 5.533540665212992 2.137662566066385
18300.0 4.614450 11.672840 4.647863859793459 4.421765785037303 2.515969175710892
18400.0 5.395509 16.046859 5.215840113663159 5.0151904225045945 2.6630770762995732
18500.0 4.760506 13.459356 4.7169021150584864 4.4630667448066745 2.4767134343333383
18600.0 4.573455 13.489094 4.680276588999218 4.322395447734104 2.615103116442975
18700.0 3.952163 9.771716 4.08093073769848 3.866687387702939 2.4957071036460374
18800.0 5.048874 13.588644 5.126913528626509 4.831663442947436 2.358002658296057
18900.0 5.364342 16.490523 5.2939273919845125 5.016812815312419 2.3798173546285875
19000.0 4.528300 9.011755 4.7858666506632614 4.505244756520186 2.4565184495638266
19100.0 4.580190 12.393982 4.55113567137899 4.351068505699687 2.5549231148966403
19200.0 4.761908 12.990310 4.683549163419549 4.422737455030298 2.4275590871460393
19300.0 4.504905 15.120066 4.672042565438407 4.2461680970035 2.2991943755356163
19400.0 4.341876 12.366469 4.277251037751446 4.084861133683816 2.708694483030399
19500.0 5.929405 18.583050 5.76208524416374 5.531262760203811 2.4518513067307994
19600.0 4.914253 16.049109 4.703602734419323 4.566035765084571 2.5660746151735503
19700.0 5.256796 12.309581 5.468646460663035 5.099961642380877 2.329554573852311
19800.0 5.345656 12.407566 5.531277419822249 5.1887906033212845 2.4845161348703586
19900.0 4.959198 15.546297 4.980840644117823 4.598688697634502 2.3762015666123095
20000.0 6.600485 19.851170 6.2474338261730855 5.99437376271717 2.5548492576745456
20100.0 4.635987 10.739026 4.697437033776511 4.397871239196262 2.4372036985568255
20200.0 5.045396 14.824673 4.957546693917269 4.67839521370795 2.4817343739733237
20300.0 6.086847 18.975750 5.772928975630695 5.5257147541627605 2.6871690319387413
20400.0 5.504664 15.562083 5.318594833873852 5.178123706973352 2.324401267002477
20500.0 5.574683 12.860800 5.108187494370308 5.064470264605195 2.409563587021802
20600.0 5.321704 15.769054 5.277283102904995 4.9586628548113945 2.354562483309386
20700.0 5.046427 15.345041 5.044449284272734 4.751883919716127 2.244593981489439
20800.0 5.635871 15.296327 5.319657095834862 5.169085241288014 2.5484776837159213
20900.0 4.705708 13.873588 4.670494635570985 4.4712541930932765 2.570571632007004
21000.0 5.058259 13.198231 5.213150625750245 4.880052261125687 2.435220203190658
21100.0 4.447344 11.218163 4.465786923292404 4.241683903401199 2.507050732031752
21200.0 5.092686 15.773009 4.900222563322516 4.718678185152257 2.379716161128252
21300.0 5.974702 15.931624 6.007552134818626 5.679197333943664 2.4091719118943757
21400.0 5.685238 16.884277 5.797137837352975 5.404647346289195 2.490390679568567
21500.0 4.131091 8.837936 4.393272726676832 4.104799308917822 2.335877545158807
21600.0 5.044024 16.279764 5.008687224463508 4.718309477076879 2.6292574977212575
21700.0 5.376503 16.108595 5.191098790364609 4.988760676583855 2.851946461377681
21800.0 5.018696 14.087970 4.783433707944036 4.607045323245191 2.3915281874603003
21900.0 5.286836 14.902999 5.122353310680401 4.9013770978679485 2.3234209173783205
22000.0 4.337780 12.487251 4.218388207516247 4.109164892364605 2.4424178437080593
22100.0 5.210351 14.525681 5.27767798171125 5.014563126934954 2.51417334487081
22200.0 4.666612 12.581838 4.922968816122807 4.643571260643586 2.3027533738463997
22300.0 5.249118 15.874690 4.974641019431352 4.809510100352764 2.394552894130327
22400.0 4.728671 9.924438 4.948437653488952 4.608618470794225 2.370817640760764
22500.0 3.818450 10.181267 4.136349732323515 3.7980652682932474 2.5540375329389127
22600.0 4.789711 15.064430 4.755791003265277 4.449892527117129 2.445232491281856
22700.0 4.629493 13.955625 4.791875250931717 4.420985528795454 2.165127540229063
22800.0 5.071084 13.459718 5.159387585343969 4.90024989892426 2.4735141688157984
22900.0 4.757446 10.952844 4.621285550275865 4.457239461879768 2.551644663339485
23000.0 4.870009 11.619056 4.868257289295322 4.648389289391358 2.48999976838419
23100.0 5.524777 17.432749 5.316052811345739 5.017018578002805 2.7622907850264036
23200.0 5.201073 15.118262 5.367327149811232 5.004903867246694 2.506324718488458
23300.0 4.117842 10.662181 4.104105552978137 3.9671694031660234 2.493017368303248
23400.0 4.832982 13.788690 4.807662615039922 4.545609010475662 2.7939460714815736
23500.0 5.192381 14.579093 5.015864633739351 4.802295981332207 2.4844619689829193
23600.0 4.884245 12.703931 4.859448427891449 4.640237015880254 2.610128493234735
23700.0 4.643887 12.110198 4.60639158784373 4.433833025143304 2.4977262239332387
23800.0 4.545149 7.670552 4.478456555151459 4.396093445964507 2.6646785400122313
23900.0 4.648077 12.584100 4.759673125246639 4.453996507123464 2.4102412620936513
24000.0 4.881963 11.281513 4.898451156909118 4.6895886849545905 2.4240199341499875
24100.0 3.252463 6.624300 3.537233872772463 3.246907402559727 2.430444737621055
24200.0 4.947464 12.468861 4.866848303544984 4.642541020770478 2.756305255237792
24300.0 4.485141 15.435420 4.528911685457057 4.17223471574724 2.6053447003980366
24400.0 4.358759 12.547230 4.459728408829096 4.2278133601482475 2.7006921568388167
24500.0 4.597836 9.383919 4.733045203560075 4.419433610576798 2.518349621627878
24600.0 4.908949 15.059043 4.954059178645562 4.5717636118241325 2.4380617797685096
24700.0 4.920035 14.193487 4.930838436703874 4.590793802401463 2.3841333249070997
24800.0 3.854349 8.423488 4.2774637999894995 3.937931720811719 2.476869342599127
24900.0 5.051271 12.725991 4.930707737982739 4.748723344597044 2.3511454675440473
25000.0 5.590016 16.308638 5.341471870283606 5.149428393595841 2.642365757763008
25100.0 5.393549 13.790520 5.334722281840924 5.1508684592790335 2.5201514135527807
25200.0 4.572660 14.054966 4.647822371478331 4.358465438166264 2.585552231274401
25300.0 6.095909 19.062731 5.871937146341418 5.650813553822552 2.5066510849769514
25400.0 4.407649 10.845053 4.557136536305289 4.296100014228766 2.5091374306775953
25500.0 5.238628 15.354852 5.008180472375116 4.825186727450054 2.3451483379726263
25600.0 4.838936 14.725883 4.786623735095041 4.54267585659707 2.4398344621278247
25700.0 5.246458 16.098680 4.922285221962832 4.766561630727079 2.6398425062353557
25800.0 4.882840 13.285119 4.661949871524038 4.470862318682903 2.6256393579280006
25900.0 3.651071 7.395669 3.8308197267460775 3.5687432759439233 2.3358903123209136
26000.0 4.896678 14.041676 4.7918923167019285 4.561877008515362 2.511767614572231
26100.0 5.166770 15.308159 5.11317359297527 4.8458053518248665 2.595363416546449
26200.0 5.460643 13.331000 5.338310055312084 5.189074975392986 2.3583526733210842
26300.0 4.365025 11.124974 4.147772320518925 4.05627370189018 2.5496063828736295
26400.0 3.648263 7.333013 3.8963330860798058 3.6555030491036677 2.4567297176954384
26500.0 4.748940 12.885266 4.788740809951344 4.626233733427312 2.653536312837533
26600.0 5.806679 16.804790 5.827801462546604 5.407484625771668 2.3729359334583573
26700.0 4.243696 11.382548 4.197391795765643 4.02904371612325 2.3315970976459655
26800.0 5.999845 17.938630 5.838128300009499 5.525850495697628 2.5061942412870244
26900.0 4.217609 4.861384 4.349010997404956 4.227674161476973 2.4052250650057116
27000.0 4.515973 11.362647 4.670120547670595 4.397164826706347 2.3795883894393204
27100.0 5.021566 16.126396 4.824102014328748 4.601916108560089 2.115369314153519
27200.0 5.263704 14.435894 4.860326352109686 4.8304658965316465 2.277680053936356
27300.0 4.187001 11.041478 4.394547016113725 4.018420933334157 2.3715299762198416
27400.0 5.126255 15.644518 5.2119049063472245 4.853938104763761 2.4281747093056225
27500.0 4.003706 11.905658 4.0444251267214275 3.75241401542267 2.4380476768493247
27600.0 4.687563 13.227943 4.612237517798567 4.455168761192323 2.5331141766874032
27700.0 5.214519 15.945464 5.058264662242747 4.872411488084684 2.4673113189041684
27800.0 4.881764 13.380651 5.117560142310324 4.685068519586253 2.435931603356798
27900.0 4.648441 12.869746 4.466573806049931 4.406122318593019 2.2268961963487395
28000.0 4.517355 12.620117 4.844238904427993 4.47144865147691 2.2517882711108173
28100.0 4.556421 11.164064 4.353299144940547 4.288587826830149 2.7506467291916668
28200.0 4.754421 12.259889 4.526628329990152 4.513952053233284 2.2916066552026284
28300.0 5.484071 18.771254 5.3510897669937485 4.9916046277971855 2.2658789320662067
28400.0 4.739955 14.816379 5.119709279464122 4.637005609080455 2.5518300918121755
28500.0 4.332653 10.952756 4.583640614957518 4.302754724686486 2.5628791228813617
28600.0 4.888989 14.165249 4.9554556071506255 4.602356281320943 2.6635135248775175
28700.0 5.447194 15.610237 5.33711175095047 5.1392431956726 2.303093708255088
28800.0 4.007651 8.880576 4.25552802758157 3.9721459401654324 2.5985098017473516
28900.0 4.216824 10.869618 4.425651159603721 4.125637674871171 2.3979261048486555
29000.0 5.124831 15.610302 4.977685551496399 4.825236083631511 2.5081918936451304
29100.0 5.267183 13.698329 5.075864755355628 4.876054648044116 2.5544979277574082
29200.0 4.640791 13.266079 4.647517867389981 4.390363014001496 2.6454978635510145
29300.0 5.001453 13.946469 4.9332280155079555 4.668153133377637 2.79979157152873
29400.0 5.195579 15.661802 5.158695182505637 4.815855605896501 2.490435134366624
29500.0 4.691349 11.727188 4.775752432174647 4.493087650780722 2.5616859192391233
29600.0 3.722763 10.002752 3.788205199427883 3.5803595455269837 2.5758576375428217
29700.0 5.086589 14.779768 5.313041176346014 4.863335890233673 2.2449147459605445
29800.0 5.229482 13.645743 5.091204081348496 4.85976448243578 2.2942577639497306
29900.0 5.099943 15.129013 5.12483437270995 4.800466953478729 2.6036729324184966
30000.0 5.886591 17.434547 5.826563606845751 5.537183276085675 2.3665170454936186
30100.0 5.048844 13.640573 4.965593952486705 4.617030674936876 2.5853443436171246
30200.0 3.755734 11.115921 3.7609971343335546 3.5994430592075393 2.501534727868975
30300.0 5.458972 15.020038 5.681000739121505 5.208021968859308 2.5714828296049963
30400.0 4.341200 10.376092 4.468994682979679 4.245833206567714 2.634250380713835
30500.0 4.747227 13.356019 4.858706722943501 4.487823759314272 2.5399150472929444
30600.0 3.874373 12.857449 3.8097587415547 3.637272159085248 2.38589237327953
30700.0 4.506420 10.974412 4.486293302807342 4.3131001269713245 2.4822887965340774
30800.0 4.285020 12.380270 4.4728613884615 4.149023652121134 2.305353623354878
30900.0 5.682281 18.194380 5.530097701119477 5.221488704443153 2.62260636590942
31000.0 4.929173 14.461992 4.854825380504775 4.649760775159042 2.678903411340527
31100.0 3.829424 10.979796 3.8614630384940236 3.6494221881451225 2.3972936862877563
31200.0 4.855513 14.708900 4.852099054221045 4.654348177439545 2.5056608720541784
31300.0 4.832466 11.265978 4.531315626424535 4.560156985068302 2.3338667138046003
31400.0 4.803815 13.664186 5.025066667564837 4.673773848204721 2.3826813540699328
31500.0 4.740727 13.270170 4.550824696155281 4.398703686213218 2.434595604152069
31600.0 3.557093 8.785619 3.7043618816804513 3.5081422491848158 2.2892489324956142
31700.0 3.854649 11.146832 3.8819772481169603 3.7298019857402798 2.6305318529354533
31800.0 4.378283 10.888748 4.2434497419361055 4.102524330080271 2.607545001365581
31900.0 4.755011 14.031245 4.907038279002276 4.627201523351551 2.242337294500401
32000.0 4.341808 10.612740 4.527519577532761 4.273580287269063 2.4393877458748205
32100.0 4.345521 12.839713 4.186884102591434 4.130302016405963 2.4633904898373515
32200.0 4.903085 14.588271 5.1389118806282905 4.777346643094911 2.326053149933605
32300.0 4.883935 16.540595 4.456595451105315 4.3478391155374 2.3540677896787736
32400.0 4.441769 9.124750 4.831057050977603 4.456095014452836 2.289268862040007
32500.0 4.474969 13.598563 4.288312806168823 4.08980696719049 2.4705781761494854
32600.0 4.540353 11.544202 4.604625352414359 4.393106904285207 2.3717800899849313
32700.0 5.283527 16.233076 5.133397941867845 4.939197242546297 2.48723821770624
32800.0 4.790488 13.007902 4.447859053412938 4.421529564387589 2.301154695483384
32900.0 4.882939 12.991164 4.67183307309067 4.5273087563608625 2.4970143036606776
33000.0 5.485555 17.006212 5.3968956628698095 5.086049677666886 2.5023218799329934
33100.0 4.954512 15.144301 4.926449637625835 4.682598502609649 2.4367159848269657
33200.0 4.165348 11.749653 4.0343477771711 3.9011323734669414 2.621160788416229
33300.0 5.163526 13.993244 5.2444905064041585 4.94624389685574 2.3892579097409192
33400.0 4.840340 15.531705 4.780535197726263 4.516867941453124 2.5001521736524857
33500.0 5.738489 17.675412 5.300190276772777 5.1395984238428705 2.6262107066511207
33600.0 3.771182 7.775452 3.8181571455667784 3.60244357312984 2.723997550586911
33700.0 5.428550 15.763221 5.151517374554237 4.993044047710953 2.5981937101859907
33800.0 4.552736 13.038031 4.762222339418635 4.468982965136797 2.388647788906639
33900.0 5.463795 14.407087 5.143283211776197 4.994482498794992 2.470381866777504
34000.0 5.340721 15.537141 5.1775844821461465 4.914377260054695 2.5727747499252915
34100.0 4.730789 14.072948 4.44582536563883 4.455108987134594 2.3247987538382113
34200.0 4.584479 11.880343 4.550346118165077 4.3874475427251 2.298227713133993
34300.0 4.742307 14.627052 4.797962555861868 4.4324405456775295 2.313040294551023
34400.0 4.758408 13.339564 4.775729754752878 4.491373125422885 2.5649603955238094
34500.0 5.143596 13.822420 5.2687676217622705 4.9387394084318395 2.1524906202380474
34600.0 5.408630 14.978153 5.4122323347863155 5.084356469473692 2.616918716791354
34700.0 4.135688 11.647970 3.9736793931726986 3.8565323702671543 2.3045864813550616
34800.0 4.630818 13.251677 4.929221189744675 4.532392600828339 2.5630053014371583
34900.0 4.247469 11.198359 4.229296142001349 3.991549804631571 2.5219315793249573
35000.0 4.095301 9.740724 3.978371986248332 3.9251083108730356 2.321240602777536
35100.0 4.278562 7.471904 4.501533495862414 4.258804596498696 2.362465504783343
35200.0 4.291427 12.131187 4.361895151645344 4.137306477880767 2.7651783510266212
35300.0 5.342543 12.973182 5.2082137741216945 5.05081374306096 2.398767586291946
35400.0 4.871084 14.233410 4.911461651725516 4.600159600481536 2.336086303636585
35500.0 5.069231 14.261716 5.016150150960997 4.782609119701089 2.429001477383153
35600.0 4.556475 12.446770 4.703694086762698 4.412559830761644 2.4225065130230736
35700.0 4.529027 14.491261 4.284710450156375 4.20723630577178 2.3630314228982683
35800.0 4.199196 12.435022 4.45667827992558 4.123488686675755 2.496155970698702
35900.0 5.353086 13.723686 5.490922006928172 5.140386268445712 2.335363583373214
36000.0 4.818557 11.307690 4.79141711258511 4.566512603028134 2.4519299884609347
36100.0 4.299370 12.314640 4.267855645112874 4.068966578394637 2.8388035065118573
36200.0 5.451693 15.276374 5.19583676989676 5.049424642208067 2.4099492420108732
36300.0 4.410357 12.667784 4.529627024469367 4.235449563826191 2.3837991831869947
36400.0 3.949716 9.401176 3.9388609100467384 3.803050691079611 2.6633527484894297
36500.0 4.484075 13.038003 4.743419744065657 4.398585970827555 2.538137272673734
36600.0 4.393038 11.869369 4.315873108254379 4.0974380840743745 2.6697906659989674
36700.0 5.474939 15.260995 5.3283936215314975 5.095792896704703 2.430949616818208
36800.0 4.827105 10.912205 4.8769677445360395 4.665108798455898 2.420546642859883
36900.0 5.053469 11.604152 4.791895657817707 4.67942600903932 2.428087641583119
37000.0 4.695841 14.387358 4.855180347668496 4.540297941767932 2.5660157288520415
37100.0 5.155177 12.212880 5.014633711711078 4.942820810190935 2.434980933398172
37200.0 4.421059 11.242432 4.5084262808108 4.321590735985167 2.539529953098326
37300.0 5.332651 15.152068 5.023731223543088 4.935303011203908 2.3651431016963658
37400.0 4.799236 11.505191 4.587382915821922 4.528776641339271 2.568560665440168
37500.0 5.810986 17.741603 5.439273380887122 5.3089588880377265 2.490408462513942
37600.0 5.125017 15.954802 4.881030460554466 4.650127943481143 2.397987002576859
37700.0 5.444736 14.682142 5.418965749764862 5.152082798138797 2.1738646838012814
37800.0 5.062604 13.473955 4.961335309409278 4.725354990924972 2.3717614931665083
37900.0 3.992829 11.211335 4.074980241436689 3.9287341837142966 2.612057545069884
38000.0 5.126748 13.727045 5.047684632694822 4.8056218381067355 2.6116788328741913
38100.0 4.513990 13.272364 4.822804975495032 4.450521469972384 2.319650566158877
38200.0 3.611991 11.403681 3.7107064713019744 3.488904379245779 2.820339488916709
38300.0 4.118157 13.294919 3.994766903660523 3.794752040514525 2.495736058489256
38400.0 5.022042 13.221460 4.7303959348239175 4.574862637555256 2.185590784941352
38500.0 4.802799 12.270927 4.826031085415279 4.560766446506938 2.4151263292875473
38600.0 4.972570 16.790792 4.734672170952587 4.543843866806189 2.4652189182615687
38700.0 3.822989 10.692049 3.8329565696323535 3.6833267358569244 2.839825605840922
38800.0 3.988060 9.739640 4.124841057258122 3.9346638615528224 2.5671642622678283
38900.0 4.294735 10.887477 4.464737553538 4.201304823687318 2.6367066599878175
39000.0 4.637635 13.756883 4.665856434762822 4.374338713683658 2.53507510161059
39100.0 5.130006 16.945567 4.763370794636566 4.67580670163871 2.6533832223004787
39200.0 5.160275 14.269495 4.90487804855753 4.723479187355544 2.4744530976648567
39300.0 4.842342 13.308341 4.813364880164618 4.643165530720834 2.270036254111329
39400.0 6.060567 17.705492 5.799724864176188 5.490817911256272 2.365681536021419
39500.0 5.269918 15.854450 5.053911799613254 4.8611093433169525 2.5407897490854157
39600.0 5.574262 15.680381 5.51988793619598 5.174497480444947 2.315076003269086
39700.0 5.817396 19.492771 5.482454916805356 5.327588165493128 2.445986382668898
39800.0 5.149221 14.277929 4.956700012200052 4.767564575567292 2.370135844859627
39900.0 4.370973 13.722995 4.7172971321375705 4.285746795391741 2.638060393168276
40000.0 5.095960 14.232283 5.078878631259568 4.78416213168513 2.594120389034209
40100.0 4.999333 14.580132 4.851777963505992 4.718501319119316 2.4609223608423485
40200.0 3.936073 8.840125 4.280144032460792 3.9828064488403387 2.454900070011085
40300.0 4.393218 11.480177 4.546652190264562 4.24852903183689 2.6738768429478497
40400.0 4.980724 11.844855 4.939053970639127 4.771470915384706 2.536965786981329
40500.0 5.464004 15.273419 5.369691234707767 5.156722543105749 2.6642025250351242
40600.0 5.444876 17.291892 5.226551798972011 5.011437830659674 2.6070553201453532
40700.0 5.122552 16.383748 4.83879971333457 4.669050785486015 2.526788459041983
40800.0 5.132441 14.256544 4.9219100667558635 4.714571912265689 2.494255822743584
40900.0 4.650781 14.220690 4.600082984168196 4.342479086351043 2.383257882252805
41000.0 4.667324 12.064201 4.532954277249765 4.443121148010769 2.263400751492115
41100.0 5.199603 14.271405 5.025010103903296 4.845718655522758 2.4805501483008525
41200.0 5.408141 13.557291 5.097405788695698 4.990254851702594 2.6111752187449637
41300.0 5.471866 14.424593 5.4867774482756495 5.204395616251181 2.4615536670967257
41400.0 4.606177 13.289133 4.660225129161208 4.350030286669857 2.4671029336754913
41500.0 4.785704 14.319516 4.661834398751561 4.4348922614054525 2.3834286815297636
41600.0 3.990708 10.473228 3.9008280543597325 3.752809410430926 2.2936455507528595
41700.0 5.623357 15.775331 5.445906925227119 5.223415835966734 2.466586105427234
41800.0 5.352939 15.550547 5.2798186453664515 5.02251807241331 2.373854524595203
41900.0 4.707338 11.893789 4.7199272484635415 4.455808147819476 2.347085264530101
42000.0 5.203838 16.339008 5.00377324796616 4.840269617593734 2.5378186091324704
42100.0 5.897977 19.407222 5.708841108132133 5.397966629920303 2.618858003537196
42200.0 5.561233 15.733443 5.426212875837582 5.269173050791673 2.3943966101214005
42300.0 5.217560 14.141670 5.120444784317519 4.883376052797374 2.3469604118904632
42400.0 3.731293 8.220279 3.962983806717737 3.628486801480526 2.2021448356473607
42500.0 4.870707 13.597090 4.8198734073567415 4.706169874917734 2.1711398350935314
42600.0 5.141192 14.768031 5.05754939871127 4.766507425183777 2.4458617309163087
42700.0 4.551880 11.502920 4.523623844769831 4.3158786719348115 2.4449671094049847
42800.0 4.180739 11.655199 4.430014598532164 4.05886414878419 2.2295003655097463
42900.0 4.345147 11.001700 4.457490701767301 4.2433931173948 2.5498758367896173
43000.0 4.709602 12.741061 4.735613320892637 4.507198975042891 2.606868945921195
43100.0 4.893145 15.435916 4.758689711485041 4.487896179623608 2.6172675146867275
43200.0 4.134332 13.005597 4.178728212064179 3.946026860410897 2.479526868462111
43300.0 4.829093 11.572014 4.8738775605806275 4.669884412900712 2.502094490058701
43400.0 5.528931 17.019266 5.466683549071744 5.1311858911016595 2.6171997849215964
43500.0 4.478200 13.739707 4.525137651405588 4.260408283737789 2.532874104555091
43600.0 5.218614 15.547868 5.1799608902905625 4.876348395721763 2.73261631352356
43700.0 5.757060 15.019700 5.274539217689405 5.364524354714756 2.3014414390529807
43800.0 4.404981 10.567485 4.323051042311105 4.154252711443534 2.3865542382275455
43900.0 4.488945 12.033486 4.335636172309297 4.2442218192326475 2.2623304976083043
44000.0 5.524919 16.733033 5.213694534602576 4.93367395644801 2.518704721048887
44100.0 5.264579 14.978473 4.875261941759828 4.7759476396243095 2.692778956560496
44200.0 5.700165 17.470880 5.434824840098573 5.2293730453136895 2.4202632282696452
44300.0 6.035837 19.329579 5.7864687962966235 5.525882428350876 2.2096444940841593
44400.0 4.455235 12.666892 4.8345925163191135 4.405325744999085 2.4100819795274666
44500.0 5.958335 19.175316 5.643673554974787 5.408645185869438 2.327275128158443
44600.0 4.594618 11.796318 4.8340654555464795 4.510919570578302 2.4178090638789342
44700.0 5.362774 14.888176 5.127903108033762 4.971538207496285 2.3256934952747392
44800.0 5.811265 16.592234 5.554243666727904 5.366863813258093 2.467922730842713
44900.0 4.440531 12.666634 4.394497369854186 4.22028350690008 2.346838897505565
45000.0 3.757022 7.739248 3.8901072008279547 3.6923569742556426 2.6319548585145474
45100.0 4.608738 10.669514 4.841479136474037 4.484571797089841 2.3366106490790175
45200.0 4.629521 13.673907 4.850375471897292 4.451041978777271 2.5645678268295473
45300.0 5.110534 12.698779 5.127616910911106 4.857017706333823 2.271618148757746
45400.0 5.556749 15.694393 5.650104912042451 5.324857408012005 2.6145890975755535
45500.0 4.361644 13.494996 4.331022722867921 4.085875196408111 2.5427125893335623
45600.0 4.877519 14.387308 4.914827359384412 4.6262504902062505 2.654291346111177
45700.0 5.027880 16.735181 5.1210639257043145 4.72400391006237 2.5756050325583186
45800.0 4.718258 11.826773 5.106390232482667 4.616611725552486 2.5412030529617393
45900.0 4.129756 11.951735 4.121610593105545 3.829465852872229 2.4794598901170093
46000.0 3.960910 9.142783 4.244675370927294 3.9628680964007574 2.1991992468937243
46100.0 5.969122 17.408174 5.8606920113268055 5.484336145020245 2.521078871034216
46200.0 5.700405 17.236586 5.608025092327433 5.309678336124716 2.482664457457314
46300.0 3.888901 7.023142 4.1739344200720705 3.832949434074533 2.285978351629077
46400.0 5.566660 18.599448 5.509358329224522 5.157797244067241 2.495058745637998
46500.0 5.313873 13.976129 5.230323229036688 4.9936431288275145 2.350563448134989
46600.0 5.627885 18.092603 5.231634498352756 5.04620820578282 2.4321464916544353
46700.0 4.233784 9.525155 4.350852414361219 4.150689569066543 2.550876571760467
46800.0 4.793815 14.292470 4.921325079956435 4.650062595885369 2.3176498791324454
46900.0 5.356432 12.319859 5.518101974932955 5.178590651475076 2.5206766639150917
47000.0 5.279683 15.528921 5.117572106440623 4.865056312492608 2.734719872498255
47100.0 5.125076 16.012619 4.96266720328359 4.790481379106483 2.6757686488885475
47200.0 4.222904 10.951694 4.433713362316084 4.078729348362999 2.4830215006112177
47300.0 4.321864 11.932746 4.416507924499488 4.237661420708994 2.5543884869846845
47400.0 5.057133 13.588389 4.934566416196761 4.725593879043065 2.26741359744159
47500.0 5.410243 16.515380 5.00905376869392 4.873324690367712 2.670348559304858
47600.0 5.796929 16.181784 5.846486663399664 5.542331525015814 2.2990832230477953
47700.0 4.842448 11.201117 4.806734095984273 4.73420675010616 2.5019572446632696
47800.0 5.185666 15.616053 5.078050771801289 4.845219532355464 2.6781875595132103
47900.0 3.337593 10.638661 3.6247415408635573 3.3058071217012905 2.6577076549171683
48000.0 4.619405 13.943438 4.53544398422009 4.3533188720710685 2.4804665734816895
48100.0 4.511616 11.281606 4.451054841696293 4.363123394033986 2.3522656984936985
48200.0 5.036419 14.189111 5.036743819586001 4.707027349219092 2.6108569342639294
48300.0 4.580096 14.701338 4.563685846452138 4.239099906304283 2.402884530388764
48400.0 4.235833 11.448313 4.385273279636836 4.108589723284523 2.4915217152782736
48500.0 5.398197 13.851902 5.355065802462642 5.059087462600377 2.452844032833562
48600.0 5.074745 14.919703 4.955654960314502 4.845800965122034 2.4566590979768006
48700.0 4.662542 14.453431 4.941989884338947 4.581408296861022 2.5737953628666417
48800.0 3.945893 10.903575 3.9261098837739743 3.7810989438848974 2.557089232971961
48900.0 5.651208 16.914770 5.548148508198218 5.352971543476696 2.567514352006783
49000.0 3.917118 7.797530 3.9421663019404054 3.7581569003614574 2.6103400380675463
49100.0 4.561937 9.951928 4.781293624032906 4.520284582005944 2.3973630491423013
49200.0 4.504840 10.053562 4.499575547847219 4.378223918508813 2.322623666041205
49300.0 5.589139 15.590815 5.445515082809674 5.239408839108743 2.6719390296728975
49400.0 5.678146 15.769756 5.272369454333806 5.241057072185 2.7929913057313382
49500.0 4.875795 14.393759 4.623507231227927 4.447561591539743 2.5884998825890366
49600.0 5.322143 15.427344 5.241132156043613 4.998074371939144 2.216576187109659
49700.0 5.152291 14.472261 5.215428022992022 4.876005482533958 2.357510438755806
49800.0 5.382147 15.667767 5.151418003023911 5.000486226113682 2.4777379937638573
49900.0 5.588983 16.603414 5.581051032278044 5.2875394824776025 2.2443591675686947
50000.0 4.711165 13.577414 4.740518998452755 4.500447709160792 2.3984484252036213
50100.0 4.804976 12.123705 4.847273048829151 4.594174124094891 2.535858597987973
50200.0 5.250353 15.149075 5.142954027377739 4.9845068872475595 2.3772490295610953
50300.0 4.467800 12.577755 4.4150483012718365 4.1335420929068425 2.5091046953959597
50400.0 4.849944 13.302895 4.961504592165403 4.6180605203208485 2.520996962335715
50500.0 5.088085 15.516042 5.035511142525636 4.761890189878784 2.405320778924279
50600.0 4.242984 12.480996 4.1319233844073855 3.973641827492538 2.3658186243713457
50700.0 5.548943 16.175405 5.547006953026955 5.212928898778282 2.3555883579560377
50800.0 4.857788 13.403317 4.769907773518827 4.502553576854178 2.5694446210177673
50900.0 5.288223 15.014149 4.730824262390647 4.7554621448713155 2.477546726057895
51000.0 4.966499 14.646310 4.681343572195975 4.482011252287006 2.4816898661939053
51100.0 4.561314 12.338002 4.475730418683677 4.271815534368626 2.5031560435272495
51200.0 5.630243 17.569175 5.711617079361589 5.2965270302813945 2.6618602394141986
51300.0 5.601193 17.027382 5.53302721280964 5.170430736256454 2.4504608277661717
51400.0 5.217154 16.456190 5.183338096353565 4.943646671899725 2.7594300809584897
51500.0 4.618606 13.706127 4.508289252642344 4.298034716608973 2.6296154205806963
51600.0 4.672461 14.299843 4.513914194917257 4.370895472578844 2.4963824733622437
51700.0 4.423847 13.764036 4.249770324864477 4.090502158905513 2.3519312630866045
51800.0 4.286388 11.227691 4.498218500170856 4.237111115128824 2.685224928408347
51900.0 5.055756 16.474581 4.898900431522187 4.658263975830924 2.468394035158035
52000.0 6.023826 18.524605 6.190775309272572 5.7500756482344455 2.424452374449085
52100.0 5.082779 13.375409 4.988360509268481 4.735295647446562 2.5003852424718525
52200.0 4.890938 13.901450 4.861455768325381 4.635137499294567 2.509527630266562
52300.0 3.977848 12.122647 4.040151494482865 3.7905886802546016 2.5600860382809985
52400.0 5.442162 16.785028 5.464023618037986 5.019891380758217 2.6260495841499543
52500.0 3.682926 5.220450 3.96472145103424 3.665390163191795 2.588391551407634
52600.0 5.225932 16.344122 4.782671621410376 4.740224191772928 2.260919534092604
52700.0 4.195060 10.427215 4.444393935193973 4.0803487715581745 2.496446220283997
52800.0 5.905559 17.306498 5.862829739851125 5.51638786609432 2.199753323301317
52900.0 4.913729 12.867417 4.789817441420524 4.6057131110395835 2.4357373449406206
53000.0 4.496540 9.166712 4.537172515096713 4.357979078962873 2.3474328065047274
53100.0 4.630055 13.220921 4.548549470670544 4.2770532335128255 2.474358293696028
53200.0 5.685246 16.000828 5.177334128872439 5.112865684335176 2.414187804334126
53300.0 4.938649 12.593435 4.915837763609679 4.774446113921816 2.489262151066392
53400.0 5.777481 16.613830 5.728187902213552 5.434753315517847 2.4126124418912642
53500.0 4.670861 11.086551 4.518528472168734 4.366732974452528 2.622806230180504
53600.0 4.804202 12.891285 4.813331605419213 4.582721796027743 2.5522043151498783
53700.0 4.520087 10.591539 4.401105759055578 4.2792742083950515 2.446128615358256
53800.0 6.095569 17.133412 5.755362040490352 5.517231933789705 2.599430002343911
53900.0 5.186068 15.467133 4.849181744879547 4.758829174015317 2.5497755871184546
54000.0 3.885064 10.878268 3.9252352108253556 3.727625081032988 2.548609032055007
54100.0 5.804496 17.217454 5.705639566002306 5.464814686561011 2.448279029169463
54200.0 5.053014 16.424694 4.833348160827729 4.659360181504441 2.394929814031591
54300.0 4.824004 13.626927 4.774113828337354 4.530098593608322 2.3800392982480885
54400.0 4.643542 13.384249 4.536154400674472 4.321688195837948 2.3619436959386606
54500.0 4.363964 11.941352 4.4498981207159005 4.092450162881296 2.591667967480423
54600.0 5.456028 17.203049 5.330844764463959 5.0741036789536995 2.567411520391633
54700.0 5.346088 14.950957 5.147978857490074 4.929253279122426 2.2905652507912873
54800.0 4.725339 15.037864 4.555195427015774 4.342421544083327 2.4647502228646365
54900.0 4.616964 11.196964 4.5420695116858445 4.351477163234916 2.399030386401829
55000.0 5.510062 17.022026 5.283130533705254 5.155980374040529 2.38834193206093
55100.0 4.380419 14.054421 4.533052871887752 4.177366811715076 2.6896115994419074
55200.0 4.558245 10.764409 4.513959411915384 4.327406454777631 2.700843279279964
55300.0 3.995768 9.381529 4.233969934316424 3.9057150747394895 2.382148858314254
55400.0 4.596634 10.058244 4.581218280782407 4.420951080759511 2.232240561989252
55500.0 5.690236 18.481067 5.562642768529123 5.260798370457542 2.373018560726639
55600.0 4.906040 16.365719 5.0579427507068875 4.614766592024958 2.521194511802255
55700.0 4.676635 12.764265 4.622579877270975 4.391682242021295 2.467621318058296
55800.0 5.835489 17.387222 5.444886032229065 5.27621885014425 2.2777772843814623
55900.0 5.618074 16.153770 5.627779409896017 5.300916213372662 2.495839252868089
56000.0 4.366309 12.992571 4.497612407818137 4.207834899958229 2.605760838527611
56100.0 5.045257 14.490262 4.943323704204529 4.7388788772239625 2.4530132855275353
56200.0 5.517014 17.097980 5.171776491306758 4.941917932099972 2.6832754130705014
56300.0 4.301141 11.081323 4.198411885038672 4.09892822888681 2.442943320934753
56400.0 4.105138 12.440289 4.0274135017318144 3.845668553197177 2.3912858771053593
56500.0 4.840128 13.445391 4.898589796014183 4.588116482812505 2.480480314403688
56600.0 5.207482 18.156514 5.168581965707798 4.861902259874743 2.30545198318285
56700.0 4.096250 11.193037 4.176095210814203 3.8926717332255043 2.546857586072009
56800.0 5.047679 13.165594 5.001139056088076 4.7164457366829105 2.5605296016363965
56900.0 4.876322 12.297748 4.81777530156288 4.55203117444868 2.5011664248262155
57000.0 4.913194 10.761727 4.779350946014282 4.725636966533075 2.2490216863065116
57100.0 5.338828 17.134419 5.122344773301226 4.876694504245011 2.4870360110069956
57200.0 5.185526 13.650301 5.138903006001514 4.888931362560787 2.59810794923016
57300.0 4.725750 12.814006 4.591085103932936 4.478121123192774 2.586264746989239
57400.0 5.762973 16.710851 5.542960485164771 5.423656340580729 2.498855826607494
57500.0 5.020748 15.163261 4.935883174746135 4.665760019022096 2.659946339807993
57600.0 3.919627 8.444319 3.8507832559651813 3.8150794239053796 2.4167640854729124
57700.0 5.264269 17.291698 5.097163889391647 4.825127444413129 2.6063007475715954
57800.0 5.865238 16.657046 5.740307649154963 5.406007301668796 2.565239971332251
57900.0 4.024958 11.924701 4.1709843361075105 3.849501755066586 2.7516724957844696
58000.0 4.618950 14.450874 4.363804114168786 4.232249289590005 2.5959082022698508
58100.0 4.876648 13.894548 5.1147117765001475 4.74822662278189 2.217326025901564
58200.0 4.450610 10.674016 4.486386842583646 4.371751334917547 2.401217193357662
58300.0 4.726868 12.891349 4.59409644013985 4.471333172498129 2.5106127172649537
58400.0 5.163798 15.203783 5.042490420680071 4.7922791306820605 2.4559702778938908
58500.0 4.540748 12.454406 4.514221396416184 4.3401067163052796 2.3676114583735446
58600.0 4.356755 13.822221 4.348454213882377 4.178923265741789 2.4718370278168296
58700.0 5.390005 12.002328 5.1469821858514235 5.083796025093067 2.438202722821954
58800.0 4.654798 13.638340 4.848849490065866 4.439799792992377 2.5540861013287874
58900.0 4.922288 14.859658 4.764766479267697 4.642698910384539 2.4507589131928773
59000.0 4.384566 13.178304 4.135336978730194 4.087293380132295 2.3311367777797196
59100.0 4.983405 14.281723 4.947661840491637 4.61765501676585 2.674290469189771
59200.0 4.746382 15.742166 4.677333013553939 4.460170807127205 2.3153954177736233
59300.0 5.868338 18.027554 5.6624761380575785 5.38193490986991 2.402920635188629
59400.0 5.861970 17.133553 5.605327477829773 5.366648931062229 2.5550782054489543
59500.0 4.633373 14.555993 4.645999577859516 4.3487354927039625 2.6825839415055834
59600.0 5.561246 15.157245 5.197220980570558 5.044072788900447 2.4341441585560886
59700.0 5.551883 17.068478 5.618372141662718 5.322620715045279 2.465908758874919
59800.0 5.107981 15.056920 5.110881101046028 4.901525281509825 2.3687517697128726
59900.0 5.877161 16.151643 5.523291408286659 5.425005410590387 2.5116954411036216
60000.0 5.308784 16.149979 4.879480005944049 4.7393317869279965 2.3364339854857343
60100.0 4.708459 15.298087 4.636345477164389 4.385188337326183 2.535439087005685
60200.0 4.187149 12.953205 4.313192793915581 4.05147770742306 2.4988041165381447
60300.0 4.004050 9.675492 4.5000372327787685 4.029054698958047 2.6632291681049427
60400.0 5.479560 14.839470 5.168671208646098 5.074999861385775 2.503038338815103
60500.0 4.804490 12.969316 4.578777405484301 4.462810812460475 2.4030294365489047
60600.0 4.071606 12.360518 4.126642481376637 3.8970535169063782 2.5240507546706534
60700.0 3.759057 9.591946 3.667632480153097 3.5920040346550643 2.4308694631558554
60800.0 5.161013 16.672305 5.252909211769445 4.84171296587728 2.666567353220188
60900.0 4.366177 14.143703 4.320953943590088 4.0416677735584 2.5522578973680337
61000.0 3.639784 11.228756 3.839848007578486 3.474997145827645 2.4370458088920604
61100.0 5.482117 14.706345 5.213111712250956 5.143472904122126 2.535823339573256
61200.0 5.163246 14.632735 5.325874851047694 4.963289185092688 2.4300098776455585
61300.0 3.771479 11.995042 3.9868959238891133 3.628522348618883 2.3734982129844706
61400.0 5.957165 19.635618 5.753659361631341 5.429956186115275 2.3036306809054423
61500.0 5.016236 14.088211 4.738320668642948 4.611743325340277 2.4557653963416137
61600.0 4.688033 14.209558 4.5698102369351155 4.411190605481506 2.536521268272101
61700.0 4.901288 15.435554 4.821240958332644 4.582322264558021 2.326971392529204
61800.0 4.581805 9.935991 4.511678606372205 4.363836351379461 2.7458003258977826
61900.0 3.933808 9.270282 4.1350426346805875 3.8769790448013373 2.5320799094572077
62000.0 4.893861 14.761123 5.131266385209122 4.73606670896696 2.291831010615259
62100.0 4.911958 13.871797 4.971038197847676 4.7597017534856105 2.4571421330456054
62200.0 4.708196 12.309679 4.586126061469028 4.385801257249878 2.454071306286326
62300.0 4.609130 14.002421 4.639411188436165 4.3983590869329845 2.4677239834651497
62400.0 4.034642 10.263205 4.152405922631074 3.9248123629290856 2.4178832321631933
62500.0 4.578434 10.012021 4.664939175550198 4.4553718309897485 2.579458728145056
62600.0 5.113044 12.850410 5.283762162878242 4.977064606880208 2.557267253232008
62700.0 5.871897 19.369219 5.511996396797245 5.262026641344656 2.4852136991484737
62800.0 6.001203 15.427233 5.873810733698196 5.6360280189749385 2.5385269903283234
62900.0 5.648298 13.246379 5.193950331350058 5.210974379932521 2.511905180901674
63000.0 5.031413 15.871038 4.7736268420092065 4.543045292758814 2.343771816705042
63100.0 4.518325 11.510843 4.443131010499316 4.263276009357532 2.6529346659575603
63200.0 4.757318 14.419507 4.800928441358613 4.535584063592123 2.386315664596031
63300.0 4.330227 13.212906 4.3136246476369315 4.1328711878479805 2.3142645767012593
63400.0 4.264278 12.291973 4.7203478544215605 4.272277405109073 2.4791244599170943
63500.0 5.044695 14.329874 4.878598426541359 4.697903255766193 2.4827375492935864
63600.0 5.004196 14.409938 5.018092087029752 4.770600013661785 2.6565319144816493
63700.0 4.141986 9.705045 4.392482798924204 4.091504055026484 2.6533775338566916
63800.0 5.234221 15.022564 5.324749763762159 4.942988410890356 2.1334521308494234
63900.0 5.322218 15.101073 5.358658461012797 5.0788643939235465 2.4927873691451774
64000.0 5.278923 17.072040 5.256204056215438 4.906239724710702 2.5262033618292015
64100.0 3.839416 8.055121 3.812533183602084 3.740277437113789 2.4718557467225657
64200.0 4.515974 12.331770 4.526008256880894 4.325123013509619 2.6232441721006503
64300.0 4.610644 13.424201 4.604551423707595 4.46672308635021 2.455265332938377
64400.0 4.989410 14.167059 4.833551864612234 4.599019853938447 2.4996228654457733
64500.0 4.906347 12.641929 4.8745442439635145 4.558418385220623 2.3714503618080647
64600.0 5.185974 14.263948 4.955327259120493 4.884921138818003 2.47417640064799
64700.0 4.098961 12.490776 4.258287985454234 3.9515340826590246 2.481420442542514
64800.0 4.668019 15.978723 4.36964991072859 4.24638547299586 2.4130568902978826
64900.0 4.138137 13.607976 3.931463422202786 3.819984572855602 2.437315509086495
65000.0 5.442197 16.865980 5.027323272555164 4.844177665589657 2.5146356406735397
65100.0 5.235414 15.777319 5.293723441159134 4.920962835963512 2.5913346178543737
65200.0 5.629192 16.654682 5.639207239485508 5.346543997168527 2.329225482582084
65300.0 3.450107 3.748215 3.8087194665890167 3.4817256035708577 2.397751804317586
65400.0 3.804515 10.854395 4.005238726120226 3.689516713760651 2.690624476803871
65500.0 4.177434 11.626743 4.367021891220138 4.056104920779209 2.578760502710044
65600.0 4.085430 8.897500 4.149159899277848 3.9879912304461365 2.5647929383442634
65700.0 4.029715 7.081342 4.067255388450017 3.9418088461274157 2.502430299651351
65800.0 4.788732 10.232448 4.563968584496977 4.474695674591153 2.7205067921373565
65900.0 4.578621 12.053103 4.542182503100927 4.292131675216965 2.536504944062389
66000.0 4.362096 11.624604 4.304381261718515 4.09369949074734 2.5660980704958245
66100.0 5.580393 17.594459 5.489198366714113 5.127448991067156 2.687468394308189
66200.0 4.627705 13.137796 4.681444009786256 4.419734388155845 2.4214258626535683
66300.0 4.227800 7.808463 4.260673962998524 4.067400747583355 2.490027938552835
66400.0 4.770820 12.569526 4.958961465272398 4.647818633525546 2.3170206246269576
66500.0 5.383075 16.823873 5.026138924527686 4.879360662144984 2.553589550659149
66600.0 3.898919 10.321717 3.996177059010359 3.7355886348470015 2.647233070188814
66700.0 5.799183 18.220436 5.422031288132169 5.2401461995977705 2.287453279848928
66800.0 4.765350 12.015621 4.580842236732101 4.3394630286101705 2.4395941656795532
66900.0 4.031840 11.715139 4.357875556420923 3.9979568680438855 2.611303047664404
67000.0 5.031575 13.886271 4.965557812153049 4.802348934124633 2.368161353661814
67100.0 4.858151 14.989850 4.870552656647428 4.593765814770068 2.392032365544524
67200.0 5.546962 17.043155 5.107838374584376 4.990387334865994 2.3933731391108277
67300.0 4.550763 11.833264 4.830839347020802 4.4927148725967365 2.5081731501612263
67400.0 4.310746 9.814752 4.512523229234291 4.254797271916678 2.5209923419908318
67500.0 4.474622 12.353113 4.684372350694614 4.322087123122932 2.6406607311056813
67600.0 4.026390 10.383702 4.262503963450739 3.9890785960183295 2.532928019654629
67700.0 5.764692 16.000621 5.469196573842296 5.313927514934154 2.26458907545902
67800.0 4.143656 7.835251 4.0636804789139065 3.9745184196028145 2.5885451905600765
67900.0 4.452143 11.958181 4.490675306759317 4.278123937941902 2.3968566256763184
68000.0 4.947845 13.914394 5.1269142021821645 4.778074945805227 2.4695347027896717
68100.0 4.432285 11.324111 4.388488666360574 4.259837290390737 2.4129329318486694
68200.0 4.798092 13.364631 4.5039354046521005 4.437423084244819 2.3716546842087607
68300.0 4.559417 12.394289 4.750364342169 4.418545801051443 2.70608189374915
68400.0 5.355017 15.228023 5.179987385478213 5.0810919850501985 2.444175576159841
68500.0 3.712629 11.644702 3.681875498262059 3.5135177481114326 2.4626501235236224
68600.0 5.193100 16.723147 4.884261225789923 4.75434378161585 2.53129314885202
68700.0 5.027581 13.501167 4.845317020635288 4.632914286442675 2.4013381387453947
68800.0 5.736472 17.863265 5.433345024805044 5.251091290131684 2.376765556844579
68900.0 4.675502 15.477097 4.490112047519245 4.247015914751458 2.410807762015518
69000.0 3.945075 10.792204 4.246790310588263 3.9335702458936352 2.3804190193351618
69100.0 4.389461 10.385823 4.364293443418646 4.2699323949509544 2.5823228157173057
69200.0 4.478814 10.928946 4.406810258499663 4.34527522088022 2.1755145162624654
69300.0 4.755503 13.859582 4.455256717829694 4.415659852723214 2.444539624991911
69400.0 5.102363 12.363258 4.84591682906083 4.731933295430621 2.402834035284346
69500.0 4.693195 8.507209 4.9201470263268945 4.674634865782203 2.475939409648096
69600.0 5.350554 16.251359 5.012363819317398 4.852141112357783 2.3364067848939656
69700.0 5.085301 15.735684 5.073386870930652 4.825450877556905 2.3467826817775617
69800.0 5.964167 17.303656 5.680557385574334 5.49452240887946 2.7166358389575738
69900.0 5.334572 15.724894 4.997718494346807 4.8888178367913655 2.395155833787851
70000.0 3.855748 10.829484 3.8882599047861017 3.6260576272209195 2.3445028965114365
70100.0 4.982053 15.873736 4.763738434717694 4.52179959217111 2.497209948818819
70200.0 5.491219 15.260358 5.58609181369455 5.301121008109831 2.490682024612902
70300.0 4.486136 11.407525 4.131970780605139 4.131248870251541 2.351587139853054
70400.0 4.451017 9.235653 4.501591358344245 4.393398191646449 2.549412836080498
70500.0 4.897671 13.839245 4.638610640029795 4.562094518907087 2.4389568367677574
70600.0 5.141962 14.765815 4.976184966441608 4.756478924094598 2.4759716299948327
70700.0 4.393581 10.096572 4.340503632871511 4.192968690544771 2.4991383302739374
70800.0 3.835782 9.940073 3.9768339795136236 3.8159898491141795 2.6084333628096537
70900.0 6.223937 18.213775 5.981284572625192 5.743518486464659 2.3816707446457213
71000.0 4.087037 11.394821 4.009615729443388 3.8639653078717617 2.400374695020058
71100.0 4.990929 13.753953 4.847143026046664 4.606935494921558 2.626375771192516
71200.0 5.058368 12.976223 4.733003364614061 4.595107021663245 2.4473826840231254
71300.0 5.459304 14.437865 5.37944567758784 5.11893343224448 2.475169138208227
71400.0 4.617218 12.172734 4.674681669683268 4.47495376209381 2.4916777459487247
71500.0 4.033612 13.134428 4.364766149298719 3.9081992776507155 2.607839361687593
71600.0 4.095796 11.632287 4.1535876354444214 3.9220368294277566 2.3225703815287067
71700.0 5.384085 16.882475 5.241864594767473 4.961009845819251 2.6499936410713456
71800.0 5.674966 16.560379 5.580247920657921 5.322551652216744 2.448939536150452
71900.0 3.839931 8.462336 4.255480422326068 3.7429895153273396 2.3019582297673176
72000.0 5.065890 13.692091 5.170434462285415 4.891849911615771 2.6738192860160965
72100.0 4.412782 9.776781 4.426179380904305 4.280165341437263 2.4717709697383197
72200.0 5.417937 16.947187 5.186945636108683 4.954896654576685 2.649293602057788
72300.0 4.089817 9.515319 4.301833881552832 3.9823609201196546 2.4733555079182374
72400.0 5.244603 13.894484 5.120213851859672 4.905412310012248 2.6452732763646916
72500.0 4.636200 12.834723 4.655990557306977 4.438063168990989 2.5671371530998783
72600.0 4.285362 15.248121 4.295994465665073 4.003830952863686 2.65083370581778
72700.0 4.900466 12.558843 4.932020547159159 4.654513727218725 2.5282237207511327
72800.0 3.646591 11.000949 3.9237417066391718 3.5537936875109697 2.6533535139986757
72900.0 4.759451 13.927059 4.808178004843006 4.463429846941932 2.552225473318075
73000.0 4.309840 14.003686 4.433119773090012 4.115775571137527 2.5243868387636295
73100.0 4.574146 11.577517 4.5116044421484585 4.28743254409011 2.182767635843546
73200.0 4.103320 10.233586 4.483204834162632 4.133999501930283 2.4274924827896287
73300.0 5.518863 15.900766 5.3208391043170655 5.052797857456143 2.643145389600553
73400.0 4.936717 15.351115 4.756175106890561 4.492887325461005 2.6997474692308026
73500.0 5.641920 16.696581 5.62209773899017 5.316566106446702 2.3758101181671263
73600.0 4.550861 14.149965 4.5729585895055544 4.325114467731373 2.7002668947255586
73700.0 5.091282 13.150458 4.790881513477749 4.6924591123126325 2.557571607856962
73800.0 4.850641 12.900686 5.021613509926368 4.703059731932766 2.279967847870842
73900.0 5.790423 16.624648 5.745461791489056 5.4043735548684335 2.630589787026073
74000.0 4.615442 12.257023 4.7969002647791905 4.428411960623615 2.735639077960435
74100.0 4.942434 17.146571 4.857857524109478 4.518080250063679 2.622475777210983
74200.0 5.039723 13.844963 4.880424669050261 4.818058891840911 2.5319307797542283
74300.0 4.113990 12.406394 4.116029924460275 3.832709441587084 2.228107367337974
74400.0 4.589927 11.268002 4.816653790364664 4.4943104879011155 2.3565260988950687
74500.0 4.921512 14.796838 4.563428627904538 4.5176812339045 2.708022011760093
74600.0 5.283065 17.018839 4.935394082412629 4.7427999267851355 2.767957766462524
74700.0 5.783438 18.030791 5.512329742140036 5.266394718751318 2.5073588069980124
74800.0 5.151638 17.117719 4.950349016687559 4.744999451722162 2.669557394654861
74900.0 4.185901 11.470456 4.33202690254472 4.092444965763312 2.351012938313376
75000.0 5.376842 14.238551 5.060148701476039 4.930307129031573 2.2836187964245047
75100.0 5.095185 15.093126 4.988142846220313 4.803781322673273 2.138032915184458
75200.0 4.351827 13.003735 4.288877271297713 4.060886528192163 2.3971223333367067
75300.0 4.638036 10.757348 4.90390136629518 4.484615040870745 2.515012434400618
75400.0 5.377881 16.073820 5.303153115395709 4.9607038649328645 2.507703756051278
75500.0 5.399592 16.629236 5.126234466522939 4.967405153605028 2.3558319621588932
75600.0 4.228133 11.177356 4.576458833281858 4.221791957043431 2.557155949719318
75700.0 5.536191 16.478190 5.168970134320782 5.019950477775832 2.519961214120283
75800.0 5.125074 13.801862 4.719208200230758 4.612329466729373 2.5508034022329356
75900.0 5.853454 15.718292 5.671647691426742 5.4424971592835325 2.5111441452865315
76000.0 4.290570 12.192397 4.421446493850453 4.133907590555621 2.6690739947195024
76100.0 5.545931 17.628677 5.3514448790357045 5.10232430864677 2.557228264225832
76200.0 4.292305 12.036905 4.255625931485007 4.109679059603679 2.5341172738791773
76300.0 4.870759 12.373870 4.66788307797323 4.566796084511298 2.2370852527606973
76400.0 5.058614 14.353735 5.042403525272366 4.80280398889519 2.316101736092416
76500.0 5.225905 15.151755 5.199280181853081 4.893389442157504 2.3667844919521306
76600.0 5.273321 16.726198 5.034948906646812 4.828010460205254 2.4155742332593895
76700.0 5.180759 14.416173 5.0209057514995505 4.825224226781526 2.3979044618980763
76800.0 4.606748 10.567176 4.46047643744339 4.285973980422639 2.40715859604479
76900.0 5.289946 15.886926 5.027036443233383 4.868569698904697 2.6120197319296836
77000.0 4.713078 11.127944 4.780934353179142 4.526058712571201 2.6189083677118967
77100.0 4.891322 13.171632 4.837500259245832 4.584331436293342 2.3412191070812356
77200.0 5.171551 15.080800 5.140081530337605 4.850025697775163 2.5100365489485914
77300.0 4.643978 13.414072 4.634765361374451 4.418229602360379 2.5335397218139444
77400.0 5.054167 15.640679 5.076614018706793 4.794203292304742 2.609440937024703
77500.0 5.310770 17.134212 5.376553159465122 5.083496763600399 2.464517723824309
77600.0 4.622470 12.858745 4.822668386546222 4.516600392269064 2.528456137634517
77700.0 4.971451 13.676441 4.957321902118855 4.740603419765204 2.309532442338632
77800.0 4.550150 10.405825 4.909930673462002 4.551401164889134 2.4801796839045793
77900.0 5.045860 15.670110 4.86112614138502 4.712739027757143 2.3394351528007604
78000.0 4.278939 9.641973 4.4333645181942245 4.178205118854908 2.309066081136087
78100.0 5.582967 18.755210 5.064802376082737 4.958651798339164 2.285265225851974
78200.0 4.397012 11.569944 4.383214816122725 4.156785977952087 2.687611235349768
78300.0 5.261354 14.963708 5.122288288252044 4.9020700565028505 2.57534978735925
78400.0 5.114428 14.720730 5.056227799944127 4.884909178115783 2.394524270161197
78500.0 4.447168 7.844421 4.389062230573208 4.236050751137308 2.2573192034512712
78600.0 4.045716 8.126771 3.972475755768268 3.8801644184320128 2.5542347479299425
78700.0 4.820632 12.432110 4.726628693444724 4.554458897070001 2.6190954686200336
78800.0 4.837710 12.378707 4.80560271674072 4.589901432390238 2.3766839082191704
78900.0 5.459434 17.130129 5.60076138906107 5.161680192421696 2.698862081518097
79000.0 3.672296 9.053418 3.8985986631611826 3.603662294767328 2.4781262071842756
79100.0 5.713656 19.006834 5.3488224390810535 5.172223876561199 2.4252672835937608
79200.0 4.513674 13.922037 4.230853028595502 4.1582332018370645 2.43269830768339
79300.0 3.859089 9.050530 3.9359620931486092 3.665226754012036 2.5113877684730577
79400.0 3.596746 9.422947 3.7743431069584794 3.5339087616844123 2.5720079844779367
79500.0 5.012594 15.780951 4.8247036516856525 4.538964319132702 2.382414765534307
79600.0 5.394629 18.120003 5.275389402424758 4.97972704457031 2.479742810020873
79700.0 4.187905 14.217314 4.195939689424443 3.8908824353234612 2.4528308479761245
79800.0 3.995249 8.213854 4.313334646985057 4.025557298866574 2.326032431428468
79900.0 4.375288 11.359469 4.210044521108317 4.109385973043003 2.640780941434332
80000.0 4.417244 11.158950 4.6407819857560195 4.239527216010502 2.3899693212139854
80100.0 4.635226 13.602945 4.49934902872237 4.319171506995082 2.4236795500883686
80200.0 5.243604 15.502705 5.084111730342038 4.850497752044775 2.5228705344751448
80300.0 4.549009 10.278353 4.464155089010759 4.330142998167374 2.4761110505427357
80400.0 4.278540 10.674982 4.416145905684595 4.140620734679801 2.366681469714699
80500.0 4.813646 14.849900 4.852636149683372 4.532024459049748 2.376462845875599
80600.0 4.376127 10.941288 4.485705382797853 4.230422138596182 2.589241214236063
80700.0 4.354344 10.494439 4.423780035631194 4.216562340112041 2.597325367334065
80800.0 3.603558 7.749903 3.6892317120739784 3.491531445235769 2.6123859280763364
80900.0 4.829464 13.635054 4.829653828985451 4.588182350234319 2.4087283368440375
81000.0 4.006416 9.133461 4.341247715635919 4.0373974075812065 2.5062624617190847
81100.0 4.581003 11.789782 4.743280946797309 4.368115340115972 2.1960621784569985
81200.0 4.312638 12.184628 4.3094516481068394 3.9997665948982295 2.4739318612406294
81300.0 5.671606 15.895568 5.714148301764227 5.357381976189708 2.647942005641265
81400.0 4.560983 14.663485 4.589372938839052 4.3080216859537055 2.2085079974660653
81500.0 4.253771 12.404833 4.20419083080653 4.077297982190054 2.6635000258665116
81600.0 5.012256 14.911740 4.760299068956636 4.64622590787355 2.439331415978489
81700.0 4.262670 10.827666 4.406807384389076 4.18664845950835 2.5247133227702663
81800.0 4.737792 11.587193 4.783356659400129 4.499919326142624 2.4882709820857913
81900.0 4.967065 14.948177 5.08295324519406 4.7879385613929655 2.3840263125657084
82000.0 4.671923 12.565112 4.601690764024971 4.4996984717431685 2.516737048587584
82100.0 4.699038 12.637490 4.661805362805107 4.478373727460971 2.5308807567746703
82200.0 5.007824 12.994390 4.901720471084206 4.712837441416568 2.484311035225909
82300.0 5.273097 14.471623 5.176849377085105 4.976710121523706 2.4997753240243643
82400.0 5.033416 14.168105 4.875735876686932 4.61464804903544 2.4897650165213125
82500.0 4.974804 14.862541 4.940796727120433 4.6793575486577375 2.4740408867940697
82600.0 5.173609 15.165638 5.007311051651769 4.775392315911546 2.576814155860738
82700.0 4.588506 12.480013 4.740653345045951 4.409777776604817 2.6496159517948414
82800.0 4.481894 12.227606 4.525599012678255 4.3359099360388065 2.453506236422799
82900.0 4.293636 9.187814 4.200683512432356 4.105600199097528 2.5655527672683136
83000.0 5.019697 14.418944 5.0501468025401905 4.757407062551663 2.577058304271397
83100.0 5.201539 14.710202 5.028825893368207 4.846817528043824 2.617735021299639
83200.0 3.859273 8.471870 4.195888545865811 3.8827953465683724 2.6512971818962883
83300.0 3.986135 12.164140 4.134711772513277 3.895318082613618 2.4003744178920647
83400.0 5.023976 14.767842 4.937920823355631 4.658479431461841 2.5658430504123175
83500.0 4.249526 11.160758 4.391290042422786 4.122498458497099 2.5914292852541014
83600.0 2.871321 6.731279 3.1032576983932127 2.8746278348214234 2.505822178218137
83700.0 5.540192 14.908614 5.440562587594969 5.237845472552233 2.367025728048238
83800.0 5.207498 16.282466 4.906932492088015 4.732339132524336 2.317448744292806
83900.0 4.663333 15.204857 4.801590344693195 4.377041826039742 2.478968825470375
84000.0 3.902841 8.617488 4.153313320524126 3.825020364483197 2.5505034431121247
84100.0 4.537541 11.347542 4.386157641042321 4.275866531466162 2.3698931485496977
84200.0 5.329325 17.209600 5.255745193869467 4.9627152677983934 2.7280007994740836
84300.0 5.541458 16.350938 5.366811531815841 5.152791533113183 2.4974207750060775
84400.0 4.735099 13.027672 4.788442820232954 4.504366233003389 2.4254864934102947
84500.0 4.389193 13.535083 4.477135188676792 4.139686754178595 2.3041413349667916
84600.0 5.996737 18.069233 5.534993154894007 5.378080418626765 2.255074114213937
84700.0 4.625974 14.443834 4.560467006463256 4.342850198093533 2.5370372304925994
84800.0 5.921801 19.377685 5.526078527998005 5.38648417991253 2.553240543591803
84900.0 5.045286 14.226203 5.21606281639059 4.872985663898317 2.519125251682498
85000.0 4.334955 10.284503 4.472552436397082 4.1930040019130805 2.6073328820907657
85100.0 5.419155 15.389752 5.339358310243854 5.021019974080899 2.528227881704404
85200.0 4.714044 15.341850 4.929440982476524 4.516308498257367 2.2790558962897762
85300.0 4.980373 14.046066 4.905897862957673 4.7521819007173285 2.703655358358806
85400.0 4.535863 12.996545 4.448925028247358 4.319820468163467 2.456896225410092
85500.0 5.220414 15.634502 5.025314457687735 4.799092395098606 2.5020552407646433
85600.0 4.648430 12.033531 4.736480787596988 4.497722918813665 2.892780188883563
85700.0 5.525271 14.570354 5.116645564992499 5.062304841172364 2.3078574984638625
85800.0 4.509819 12.966434 4.503262082534873 4.322362872975612 2.469649844807229
85900.0 5.217150 15.659121 5.406666837003951 5.0388726728675515 2.655099760464123
86000.0 5.477845 15.877479 5.157089901122389 5.084894160772407 2.594582143125685
86100.0 4.941334 13.295815 4.850043678323633 4.742003155063799 2.4034349056100166
86200.0 4.780737 10.443377 4.790752303808642 4.6490555680573795 2.6313931961629136
86300.0 4.483155 13.879829 4.661575427146299 4.307130203611351 2.5505775629702425
86400.0 4.569438 15.556560 4.5460133581584365 4.269193991662851 2.5627757733202805
86500.0 4.667605 12.460806 4.617535303194215 4.405368918538982 2.1731025680247806
86600.0 5.161931 15.722670 4.9709464610520895 4.751565819405196 2.6546486792299
86700.0 5.441442 15.967839 5.161526640555867 5.079707765459525 2.2371116324371116
86800.0 4.513119 13.635679 4.27729053466297 4.161496750064525 2.287371641460937
86900.0 4.011661 9.640617 4.150070486269214 3.9664733017616207 2.427343781680113
87000.0 4.728604 11.327737 4.7986794934927985 4.52305890398958 2.3139740181746964
87100.0 4.657479 12.481044 4.43800482388361 4.358234364932555 2.381649930398617
87200.0 5.132218 14.364271 4.965452083894952 4.782862699333345 2.454858401333619
87300.0 4.382814 11.367896 4.424030735504598 4.264358255380874 2.4446073107884
87400.0 5.557737 17.116560 5.474665076161762 5.1406027993374135 2.472381319538621
87500.0 5.304821 16.013956 5.257994317566666 4.955365455599364 2.3292027923065524
87600.0 4.853995 13.611056 4.9451357859357135 4.728385742587128 2.3914776570511354
87700.0 5.211895 13.426704 4.976505509291814 4.9076897097056085 2.4942434993768443
87800.0 5.255284 15.093965 5.035076313920085 4.860116239513036 2.383373863438119
87900.0 3.876741 9.520245 3.9551980914783895 3.722884504681029 2.3474947348750224
88000.0 3.895489 9.227610 4.2820014824169705 3.8378470678487298 2.492001864040802
88100.0 4.519638 11.564606 4.328731906115679 4.257385775097598 2.2266165996267717
88200.0 4.813173 12.876979 4.6109267527968685 4.544366756497387 2.399592570723427
88300.0 5.824211 17.801452 5.490823175925261 5.266895415245679 2.401907997814165
88400.0 4.930464 14.281678 4.895219854113722 4.6669122357206225 2.5953588598446227
88500.0 5.539070 16.956767 5.332566220898304 5.1983115939538544 2.535470388862021
88600.0 4.900545 12.051880 4.870061909759102 4.705686179952281 2.0508385492312198
88700.0 5.235046 12.621455 5.082782308379714 4.943200321970199 2.5661779428934364
88800.0 4.520249 13.281401 4.8559864597564575 4.4609127296119775 2.5563075404716864
88900.0 4.038516 10.907855 4.142647223134199 3.916061212073428 2.6184078702151004
89000.0 4.840418 10.429352 4.7760163222066065 4.669732875809229 2.481589316404268
89100.0 4.475660 10.612769 4.5967502860504625 4.286810355264902 2.569745686838248
89200.0 4.509736 14.057996 4.323684638594416 4.166493446124549 2.6732642633528862
89300.0 5.435111 16.759392 5.4329572582253 5.094026822298973 2.4223565438902765
89400.0 4.741068 12.557211 4.760323069548178 4.503973027827655 2.5544501992897057
89500.0 5.107287 16.394534 5.126170107869534 4.8050550957895934 2.265084269933114
89600.0 4.989354 14.606640 4.8875225869208885 4.661826922762307 2.5696901439841406
89700.0 4.387596 8.611602 4.247734878238822 4.2701874517416964 2.503966959458889
89800.0 4.221478 12.466512 4.014317983809151 3.863383437365532 2.352655704892934
89900.0 4.300411 10.052492 4.461904367714183 4.211029282262742 2.3775837601622993
90000.0 5.054337 11.260835 5.15972048351803 4.882840735566719 2.388497149278067
90100.0 4.460066 9.075486 4.9254156276193894 4.488517514327463 2.5065941598050654
90200.0 5.209373 12.492396 5.174525234164496 5.006332446365584 2.5352274192879207
90300.0 5.019637 13.732887 5.020629480300573 4.780104958005082 2.2640932126978344
90400.0 4.642767 12.235085 4.611265269257646 4.39812507836565 2.5030854829040896
90500.0 3.902065 8.947142 4.241434748272149 3.8271198307252674 2.454770640096691
90600.0 4.423707 7.666160 4.5712246054972825 4.36583145398987 2.525557546014249
90700.0 5.071561 12.242121 5.1237626490751875 4.878878428149466 2.356800524482959
90800.0 3.973669 12.992499 4.142133749743029 3.8459346420454947 2.4433566221370744
90900.0 4.899162 12.046209 4.672595148465807 4.574071787322741 2.4898776510280882
91000.0 4.145858 11.815692 4.299240207778735 4.030511469862483 2.5025550688378413
91100.0 5.928763 15.971174 5.560286857483917 5.375245797177894 2.4733850194378317
91200.0 4.857503 15.493894 4.786735772816845 4.623921868934627 2.4839777324414887
91300.0 5.490565 17.328541 5.303452165647631 5.112161866036922 2.5288639825841
91400.0 4.591405 10.666323 4.6236243278700755 4.394256147941762 2.7444777134928264
91500.0 5.975067 17.722803 5.707209395926054 5.4916735848636575 2.540268948689911
91600.0 4.621686 14.931008 4.584295710287796 4.33935795061345 2.398740458574652
91700.0 5.030140 12.040780 5.0411514700274145 4.791388294440667 2.4565423048478157
91800.0 3.979270 11.807017 4.161099743411524 3.86939864615986 2.545273487081448
91900.0 4.130982 13.723374 4.064528979241146 3.8848021049541517 2.428202073460628
92000.0 4.438576 13.855340 4.6842384416040135 4.343936696244187 2.4155460348017757
92100.0 4.617445 12.908464 4.578067522615876 4.286508389712135 2.5287172487254823
92200.0 4.685995 12.138809 4.714265050587966 4.509663048268055 2.5068390325141534
92300.0 4.662111 12.665553 4.508345618501114 4.369082594615403 2.452133209150297
92400.0 4.502308 12.810530 4.522298708732248 4.2730026880950245 2.575776406824331
92500.0 4.477965 12.698058 4.3456038648130075 4.1638539919934345 2.3040081254437763
92600.0 5.070838 15.354996 4.948622114665814 4.712593028996356 2.526954773205702
92700.0 3.748013 9.118176 4.040581805543277 3.707907183865075 2.660592988553758
92800.0 5.199672 14.778262 5.0160917163093135 4.86957526982959 2.496902436612552
92900.0 5.275833 17.718885 5.2899112959391745 4.884137071153486 2.3725463335123655
93000.0 5.085078 14.427884 5.039828966926954 4.862734537622528 2.54821624722438
93100.0 4.163301 11.240995 4.538632684023428 4.164421577027276 2.39983829693433
93200.0 5.388579 13.705543 5.293858870748829 5.123480516236378 2.3567826732104282
93300.0 4.625809 12.191917 4.806344649509455 4.451524428881147 2.200884867432074
93400.0 4.254222 11.193823 4.115518246289666 4.060705675888332 2.3216000903490137
93500.0 5.369743 17.186450 5.405401199883951 5.063970398131486 2.3362510391154845
93600.0 5.026044 16.110525 5.1949469553756975 4.813639901235586 2.31572977626251
93700.0 4.629477 12.272869 4.44716906862688 4.329146820345895 2.4066609626969595
93800.0 4.521825 12.520547 4.334103050372623 4.1490509870824 2.6431844654063865
93900.0 4.680937 12.482341 4.513454264556414 4.4177890404044415 2.3023171477197075
94000.0 4.973925 16.861713 4.883747798365258 4.56925535545339 2.6539019116370945
94100.0 6.080805 18.398808 5.985068904641919 5.778133396159739 2.6045016347992127
94200.0 4.216666 10.173353 4.22513290098645 4.106089508891216 2.4247290320917325
94300.0 5.613145 13.527884 5.549129186572768 5.291952431681564 2.451442947075091
94400.0 4.622331 14.813585 4.360605919110994 4.227999610680661 2.345842827317419
94500.0 4.440449 12.060022 4.374987067925272 4.239222733193895 2.3472725040044278
94600.0 4.459071 11.410826 4.612850388495569 4.3094662228266145 2.512805177136626
94700.0 4.409696 11.932510 4.497866347113963 4.271053450085451 2.378516206353407
94800.0 5.004626 12.463433 4.935001840832753 4.746867331604801 2.258951459662905
94900.0 4.625786 9.482256 4.73249502004106 4.491452168499903 2.481616167321929
95000.0 4.140756 8.923462 4.152041315099764 4.025574636404726 2.339745265362753
95100.0 4.733330 13.597634 4.732333483973806 4.49989460111479 2.6248665410369774
95200.0 4.214139 12.090627 4.480878770963399 4.153124590198171 2.4193620715846125
95300.0 4.876104 12.420645 4.911588292458822 4.590465927307286 2.318642788481435
95400.0 4.446842 11.078271 4.7698927031201865 4.40644547972793 2.5082443425251015
95500.0 4.006729 13.473398 4.0373143493267944 3.767456362614346 2.529487826623945
95600.0 5.316621 15.366685 5.291008394074242 4.960433725125966 2.5248811689840225
95700.0 4.374792 13.238570 4.352039568241672 4.129292482580383 2.3575677620577755
95800.0 5.108567 14.313299 5.056492780950121 4.903946068963826 2.354813299160841
95900.0 4.914993 15.795908 4.8809584029871145 4.5435983425358675 2.4712404539771637
96000.0 5.291312 13.444039 5.2979497067285655 5.024068873188212 2.6487686563357413
96100.0 5.003282 14.413417 4.791066076983872 4.716712210692088 2.1610793775063253
96200.0 5.163498 14.559601 4.890877150929941 4.741622115220295 2.4202857485415175
96300.0 5.203701 12.860683 5.111661963523528 4.953302178572608 2.4345482120471345
96400.0 5.085425 14.144843 5.129009266351776 4.893955909372994 2.22448108676213
96500.0 4.711124 11.532614 4.513681220130056 4.458118392502508 2.3458810257413814
96600.0 4.716744 10.736462 4.855612963321996 4.6016343241999325 2.4178900903291676
96700.0 4.475778 10.662269 4.670534267629414 4.407371254174621 2.553096453268045
96800.0 5.574448 16.651568 5.2420052670329005 5.100629554166653 2.607937768145603
96900.0 5.389585 16.093005 5.274500759152293 5.064011055535565 2.512250149967865
97000.0 5.169557 15.542826 4.943133622992153 4.758448998416174 2.6861225953362675
97100.0 5.506822 16.062881 5.192825764733825 5.119073426672116 2.474214489675009
97200.0 4.272775 13.037303 4.398755136247798 4.141416858217551 2.2095266709185157
97300.0 5.261321 16.075857 5.209186575702144 5.019506153473892 2.3438403436308093
97400.0 3.947723 12.445536 3.9290471438759353 3.7325364116863637 2.497828889240258
97500.0 4.970964 14.434418 5.016826136597315 4.793150548600644 2.2409496036785685
97600.0 4.772466 13.083203 4.847896196758017 4.62347035852245 2.219551564616159
97700.0 5.916147 17.203644 5.500449333379542 5.404188076576767 2.608430063668763
97800.0 3.921842 8.481406 3.989599763852578 3.841102887029159 2.515320692055002
97900.0 4.191537 12.993696 4.4373240994585075 4.083219179403342 2.317307957699472
98000.0 5.133340 14.677168 5.079900704259835 4.847482845380941 2.4590617445416654
98100.0 4.770652 14.404102 4.782372032977001 4.53003709166618 2.5320136658982304
98200.0 4.452295 13.885343 4.556426893081334 4.237823035318416 2.7422798063344263
98300.0 5.151665 14.556374 5.143373050638493 4.900951210113488 2.508313338837002
98400.0 4.840631 11.184430 4.999458924044773 4.765219490310093 2.6768095121156303
98500.0 5.172513 13.915502 4.989754497337751 4.816676824821039 2.4513348895488676
98600.0 3.816396 10.677160 3.900931274494446 3.6757716404270298 2.477229905206909
98700.0 5.162861 14.628877 5.295818269304504 4.9598919552395335 2.1636720122470767
98800.0 4.571526 11.939582 4.780380179238776 4.462508298292802 2.293166925602101
98900.0 4.024463 8.644609 4.460287166571001 4.107467257296924 2.580421299259357
99000.0 5.176999 15.363194 5.071315950272821 4.778037331287208 2.6439877458598864
99100.0 4.904442 11.620065 5.0764249247079665 4.744020450970642 2.5333327162567127
99200.0 4.262421 11.840935 4.304654733889166 3.9864897236800734 2.6001297074170515
99300.0 5.150913 13.719415 5.102769243415348 4.86392667910476 2.3800056578659436
99400.0 4.881731 13.960064 4.71097429852345 4.572692824199166 2.742222567036481
99500.0 4.017374 6.312833 3.941721129978453 3.8770307349868416 2.5349130294646116
99600.0 5.024451 14.621910 4.867718152551031 4.7081124969890835 2.4167669685684765
99700.0 3.670861 8.362015 3.562267594414151 3.504748494329568 2.4808466013403265
99800.0 4.458937 11.758059 4.576075811822743 4.360720970329791 2.322547993746348
99900.0 4.216881 12.529971 4.33449777001041 4.046701373384065 2.683586083875306
100000.0 3.476125 3.350688 3.699215025897245 3.494925290458281 2.5466612122293557
