# t rg re s3 s4 s6
100.0 6.545003 15.093717 6.716293614271309 6.309738044035196 3.378122739902848
200.0 7.431052 17.583811 7.688065895923178 7.229428202510492 3.515751270091651
300.0 7.634993 24.696851 7.912606044777718 7.32766962222758 3.5473833180534546
400.0 7.416263 18.022842 7.75961828839362 7.267923902375836 3.0536120334441144
500.0 8.058391 20.605735 7.613555568232937 7.3271455816849 3.4682048212038614
600.0 10.071248 28.216833 9.383243764003996 9.276541192699572 3.412821998357524
700.0 8.325687 25.191926 8.051514329129963 7.8008627843456315 3.547549786382655
800.0 8.052126 22.015077 7.862531106069778 7.622794112384336 3.2220377045025703
900.0 8.973286 25.118807 8.935690179742291 8.411610977853947 3.3642554284205906
1000.0 7.955587 20.778395 8.187406449424477 7.732363315030764 3.3518230085624174
1100.0 7.517040 19.200799 7.514978229691805 7.127174905856 3.519994508215981
1200.0 6.310354 20.291953 6.760780548321406 6.300908705435064 3.3394983537486382
1300.0 7.560231 20.766030 7.2082564545303445 7.068605094336123 3.0496032641934274
1400.0 7.981005 19.961454 7.933770626806415 7.505927076846464 3.4806931411154243
1500.0 7.364587 21.949009 7.253821502297892 6.97562712127979 3.4057079717851453
1600.0 7.340547 20.561119 7.2505290180107105 6.891943978210907 3.4277409541985207
1700.0 5.415349 17.040314 6.005666932956565 5.375408166063706 3.2234551685045765
1800.0 6.633786 23.024581 6.71246887615896 6.216992333897894 3.239942701181829
1900.0 7.183592 20.751642 6.847959286328622 6.51085056559006 3.317099886079304
2000.0 7.207250 20.596042 7.190180196624972 6.844266386881829 3.2733756086735815
2100.0 7.380975 20.239566 7.190539792559299 6.921634864348991 3.584224916765178
2200.0 6.666138 18.104556 6.854444522300292 6.4196856600091925 3.605932254869084
2300.0 7.309082 22.470316 7.408194959615578 7.1260531600308745 3.447469873006127
2400.0 7.365823 16.830618 7.42461571963403 7.159199841599035 3.583320390138165
2500.0 8.352235 24.915166 8.082126491712359 7.8456841254967875 3.480471312531435
2600.0 8.294432 24.043556 7.96506054979533 7.842592004674532 3.840374341710387
2700.0 8.456952 23.820159 7.559678893070774 7.5946621345579315 3.5652265398193115
2800.0 7.477663 21.585922 7.335660164087547 7.012811879472943 3.3000414999522825
2900.0 7.600513 21.368038 7.736507834248882 7.4322748829164915 3.4064497182283127
3000.0 8.531494 24.217161 8.423971465032723 8.18288954571648 3.0785001894895285
3100.0 7.206722 22.499243 6.9921521381858 6.651142180962235 3.7056898399193865
3200.0 7.379197 20.307670 7.481033356302447 7.174516726262728 3.6510822252462742
3300.0 7.096551 19.363213 7.301009782390425 6.875563393147969 3.5880922035343477
3400.0 7.676463 20.980822 8.158310074403357 7.559827892999349 2.983039624450681
3500.0 8.034607 23.790019 7.992360810517259 7.639167196293096 3.433024456985337
3600.0 8.450282 23.632226 8.132630482272795 7.800506672094945 3.1840956763618786
3700.0 8.241056 17.144579 8.306193367324079 7.8560354990947 3.4809007171917807
3800.0 7.951978 19.080339 7.719058830939569 7.341568035735189 3.166354092586937
3900.0 6.999124 17.023673 7.175253190432713 6.807264561583597 3.539257984554621
4000.0 7.067026 19.182607 7.0191048048393565 6.701574810403454 3.7242005392141966
4100.0 6.872508 18.805400 7.046708611644295 6.714530260386539 2.916871931515103
4200.0 8.413408 20.675241 8.57132867807889 8.189525531481861 3.3367072570702274
4300.0 7.647719 18.960594 7.673942062275116 7.397139248620976 3.2028446362965552
4400.0 6.873448 21.091148 6.780665895760762 6.429109913987371 3.5392668981548003
4500.0 6.976257 20.980860 7.033927506504982 6.662698053852525 3.5824805105513886
4600.0 7.065462 20.772707 6.970043837052071 6.660456562872729 3.501047285817488
4700.0 6.545412 19.123220 7.061231022870034 6.52361509026524 3.2989226938443474
4800.0 6.220569 14.454901 6.496255900049274 6.185860145288573 3.1905995139822605
4900.0 6.331554 17.512169 6.861884432897955 6.361076970558732 3.444027870139013
5000.0 7.229735 19.731308 7.307949095558094 6.975938087380341 3.667342201356043
5100.0 7.851191 22.379750 7.7731019673167925 7.407127020805578 3.5564841635241464
5200.0 7.149369 17.096411 7.034696928018709 6.901077401218486 3.1065454234277197
5300.0 8.114262 22.639714 8.121409036908497 7.8014538003830305 3.1878900369437813
5400.0 8.846844 26.136114 8.34538889903754 8.113462508202566 3.642573383508345
5500.0 8.929789 22.845751 8.886714305824638 8.485497806813534 3.7544704373690343
5600.0 9.222021 28.381725 9.066773076224967 8.6444125532838 3.269486405967878
5700.0 8.771323 29.696593 8.166492727898735 7.90921519347233 3.252620228727078
5800.0 8.417729 25.067836 8.35930869642048 7.897353107986004 3.656856010858901
5900.0 8.694419 23.514062 8.247856626836413 8.047892540588524 3.5295155381101178
6000.0 8.034133 23.151724 7.945477999691246 7.625997218577781 3.327483876852965
6100.0 7.807970 26.021804 7.646113119952829 7.282100025836094 3.3606475416457666
6200.0 7.224901 21.786907 7.239195053266452 6.95975910794913 3.203032003885957
6300.0 7.337325 23.476283 7.29895477323765 6.868887321195187 3.326680010897422
6400.0 6.126675 15.585734 6.277984256803138 5.784631827627543 3.5220049046997883
6500.0 8.240719 23.790273 7.908647835011808 7.660540347989427 3.5442700777086675
6600.0 7.707168 22.167301 7.643020720526746 7.289317711614279 3.7894236848185217
6700.0 7.151973 21.263722 6.833880244343759 6.64612975706292 3.462340976434221
6800.0 8.089553 20.723079 8.07597953151524 7.759490492460841 3.3503351996853326
6900.0 9.367711 23.624599 9.071671308323019 8.782969191803023 3.668069746104701
7000.0 7.812620 19.714691 7.91738812416588 7.460460493800277 3.680757050523341
7100.0 7.787159 20.400685 7.947192048380446 7.314545766326363 3.547264944560786
7200.0 8.425255 22.633677 8.259449246568568 7.934940106067188 3.248622104085201
7300.0 7.988717 19.823814 8.148443229676825 7.73778277466872 3.374055628073093
7400.0 8.589201 25.023129 8.306492826330908 8.161292191057605 3.293770863835393
7500.0 9.093167 25.433010 8.74705265078867 8.661238723969829 3.4248375792494175
7600.0 8.210932 22.468674 8.054843559149324 7.584843628788463 3.248409764696342
7700.0 7.295949 22.115009 7.403411092045288 6.8823889520840265 3.79286199291683
7800.0 7.925317 23.227891 7.875662849903923 7.5598274064633655 3.7068343986153405
7900.0 8.413848 21.371182 8.364430281877533 8.07472803040019 3.312090447980198
8000.0 9.030458 25.507736 8.981792878119618 8.584815508168559 3.2511507421038615
8100.0 7.225170 20.356636 7.285265973990419 6.905958294731253 3.2384102177933394
8200.0 8.236565 27.634765 7.942075622834042 7.608556333331157 3.129806685237323
8300.0 8.507586 23.412338 9.092012105782565 8.4813195135826 3.407993127560805
8400.0 8.473494 26.400308 8.269890048130488 7.866460268196461 3.69703117799069
8500.0 8.777380 23.590516 8.698435759319477 8.314696595108769 3.2394170198958183
8600.0 8.386876 22.910360 7.984879683143808 7.770840939370459 3.406462716817553
8700.0 8.447438 19.116647 8.59254954042112 8.25523151044836 3.205407973993231
8800.0 7.389260 19.919626 7.5956652504699145 7.2502588517711715 3.6706150893696115
8900.0 7.736060 23.053279 7.209062246205136 6.976431349214146 3.0910967626026387
9000.0 9.000945 19.664934 8.698796027974705 8.503620065402748 3.608375023059693
9100.0 8.067503 23.795463 7.73500228695755 7.510917487703059 3.402476718123991
9200.0 7.238984 19.186051 7.191031533599518 6.793355688060614 3.774112602052906
9300.0 7.875841 24.124760 7.9361817969620905 7.397214434425712 3.7179763658501037
9400.0 7.288290 19.857589 7.163073580048753 6.946398510397222 3.5114906362290785
9500.0 8.364639 24.671098 8.252919571621398 7.851448859366581 3.8533397197054495
9600.0 9.220004 24.813363 8.657671765022052 8.500486868399632 3.8153165141451932
9700.0 7.787589 19.888800 7.852153736559311 7.534762879929834 3.886472653592372
9800.0 7.837443 21.033391 8.042415378358601 7.553231273998328 3.165691709184987
9900.0 7.300471 17.817237 7.5395548163058805 7.062453166422679 3.886710506804479
10000.0 6.974386 19.379904 7.1108951647635115 6.757133730387956 3.5106891259524273
10100.0 7.194019 18.722048 6.960616813783349 6.737017854466565 3.337714218877984
10200.0 7.559440 21.186063 7.5451415061696006 7.215777147116191 3.6256051127502014
10300.0 7.845273 21.061464 7.934512505892693 7.434127908186027 3.246342073915502
10400.0 8.071885 20.736895 7.729748683453126 7.614005669357431 3.296627868350985
10500.0 8.849280 27.750303 8.407971525329081 8.307260512783479 3.6345740037790724
10600.0 8.392118 26.503601 8.33283071842966 7.887604928874564 3.501517935906908
10700.0 8.546415 23.573754 8.255328687732344 8.015890121885802 3.3819986598323237
10800.0 7.969285 21.152623 8.010356594365104 7.686807722748726 3.2116280094412057
10900.0 8.429758 22.669253 8.290053660049333 8.092836778285655 3.6652933563148196
11000.0 8.141966 23.537879 8.300649489773928 7.7822055219410435 3.4332034815573174
11100.0 8.547693 27.765123 8.023234784545236 7.801464733477304 3.882038638934542
11200.0 8.536926 24.365773 7.789833469319305 7.807162860719637 3.2649730057570223
11300.0 8.083699 23.970952 7.881064508262558 7.501111701691151 3.4932909772844223
11400.0 7.034566 22.894887 7.056919210575977 6.5822015750656275 3.5915295358936103
11500.0 6.980572 22.270781 6.891562658954384 6.566538299252237 3.2191337301201797
11600.0 7.851305 20.728725 7.584862036693419 7.439555195643485 3.3268065876182953
11700.0 7.945931 23.413390 7.735528161590757 7.543521103133344 3.219823129057417
11800.0 8.022495 18.881070 7.584914274593686 7.554751239968208 3.7907055485096723
11900.0 8.639992 22.766336 8.45800342346293 8.161832887946806 3.6872193512388574
12000.0 8.352296 24.371213 8.156374751213459 7.905732013319978 3.440266535660387
12100.0 6.314750 14.185276 6.372818019304038 6.021292930154788 3.3538156405555504
12200.0 6.569691 19.054447 6.8347119282477955 6.4570391845287 3.7653482700446275
12300.0 9.010288 25.287147 8.450988739937376 8.25209900513336 3.416384087017075
12400.0 6.918181 16.874683 6.6891969586113325 6.6259104388670576 3.330161489986484
12500.0 7.608412 20.710832 7.624789417848853 7.389285699980807 3.630057112991502
12600.0 8.112821 19.836107 7.715363430215938 7.538143400806399 3.601265262503743
12700.0 8.645484 25.805702 8.154927157404245 7.971152688317028 3.4204692850675147
12800.0 8.165498 25.292799 7.85609577155737 7.488182556367888 3.4516326291312347
12900.0 7.466435 23.383903 7.526316688261246 7.038341703706995 3.7719023295223857
13000.0 7.774773 23.540586 7.409621134764965 7.115027238311444 3.4364610365970516
13100.0 8.333780 23.387513 8.446023868060827 8.015653160287087 3.8015711120849467
13200.0 8.379993 23.085356 8.219617440173957 7.929679814912289 3.5555612658833184
13300.0 8.883484 28.444365 8.87804765908066 8.463369865626072 3.636896104229583
13400.0 7.081772 20.321140 7.346878317261824 6.955914945467858 3.2911253132890206
13500.0 8.623719 22.331903 8.439244790977824 8.083496012827295 3.5246566670387525
13600.0 9.082891 27.136653 8.91070568949388 8.471023325917857 3.2139205358148297
13700.0 9.486549 25.966678 9.014090939048264 8.811204034785586 3.167689607411299
13800.0 8.640022 22.180149 8.811779929612776 8.457955600182812 3.510634719746686
13900.0 8.900025 22.628292 8.631441890309809 8.388077356094993 3.2114866384338345
14000.0 7.549077 19.967668 7.579249672998941 7.168765227958084 3.3102091849223583
14100.0 7.375762 21.898279 7.3803688614027925 6.960822407034748 3.445873153725472
14200.0 7.740067 21.014040 7.586359696989604 7.348312099977626 3.632440852307479
14300.0 7.401227 19.238431 7.436271723453297 7.125708192830428 3.629700364053286
14400.0 6.660015 19.428131 6.780065810189966 6.306190147754293 3.9317492286634286
14500.0 7.473568 22.625844 7.542387715802611 7.001851590746271 3.387541322395163
14600.0 7.878696 22.563052 8.039587450410947 7.70882463511433 3.17095952090766
14700.0 7.300798 22.964584 7.332251766254324 6.914426167203861 3.18334858863796
14800.0 7.938355 21.929848 7.968900704675731 7.489398082616015 3.4750532580458473
14900.0 9.059449 25.795381 8.806080214518783 8.373914062734057 3.249428904585097
15000.0 9.005762 25.137808 8.423029539493507 8.36918838776434 3.5325758368507545
15100.0 9.549468 24.635974 9.288006003811427 9.02676960171426 3.6372300286769708
15200.0 8.945552 24.759936 9.010479939426345 8.376992639086973 3.2320850055110544
15300.0 7.665641 17.657477 7.469070622890772 7.2363611587381955 3.4708504232129407
15400.0 8.592223 23.876058 8.240277193842006 8.0333650346569 3.341145852228283
15500.0 7.343771 24.036118 7.2308394463084635 7.0275128697903995 3.213748128931318
15600.0 7.938568 20.360544 7.780460538889473 7.612706283939636 3.559392187189283
15700.0 7.978975 20.245594 7.490773493613972 7.38681154998085 3.0142041472579533
15800.0 7.113673 21.549205 7.3115462097855595 6.913854507822187 3.487851069107307
15900.0 8.051471 23.200706 8.25158911094654 7.882861540003093 3.470579459150374
16000.0 8.383337 19.576525 8.144481811782267 7.935808962120245 3.2702502297529326
16100.0 8.059546 22.554264 7.980119584199181 7.7135698674913815 3.4522461611028743
16200.0 8.234237 25.550061 7.9122676188191985 7.704435586896603 3.1829754828876244
16300.0 7.814969 21.551237 7.652726051394869 7.343380435330083 3.5076478141736818
16400.0 6.704946 13.554101 7.048053591578051 6.695901442979725 3.497763310724433
16500.0 6.253271 11.192434 6.314250644842784 6.158739319719515 3.5960326786396317
16600.0 7.692166 15.105959 7.75939340473998 7.522867040714003 3.6639335008556095
16700.0 8.464229 23.090290 8.178663797045877 7.794258762680679 2.8651823909473624
16800.0 7.672129 22.379244 7.274709223957197 7.14864010727346 3.5957398732153814
16900.0 8.439826 23.547328 8.245517851998711 8.001777052014042 3.1280958444974463
17000.0 9.447255 29.383715 9.124991541659828 8.78264487173716 3.499307168078512
17100.0 10.002293 26.151352 9.46634357926481 9.221922538497354 3.1547549391481406
17200.0 7.665223 19.604944 7.797012886455159 7.286606535234228 3.412503799274668
17300.0 7.372306 16.764178 7.136255966608102 7.019479704030048 3.596499148525715
17400.0 7.314127 19.936025 7.287073607426988 7.010031561297114 3.524273379250048
17500.0 6.831614 20.499988 6.779229878419817 6.437627219242465 3.526635749916545
17600.0 8.717432 26.044860 8.519762909890863 8.235144586162225 3.3414304812513014
17700.0 8.248192 18.721631 8.398902880343414 7.97011774260196 3.3915675675946066
17800.0 8.942658 23.583950 8.584088097848102 8.341475206150372 3.3624066414777283
17900.0 8.572175 24.544550 8.108419461308051 7.900666189540493 3.435638066551918
18000.0 7.761598 21.452012 7.424195491426798 7.18037239468702 3.1213664324887853
18100.0 8.157399 22.783766 7.817219560371448 7.680248729336065 3.503664761244503
18200.0 8.125012 22.381507 7.791845381376264 7.599216030597612 3.320131454304286
18300.0 8.317491 24.366034 8.361715870846483 7.959831355104115 3.187981706306746
18400.0 8.795646 25.238763 8.40512009164095 8.096596852529398 3.3809932462032126
18500.0 8.874763 24.506047 8.690576498555385 8.338211800023307 3.468204884551999
18600.0 7.876763 23.223660 7.752945763097883 7.404710263025703 3.649313188105367
18700.0 6.343717 18.187835 6.487013946476144 6.163100098590338 3.618032882891421
18800.0 6.377128 19.071517 6.528419460150627 6.24506584316138 3.4273282943667476
18900.0 7.367515 17.598973 7.455714071962102 7.229067226795573 3.211489288427823
19000.0 7.658038 18.979871 7.68073193551972 7.422568935836046 3.3528017467967093
19100.0 8.380060 24.520753 8.250571262355889 7.97961812221422 3.4580828025476844
19200.0 7.592834 20.628948 7.6015983520332195 7.107035216096315 3.1860368663010235
19300.0 9.923694 29.261100 9.390199325619157 9.232808487400993 3.409822301510265
19400.0 8.779261 27.304175 8.481592124896405 8.271169052262369 3.6567197309155692
19500.0 8.511698 27.468151 8.27509069874687 7.789135380688587 3.3156025506954436
19600.0 8.448184 23.033064 8.353981377770264 8.044249860739642 3.25368071918459
19700.0 6.405099 12.959036 7.30482819073672 6.675744389689489 3.4970406357806336
19800.0 6.313580 13.985669 6.427385271923881 6.090548875437581 3.8852717511308668
19900.0 6.581238 15.791280 6.471702091192197 6.334743381305698 3.4578512705613984
20000.0 6.456465 16.226873 6.658619317402161 6.26587292035777 3.396843524728443
20100.0 7.554845 21.964692 7.160332256265657 6.961276244265344 3.4946008032681593
20200.0 8.458407 21.326957 8.071274029006112 7.870064855763615 4.028409307058131
20300.0 7.542264 20.961492 7.335313602989277 7.0643170926417245 3.0601040069961423
20400.0 7.365204 18.357380 7.349343423244307 7.092194326918955 3.3897573460979262
20500.0 6.631179 18.738416 6.4779612926278185 6.187394914366044 3.688728271982202
20600.0 7.697251 14.051347 7.913988313111943 7.491218259119002 3.288925582745512
20700.0 7.356613 18.361607 7.184418681563734 6.977742144298561 3.4657530296292713
20800.0 7.427705 19.772107 7.598687883901512 7.057797090976795 3.5051127942414393
20900.0 7.811971 24.247643 7.6297159625966 7.27659464016958 3.2188718760657973
21000.0 7.882288 22.325942 7.537013319169555 7.331558671060989 3.4094045186167365
21100.0 7.603421 19.661412 7.787686845378316 7.416037995080456 3.6060494270683567
21200.0 6.658932 20.421160 6.7909574249565114 6.352863595003624 3.3709260513176895
21300.0 7.142950 19.918260 7.111692167315273 6.782746337471555 3.7413823800547146
21400.0 6.481597 18.670403 6.355799036178515 6.042509141379335 3.5709027384171037
21500.0 6.691067 19.139664 6.801383590576592 6.333036448843048 3.6769867721498124
21600.0 7.328629 19.399998 7.199016401168453 6.813848188811461 3.203035963077265
21700.0 7.733701 15.343934 7.639477639456599 7.448946685718555 3.436614221927337
21800.0 7.840416 20.404884 7.802494579674573 7.692523282958261 3.4241301581169368
21900.0 6.596899 17.626642 6.796791001443638 6.470770473210188 3.4958845046660163
22000.0 6.038112 14.232867 6.281048426319886 5.900964294165743 3.618695351443433
22100.0 6.480047 15.168636 6.599877837936424 6.268231271855974 3.5363222549629567
22200.0 5.593653 13.572326 5.750391945102842 5.5377750035404825 3.23112732738426
22300.0 5.692405 16.094442 5.645035602653714 5.454300035086096 3.8106211150555107
22400.0 5.964111 16.647382 6.198921423683738 5.856194249843646 3.2167114586565315
22500.0 7.375221 20.436185 7.0607952358638935 6.854282403974127 3.4237362297516074
22600.0 6.925047 20.684357 6.9308995766545625 6.7144258829888095 3.7181069842721675
22700.0 6.986628 18.086998 7.051101458534459 6.769420889027963 3.1084016430446546
22800.0 8.435638 18.757258 8.429106435753916 8.02546535712453 3.603167079053065
22900.0 9.004279 26.032582 8.48455952692966 8.358736423888582 3.4130000916046273
23000.0 8.257784 19.692844 8.277216809391684 7.986907594968808 2.9872539713546535
23100.0 8.018166 21.085922 7.867296123509092 7.548662192422617 3.622952847283517
23200.0 7.021175 22.434830 6.764382486052773 6.471010464972615 3.1753898842309463
23300.0 7.145742 14.596212 6.868017785297676 6.6321814200106965 3.6544700581558773
23400.0 6.878514 16.835190 6.975951870066282 6.575529676239371 3.620725039802755
23500.0 6.409456 18.225489 6.56834641964716 6.152208195191027 3.4777220447037602
23600.0 8.174495 23.804335 7.90009599558561 7.663643991732954 3.5040522495161914
23700.0 8.478493 23.662389 8.52461903381295 8.175615338181824 3.622784350147414
23800.0 7.839257 20.271672 7.932215752385242 7.612793640788469 3.57683550993213
23900.0 6.778306 18.932526 6.921561935050895 6.544444576895523 3.300266357167897
24000.0 7.223190 20.012415 7.155295805080496 6.822675784058474 3.5480419025479
24100.0 6.688223 17.410976 6.943588998933887 6.578042009832266 3.3279938967894798
24200.0 6.899864 21.435939 7.007227206361502 6.573515778416763 3.2589707384028657
24300.0 7.090174 17.764991 6.7389941546250185 6.714343855473436 2.9367701799174775
24400.0 7.894230 18.832287 7.694510915987486 7.519891547583225 3.565906157198532
24500.0 7.286910 17.440893 7.197232976449269 6.8186878218839535 3.3322585046089914
24600.0 6.806223 18.066226 6.782714292689149 6.564225728693047 3.4186927360479378
24700.0 7.696525 18.797239 7.4302388828270205 7.097189935273073 3.607950499502343
24800.0 7.389904 19.678243 7.243281800296127 7.071950410580747 3.10788648035805
24900.0 7.196145 21.205736 7.078318440386449 6.737835031837573 3.3432066195611254
25000.0 8.660001 27.335322 8.195879537471058 8.016463317455942 3.310027368783251
25100.0 7.087406 23.991978 7.023055762804603 6.65945010041118 3.506858707568807
25200.0 6.843203 17.142423 7.047659391132445 6.593621838636819 3.327722619089849
25300.0 7.028278 20.098534 6.9042378395819926 6.576712562668486 3.348361817078859
25400.0 7.693192 24.694456 7.466671662005504 7.119345554442579 3.4347132276955024
25500.0 9.116049 25.286156 8.788893765387801 8.436823091409762 3.4310813205693522
25600.0 9.723158 30.826377 9.285060426101646 8.967444345609252 3.5832289533624566
25700.0 9.161366 27.753604 8.921128476702059 8.616512025660628 3.0585146713588176
25800.0 8.727627 20.472341 8.553992659899892 8.277297885585083 3.263256615282893
25900.0 9.040323 24.636261 9.048089412442481 8.611921697088077 3.920283250269277
26000.0 9.353583 25.974255 9.172460072509502 8.822819213912814 3.4978022313831367
26100.0 8.293641 26.244558 7.9589871277275 7.674129195843335 3.8936184827986673
26200.0 8.459764 25.465327 8.077893683596171 7.761006651149807 3.7073956046832395
26300.0 9.290636 30.279808 8.720241882314076 8.651017050743004 3.2238059203716447
26400.0 9.617814 29.348558 9.211835602969122 8.835342208907917 3.2810046772500754
26500.0 7.491761 23.776005 6.9602947456613755 6.802921452863245 3.7276034603118497
26600.0 8.560228 23.221829 8.402154711211148 8.140720106409699 3.2940143369271007
26700.0 8.374380 22.469756 8.268466090485012 7.9903759633037215 3.5913748380128956
26800.0 7.323842 22.923619 7.156496394224737 6.8034371921427175 3.827365853332768
26900.0 8.895295 26.796492 8.526537247941873 8.343812151634914 3.8720173818902603
27000.0 8.987743 27.314060 8.67268126778144 8.403670107850987 3.4515100053336005
27100.0 7.385130 18.681562 7.864489442471197 7.3058665233459426 3.4393507284341154
27200.0 7.307039 21.108446 7.589543503414331 7.103218248543325 3.311794424261033
27300.0 5.824585 16.254914 6.096943155900895 5.662669904205328 3.4487744548105224
27400.0 7.976901 20.282394 7.562312331094084 7.454435183042037 3.2867748971680437
27500.0 7.509957 22.535905 7.513932568273302 7.113684023154885 3.3349431901611375
27600.0 7.819445 19.948952 7.641577362310386 7.333816315474994 3.451271377388047
27700.0 7.628727 19.506093 7.547936172474783 7.234904683227417 3.5248909234343127
27800.0 7.441794 24.614903 7.291975197581941 6.842218232488944 3.612120723376943
27900.0 7.953268 23.823948 8.068914097209305 7.570789800309228 3.6861531572977726
28000.0 8.752181 21.244174 8.930577140558093 8.527275716330227 3.874097509405314
28100.0 7.401301 19.971520 7.292266284479904 6.949715057010179 3.406608154768283
28200.0 7.434466 24.494896 7.095480667991615 6.9241164822777925 3.2577537549894973
28300.0 8.559995 26.844735 8.080196993310878 7.934213121992458 3.178633149614276
28400.0 7.849582 22.599632 7.604552896048156 7.360011388768185 3.4378352337115166
28500.0 9.171155 25.026901 8.865966444210782 8.512045292473857 3.4506359965890625
28600.0 8.951901 28.043332 8.714587442239694 8.277735163691661 3.4134746654350137
28700.0 8.534330 24.031401 8.359254768789588 8.092859188040586 3.6095360826690137
28800.0 9.193829 27.525710 8.785232210008768 8.563977290571144 3.278662771599903
28900.0 8.752672 24.713394 8.59033074396909 8.197978299097697 3.5055653822674495
29000.0 10.014349 29.910056 9.484807235321124 9.153027566571987 3.2667885853191168
29100.0 8.615807 24.680156 8.646705853601174 8.122050594589176 3.66595323817565
29200.0 8.079575 20.802886 8.049518961990119 7.637909422074008 3.8535850420399975
29300.0 7.737158 23.774592 7.743639137213588 7.3485189777906825 3.5192687539069367
29400.0 8.448515 21.062423 8.395193533740759 8.0513352673306 3.7487319915176367
29500.0 7.281395 20.602620 7.0606511404834515 6.864210189899668 3.5937638178053906
29600.0 8.095502 26.725844 7.840991373513978 7.620366084545761 3.2872154423209667
29700.0 8.076396 23.372064 8.087395890726894 7.720714234662871 3.4643792548918464
29800.0 7.133306 20.609896 6.9565433381717225 6.571191949422301 3.678381554101333
29900.0 6.744194 16.130877 6.659534457521674 6.399996647508456 3.0030972845746446
30000.0 7.792511 18.621253 7.961428918428532 7.72013628611198 3.4094668214832686
30100.0 6.219838 13.824920 6.585013818337217 6.234033761573776 3.4765494126235144
30200.0 6.754919 13.621434 6.736648468068344 6.377828167827825 3.393611157978713
30300.0 6.315839 11.819492 6.487796966773231 6.154737288971088 3.5442873408190216
30400.0 6.385125 13.080756 6.533088822156802 6.141294690903095 3.3267553394549623
30500.0 6.303533 14.705408 6.400053163510883 6.0552428838280905 3.2976673502420617
30600.0 8.480632 23.936914 8.232489173229554 8.013126366594173 3.278408557072068
30700.0 7.962493 22.022283 7.8357426237158965 7.498393140765316 3.4709335382504065
30800.0 6.848928 19.305470 6.928477189398558 6.508012903162444 3.6924421762704496
30900.0 6.670127 21.620426 6.61261262940464 6.255692510502314 3.485441252550746
31000.0 8.101148 25.377558 7.861287309909075 7.47077385414996 3.4448593820770137
31100.0 7.545768 20.444719 7.570175146094806 7.240223217109826 3.3667786101773904
31200.0 7.361156 16.710544 7.710252465606645 7.309551769711584 3.6913838219908603
31300.0 8.003175 19.974736 8.158900140881775 7.819009802822789 3.283170266438935
31400.0 8.368061 21.416504 8.717780945400467 8.27601424315425 3.2716999818915014
31500.0 8.115277 22.158630 8.134006518687569 7.93289588613285 3.4551405187620223
31600.0 7.505688 17.898451 7.7959795905792095 7.430560463717141 3.0925065256600734
31700.0 8.125264 22.740138 8.120609050816375 7.8550454028225705 3.724049129986141
31800.0 8.963332 29.172381 8.732442652522666 8.411680894758986 3.3674800855946945
31900.0 7.195169 19.989669 7.205639572708588 6.930178330946401 3.376144834878554
32000.0 8.780641 27.262210 8.346142999368524 8.168537498674786 3.527455467082997
32100.0 8.367838 22.259356 8.02560638134624 7.792623453366294 3.529506185517797
32200.0 8.165973 23.645898 7.709893727137612 7.525976090988366 3.744129777628129
32300.0 8.988243 28.783402 8.309291326252776 8.115959232465327 3.2814828371389946
32400.0 8.649393 23.817326 8.3087589173361 7.959411112760467 3.5865050254410726
32500.0 8.348790 20.623693 8.322580641848452 7.970407990562549 3.7147109953084585
32600.0 8.426032 25.081392 8.61075575723814 8.227836407430706 3.1258211101617595
32700.0 7.286815 19.951872 7.890902907606048 7.31626207748477 3.3825754661523324
32800.0 7.048309 23.102270 6.969425129292488 6.641897546676152 3.6620665731402022
32900.0 8.538298 24.819423 7.934454102964607 7.847279600661033 3.4218644814260872
33000.0 8.428899 25.141067 8.489402028101768 8.067299679062353 3.676202501615615
33100.0 7.618248 19.081281 7.163633593977104 7.075247092879457 3.2744666849441235
33200.0 7.963260 22.322740 7.7283502268864 7.477485398557376 3.1976499064608612
33300.0 7.682992 19.841364 7.946368051917125 7.512172951677977 3.2386481096047377
33400.0 7.585096 18.416740 7.892868890210189 7.333034525107533 3.7242534678466974
33500.0 6.622033 15.357098 6.892738237550731 6.537786752018798 3.511073363144695
33600.0 6.941884 16.533735 7.148636753674715 6.752150178122294 3.5119781857039953
33700.0 7.138912 20.226851 7.282597571158586 6.934384896164367 3.3000800980182103
33800.0 9.303051 25.100780 8.703702924990889 8.637724333384359 3.247523944942511
33900.0 9.592524 26.202009 9.262064479265842 9.133023043099394 3.3497976539715486
34000.0 8.000563 22.134422 7.972752982026599 7.671948589336061 3.6599899936763145
34100.0 7.429313 23.716851 7.03681830778176 6.761045701748928 3.4969028418276413
34200.0 6.583226 21.852046 6.660059003311211 6.239225125320319 3.603291125430226
34300.0 7.943925 20.056610 7.786286387693394 7.533632758507854 3.564130955412892
34400.0 7.191463 21.189821 7.53801782575512 6.945498344525828 3.3230953230626086
34500.0 6.752476 17.996694 7.085979029752888 6.674351187512429 3.2120922474260416
34600.0 5.791133 19.313609 5.959128299285183 5.666076819240987 3.350743942641847
34700.0 5.682340 17.035486 6.491581950738851 5.788356876200542 3.6096656980483557
34800.0 7.248048 14.952816 7.4944414245596525 7.209269302766421 3.541484503370015
34900.0 8.297623 20.387882 8.305800825530323 8.063912461700868 3.1149346684999473
35000.0 8.090356 21.321840 7.6288532748154765 7.469544964035416 3.4609862192729253
35100.0 8.302469 23.406479 8.27187040992543 7.8589873978465 3.3707960420089194
35200.0 7.057559 20.384845 7.296244201545013 6.8252738492271 3.3299081792806686
35300.0 7.832394 16.519571 7.879390424356164 7.598706425601046 3.499885164079058
35400.0 8.336961 21.086173 8.18512144747695 7.944914339236631 3.3216016751946977
35500.0 8.702187 19.715365 8.433260720862496 8.168244704753258 3.1986544903831606
35600.0 7.272529 14.569848 7.369771043575292 6.993444209260616 3.3063420390030878
35700.0 8.515563 22.302746 8.51412919729867 7.989545180439088 3.2454941120987377
35800.0 7.722727 22.227288 7.838468604901916 7.442490802764093 2.976597968161467
35900.0 6.695755 18.861244 6.537180563454423 6.357558371709169 3.425877025247333
36000.0 7.501880 19.344948 7.7457675708648726 7.333404359376927 3.3598592869868433
36100.0 8.516388 23.280340 8.489978957607802 8.095069259629911 3.4322344329112386
36200.0 8.444196 26.921028 8.263674644625105 7.875767429676887 3.589964561808834
36300.0 7.176228 23.916346 7.211844220974948 6.77580318656718 3.534373386866796
36400.0 7.925623 27.302216 7.7886785288883695 7.364085278863159 3.385136226053883
36500.0 8.090535 22.645444 7.751334036346873 7.560863888987901 3.498007906240269
36600.0 9.180066 28.348635 8.480457295187056 8.482517740984699 3.3491237964444265
36700.0 7.911387 21.882480 7.9504065048266686 7.58355226435915 3.2257375675340336
36800.0 8.155911 21.993946 8.216363470992146 7.857314366449309 3.3590980025566752
36900.0 7.777703 23.642845 7.495442008656463 7.143323459160203 3.1591122009514776
37000.0 7.151992 17.108531 7.020914351916768 6.917461424339482 3.246513698949023
37100.0 6.995603 17.356909 6.808687947279847 6.524202190921511 3.484051050736411
37200.0 7.368346 21.141388 7.590727780707958 7.152144900395267 3.4361517116089746
37300.0 7.248457 18.046981 7.405729150537684 7.073613901812057 3.583047677378708
37400.0 7.402857 22.709237 7.678466708623272 7.160973136893773 3.4903410394309446
37500.0 8.182240 19.604227 8.145020465892816 7.731292325568499 3.432580597756877
37600.0 8.191210 22.107870 8.22734742668058 7.9408258054086005 3.541921582135301
37700.0 9.332781 29.838288 9.122470112486148 8.732424997937368 3.453471815744888
37800.0 9.635952 27.800927 9.302078044792266 8.861240477968716 3.5594631283486904
37900.0 9.329376 29.188034 8.696259648585254 8.571953721590925 3.1321006335510337
38000.0 9.245864 29.479823 8.712487330092351 8.56840134916592 3.333215829960041
38100.0 8.357036 22.988147 8.476119357106962 7.9898660219646445 3.4862197778028863
38200.0 7.800367 20.965793 8.250653998777155 7.706510197709952 3.516107331396498
38300.0 8.094655 21.248593 8.030051299074136 7.6989708020919325 3.390762297450875
38400.0 8.873971 26.309286 8.546480514546738 8.194209546029901 3.4903552365227006
38500.0 8.674497 27.158800 8.480081289631073 8.201139933548896 3.322913769365452
38600.0 7.582805 20.910521 7.69791848400428 7.1834111601867505 3.639157691151476
38700.0 8.388506 24.096046 8.274526258173795 7.971492908235135 3.2732355596813476
38800.0 8.579852 25.013763 8.08369936407875 7.87544048087784 3.241373950985634
38900.0 8.395192 19.708035 8.09729938379959 7.994165268719434 3.3265138071673714
39000.0 8.371643 22.466368 7.833171202982648 7.769569434652072 3.420694103704546
39100.0 7.802074 20.106626 7.651184275956891 7.323807642728453 3.444192530980964
39200.0 8.793136 20.145364 8.531322565715227 8.201274980742104 3.4643897967909876
39300.0 7.990589 21.610591 8.044555713288307 7.685604032004364 3.7724638201575065
39400.0 7.393326 21.895339 7.315967231273425 6.96854592161297 3.359643412876229
39500.0 7.590066 25.614534 7.748657396891988 7.158093284752976 3.1683787154495393
39600.0 7.677983 21.247763 7.148966506327204 7.06172198348679 3.416803384532209
39700.0 7.653559 24.963418 7.525308790604592 7.135764077303433 3.5407607569131407
39800.0 7.717378 22.543308 7.472725374490229 7.027710902236017 3.3514891335277333
39900.0 8.015961 23.438671 7.50896086869995 7.41944775051456 3.806059008175539
40000.0 8.231716 20.396541 7.867072683128622 7.698359202043007 3.3241049706891546
40100.0 7.563393 23.680726 7.710388990214896 7.280270949700728 3.330522946405572
40200.0 7.523088 19.315606 7.632095995001934 7.353387905361622 3.572591669654097
40300.0 6.530476 18.847937 6.992188952435442 6.601650702452834 3.6747751399198676
40400.0 6.752119 21.783621 6.601759868470866 6.375955674865426 3.690346148640017
40500.0 6.738715 19.817176 7.040939666721028 6.588675767373864 3.3499791619312966
40600.0 7.660142 22.244190 7.6550941451606676 7.208154477188958 3.491072456322691
40700.0 7.918359 22.006574 7.888257991222391 7.474149544006599 3.5575086155603732
40800.0 8.625166 23.696734 8.434681434400071 8.179244762542096 3.557201003945355
40900.0 6.824687 21.982314 6.922470362226295 6.535170376591407 3.501845409916745
41000.0 7.145489 21.524427 7.175650217752058 6.873440196109598 3.200671845814373
41100.0 7.762451 19.534924 7.4552734537297844 7.355328099446421 3.4229400780421972
41200.0 8.274180 23.052882 7.971427402214533 7.790673868293067 3.2496973373798057
41300.0 8.560219 24.620966 8.353903365366197 8.107364480911833 3.8719988374118866
41400.0 8.424804 22.305664 8.393416290546924 8.037287167704152 3.3880607576217936
41500.0 8.450897 22.654525 8.390379782340972 8.05576731536781 3.3547087935256803
41600.0 8.329678 20.934842 8.256728232334234 7.9781680925918765 3.1705316289329333
41700.0 7.207691 22.156807 6.83494476631248 6.777231530293355 3.2219845794187156
41800.0 7.125786 20.712129 7.07262665629706 6.683295208466594 3.391687646031912
41900.0 8.043711 22.992340 7.844848472741648 7.570347394393753 3.336486962429181
42000.0 9.356697 25.440905 8.969573058068622 8.718554749555986 3.3620053164300017
42100.0 9.626033 27.407360 9.123650524100698 8.820921467564808 3.6407362091905013
42200.0 8.399091 23.914845 7.973274297939513 7.892549564899988 3.5890182016174177
42300.0 7.122307 21.545622 7.090415031720668 6.664262497044165 3.269236779372929
42400.0 9.070975 25.747290 8.93923354666688 8.573407483788896 3.1523393174231473
42500.0 8.347474 22.224031 8.386930203626642 8.038945277831868 3.717751890847239
42600.0 6.667932 17.058634 6.763181794556151 6.45375889154554 3.3975254535701405
42700.0 7.917432 26.876448 7.682681247697065 7.483888601171361 3.2531045889255004
42800.0 8.773983 22.654943 8.678541056368882 8.353952546661601 3.2525350878994344
42900.0 8.472045 22.171117 8.156413674130157 7.94828852692792 3.441684347334032
43000.0 8.868629 23.124504 8.54832189348213 8.165374816721458 3.634361934441662
43100.0 8.902011 25.268564 8.755094997493126 8.38076380575052 3.2840465827992347
43200.0 10.262717 28.278958 9.628729935470009 9.459141839741912 3.312027451802539
43300.0 9.497098 26.497469 8.83163232952352 8.694608998431132 3.23067511390586
43400.0 8.995557 27.505162 8.43845548535173 8.053756713626719 3.6756131288539486
43500.0 8.719734 25.933484 8.68428920074977 8.108865730436216 3.6287406503543034
43600.0 8.203559 25.415465 7.897679336300073 7.478493609585185 3.7225380501618153
43700.0 9.263221 30.506350 8.789319655728914 8.493141054036615 3.818955552144798
43800.0 9.470756 28.907134 9.101034496720267 8.83481765887162 3.6982022977150235
43900.0 8.381030 23.963869 8.127561974502909 7.858544174457596 3.250924724822648
44000.0 8.031844 24.088147 7.7933317321465 7.547202468416372 3.3980060900930176
44100.0 8.416972 23.043447 8.356583083858181 8.073661105681746 3.320429875897749
44200.0 8.821939 25.159266 8.383147577705463 8.196792154082157 3.3110487165562845
44300.0 7.275851 20.455805 6.789861580801458 6.636687724812097 3.2724617373801914
44400.0 7.265794 19.016555 7.5200793095373815 7.125260764700464 3.4685765490972544
44500.0 7.658130 23.263519 7.296646933517154 7.109116867238072 3.1370589868624483
44600.0 8.870156 25.699535 8.605067338317872 8.315722251020341 3.72882962533149
44700.0 7.684739 19.102551 7.729895296305536 7.309343476110912 3.790131155888931
44800.0 7.964662 24.315974 7.972213871012956 7.553887394093036 3.269695424712115
44900.0 8.635467 25.682519 8.465490690059768 8.04694457290177 3.171167530939045
45000.0 9.758632 24.570485 9.331545655694654 8.979434650714472 3.4936536395222797
45100.0 8.709222 25.461419 8.687030307638619 8.181163763012274 3.6903880225396253
45200.0 8.532201 25.958351 8.362052580109296 8.039148789855105 3.3211898839369662
45300.0 7.381981 19.405174 7.686459845063925 7.274985934881225 3.553341988621619
45400.0 7.489698 21.767995 7.472896150996448 7.10440493995971 3.6079461333071388
45500.0 7.772827 18.733284 7.958112419665564 7.589440310476115 3.7456937632539655
45600.0 8.248977 23.173891 8.420400838736793 8.050976451337561 3.272440385437305
45700.0 8.156522 20.403446 7.83968282794084 7.662985937425437 3.1765435311363643
45800.0 7.119587 21.645009 6.8381136096285875 6.5721068348569895 3.7362080946956566
45900.0 6.996280 21.901759 6.746944969680771 6.432062444796116 3.497723494876584
46000.0 7.690723 19.532598 7.254588665441297 7.1341598009634035 3.687237708309547
46100.0 8.300960 24.420485 8.313741656117843 7.773431676806386 3.2524916042426746
46200.0 8.242724 19.460100 8.05715160446945 7.794285009435684 3.387897346158293
46300.0 8.129675 21.076814 8.227328178825168 7.80728575782784 3.860184152886106
46400.0 8.868388 26.154345 8.847146715414084 8.290227997367008 3.2237026674432974
46500.0 10.373106 32.892898 9.83976968409051 9.49385972026596 3.6636470610319707
46600.0 7.775728 23.463221 7.8292722037534475 7.2854391223999055 3.846012092635528
46700.0 5.795466 15.588894 6.138076307096348 5.629139100558033 3.314829024806366
46800.0 6.391098 16.394527 6.445538229675586 6.1219998966530165 3.0815664154186453
46900.0 7.604759 22.154965 7.638829261694928 7.377669794411864 3.386258712540746
47000.0 8.122696 24.360470 8.044344561424698 7.790185712160925 3.152034441731879
47100.0 7.630165 23.052726 7.459577072922688 7.116488489010745 3.497692794152498
47200.0 7.786435 21.233624 7.5495846935056665 7.233869780839851 3.0802027962080696
47300.0 8.616380 22.463707 8.542504809148785 8.154787307745158 3.5509406232775764
47400.0 8.662836 23.405201 8.08223750130948 8.053087414052992 3.0954699059452815
47500.0 8.868053 26.508240 8.689978318744735 8.361784470933934 3.375400136131585
47600.0 8.370461 23.920861 8.435070518936259 7.9870303008870716 3.0945712660375224
47700.0 10.481669 30.715863 10.343688048605475 9.760875079277842 3.2674456210264102
47800.0 9.306025 25.731709 9.066674647704469 8.754262651543282 3.246884656400583
47900.0 9.071208 29.046193 8.616424487139621 8.349747932866899 3.5338554056560283
48000.0 7.802491 19.020882 7.470489184280032 7.326046026905431 3.250206572272858
48100.0 7.060205 18.371732 7.3634354786967045 6.913216337829468 3.6660750380219826
48200.0 6.421305 19.012203 6.716122514335465 6.30790807977592 3.475614921117679
48300.0 6.450099 12.395949 6.75530623074883 6.357323412522001 3.848473373708353
48400.0 8.026149 21.643824 8.091428478561046 7.771402830572394 3.338881929116765
48500.0 7.684698 19.468740 8.000245803069392 7.637912381109588 3.0528902235206483
48600.0 8.205044 23.219483 8.06535502491537 7.820359665200673 3.091168089676943
48700.0 7.428951 22.323702 7.371954495391543 7.025075518084586 3.7795218916700124
48800.0 7.025895 17.646084 7.094207971270831 6.853213035664598 3.475544477130882
48900.0 7.107804 15.039039 7.518358565203086 7.018726649048186 3.278106344394908
49000.0 7.547122 18.762741 7.550292953023685 7.323390120783661 3.309981646807065
49100.0 6.821009 19.080949 7.259699173049927 6.772533582859096 3.396225139158227
49200.0 7.174493 19.518868 7.060318416919028 6.818539428346079 3.5187041922728004
49300.0 7.161410 25.044385 6.949341225934849 6.609969643378498 3.314107485412903
49400.0 8.682888 27.674641 8.318224158813871 8.154282338713225 3.4186416321294564
49500.0 6.719623 18.218094 7.15024279659626 6.752554583450984 3.8424583233381675
49600.0 7.151537 15.729732 7.622889639690477 7.199008594071961 3.3539184247436693
49700.0 6.378946 12.216500 6.730122224463203 6.3414912446066785 3.8902502479088867
49800.0 7.591902 17.895480 7.49517431486481 7.286907712582844 3.424840116792932
49900.0 5.577140 19.936570 5.738230269964101 5.360466257908223 3.301168560883308
50000.0 6.887698 20.765404 7.026644689405882 6.485482340493549 3.7565391854671693
50100.0 5.718553 19.357039 6.094605554327872 5.59434030266534 3.0974803450246764
50200.0 6.619984 16.123574 7.012056146436476 6.526853117079108 3.60323992103529
50300.0 8.721173 24.032534 8.212653163452387 8.10911108220063 3.375941017144299
50400.0 7.590647 23.411155 7.614394518562751 7.3292900845904425 3.6725107279115923
50500.0 6.682759 17.293211 6.887771866434417 6.44238125112413 3.6140219527260924
50600.0 7.298500 20.896787 7.23195504305004 6.900084802186903 3.665081331525272
50700.0 7.308411 17.724379 7.097094517823139 6.776845816141196 3.8771146239634238
50800.0 7.639624 17.615219 7.418172075836679 7.233065936444751 3.1586456946990262
50900.0 8.699390 26.971422 8.252914933492981 8.085749283818373 3.1373777655359127
51000.0 7.998288 19.159719 8.157180859306001 7.864028841805453 3.7023771490517126
51100.0 8.461073 25.411415 8.52231625878657 8.088755691058582 3.2426855676201525
51200.0 9.639954 25.389048 9.261711758292815 9.053450464922957 3.354322985482551
51300.0 8.157067 21.504344 7.915325856695416 7.615292050473834 3.2739491140849997
51400.0 7.566966 20.441607 7.520318740922887 7.221014802889727 3.2990915800854963
51500.0 6.902305 19.891767 7.218490767312267 6.754613137931835 3.652627474338499
51600.0 7.412450 22.457065 7.42483286376483 7.166750741038872 3.3980574850730965
51700.0 7.713598 22.641320 7.94851972861298 7.5703417100652235 3.472350261714806
51800.0 7.199193 21.033566 7.254404306458604 6.974814990966862 3.7821306272141277
51900.0 7.731987 19.114404 7.967886355844953 7.619441044967762 3.687443137693431
52000.0 8.201994 20.185342 8.433256539400537 7.967498024964559 3.453721112334696
52100.0 8.486394 21.874389 8.422759021137868 8.075682052442348 3.3900155873582998
52200.0 8.403036 23.901685 8.30131605145475 7.9150333944543645 3.2051859163859975
52300.0 8.294925 23.536971 8.091548528120642 7.848336583140402 3.514038490763023
52400.0 7.204655 18.492537 7.26922053562214 6.8631494865076395 3.165330954806877
52500.0 6.754251 20.420645 6.609779425661904 6.45210364165549 3.274582784103551
52600.0 6.657963 16.897831 7.0028060851144485 6.68979177526435 3.4083405076654767
52700.0 6.334998 14.908748 6.459795843600386 6.204686337313591 3.3403915499182593
52800.0 6.556143 16.850589 6.348413757611838 6.157021793786545 3.238217585574701
52900.0 7.053886 15.874606 7.134819863294482 6.820755781462134 3.6773902707988837
53000.0 7.398519 23.367101 7.317476532814619 6.940610845428695 3.3799267357189415
53100.0 7.573526 21.772600 7.486707937565319 7.182545578782323 3.387896094611075
53200.0 8.058923 20.560404 8.089174505828048 7.842371140141016 2.916896512379628
53300.0 8.060504 21.604121 8.02382754869606 7.694872895594406 3.5590974392705363
53400.0 7.344171 20.411266 7.325814614466047 7.00956126629178 3.3629836891972316
53500.0 7.950534 20.889872 8.118346466213382 7.714113641934902 3.4916066742206486
53600.0 8.467431 26.828423 7.926410466442218 7.733620436293082 3.34114591718013
53700.0 8.241687 24.778842 8.49002326158668 7.987137154772933 3.196615626331223
53800.0 7.518465 18.407767 7.312890132675557 7.099847950306283 3.751250830257795
53900.0 8.022891 25.321432 7.735417080110975 7.519250772997967 3.3786550372252537
54000.0 8.958712 25.279372 8.861810071530922 8.562645715399107 3.4823918563417884
54100.0 8.513175 23.275021 8.186364463837624 7.985528173360244 3.3469640381926307
54200.0 8.018329 20.102907 8.114089218351074 7.7427755466998125 3.5600371599264515
54300.0 7.727784 21.034284 7.65931840897528 7.3440368638425335 3.355052668017409
54400.0 8.765099 24.223941 8.450023645706375 8.207733727664408 3.2864117541480007
54500.0 8.504360 21.457592 8.668178514531915 8.275622083252134 3.282183563279767
54600.0 7.654868 13.356455 7.995209455011802 7.529037976277872 3.7348090233344973
54700.0 7.429410 19.143811 7.45750646300116 7.279072818289363 3.3905516397123203
54800.0 8.096420 23.655167 7.8446117223381755 7.6317725761265285 3.6463914480593256
54900.0 8.184495 25.385737 8.323934099838029 7.997669740977623 3.4183314166511876
55000.0 7.838419 22.962865 8.09805858071819 7.550203074090377 3.7111091856443816
55100.0 7.467124 25.264957 6.958952558229538 6.754138897065746 3.4667361446139124
55200.0 7.411891 19.757751 7.415222401484605 6.9921372496054985 3.3450265127341368
55300.0 8.583300 23.131367 8.141408142018243 8.093161708524761 3.3661352402732105
55400.0 7.711793 21.608529 7.579064116485641 7.2962974816894235 3.2980361705166197
55500.0 7.696165 18.630754 7.296289568664116 7.1602027655060825 3.1889935625279624
55600.0 7.442934 24.967085 7.529748855513854 7.029374488239691 3.5194906434276647
55700.0 8.423179 26.546287 8.275967519415934 7.937072461095896 3.2437172593351233
55800.0 9.765112 25.582713 9.261325009594394 9.1429312891353 3.2473658465202635
55900.0 9.162482 27.763226 8.895460113828394 8.512899411537315 3.2972782267868768
56000.0 9.151415 24.911047 8.954986067588145 8.604285759151761 3.138267278494277
56100.0 8.646328 23.955837 8.516487127911706 8.211057271650159 3.282840670236779
56200.0 8.802094 27.933975 8.333606725499168 8.033840782686674 3.345477828838821
56300.0 8.735439 24.211583 8.30063526525193 8.135131693161217 3.4233943450436954
56400.0 6.883827 19.862110 6.9035999405885065 6.477333542289013 3.7563094144315654
56500.0 7.716169 15.024147 7.885163652340898 7.539335846743585 3.354948767872045
56600.0 8.784079 24.171508 8.509353455752315 8.110676357153652 3.6782808778045215
56700.0 9.608250 25.632405 8.949784481526919 8.749706088098735 3.492801193166701
56800.0 7.984543 23.889098 7.980473113328483 7.726073745269117 3.354316742862474
56900.0 8.480520 23.555567 8.39718220906447 8.119718515385687 3.8096055493564376
57000.0 7.393166 20.968849 7.47545160804382 6.922907158866642 3.4883140575260385
57100.0 8.251302 19.412221 7.84460175018934 7.6844305762217315 3.7131950955420794
57200.0 8.072647 21.490358 7.795508484562426 7.65892035391379 3.353907416503223
57300.0 7.190390 20.883220 6.919378330995378 6.629944042507841 2.9057918571113897
57400.0 7.834716 20.721658 7.723520348756658 7.3292800007836085 3.5038811197588973
57500.0 6.834088 17.268731 6.497123099428297 6.405158341248134 3.514257912262301
57600.0 6.992148 16.013121 7.214987320110681 6.724906122307904 3.565772584995472
57700.0 6.109873 17.292360 6.584492426857441 6.019768538443827 3.553565565273266
57800.0 5.258717 15.270586 5.949942444256805 5.390651490767105 3.3182850885669266
57900.0 6.661054 14.804610 6.482393457354577 6.311648549375946 3.2517921340544813
58000.0 7.055524 21.777695 7.160019712737805 6.764368376481109 3.7300622190532726
58100.0 8.124809 20.067189 8.421376794268157 8.008022507021987 3.4579017857976644
58200.0 7.651514 20.222095 7.278358311894941 7.2836270120849935 3.160316842702067
58300.0 6.970034 20.176781 6.966771689606751 6.744214067408164 3.065151739218746
58400.0 7.498825 20.869177 7.288722253362358 7.041712402956031 3.813463781009204
58500.0 7.221200 16.440338 7.226071838224103 6.97302603620683 3.5106555807692246
58600.0 7.304241 15.510016 7.551475146539552 7.095124060167674 3.8383947531460945
58700.0 8.024885 19.375369 8.051857213400593 7.738330629826066 3.3821038980146967
58800.0 6.830084 16.204673 6.810286994380562 6.571592658733706 3.4102797606386632
58900.0 6.076304 15.295386 6.58325363351086 5.963370566438133 3.2733934328856584
59000.0 7.979136 22.233099 7.813941107075593 7.482086485578056 3.085731677249938
59100.0 9.777795 29.238349 8.97716813826845 8.865098263593401 3.374541946367543
59200.0 8.850617 27.089932 8.624876135916143 8.291265752274063 3.391337664978155
59300.0 8.071109 21.922763 8.030998491557343 7.701630958095984 3.3365654815008248
59400.0 8.011655 22.662106 7.835751037992274 7.565925901068614 3.7859484001278623
59500.0 7.404134 22.352823 7.754887232318354 7.220999337157202 3.551480051068342
59600.0 6.502824 20.882490 6.3925994364439775 6.106216757490403 3.280731198639816
59700.0 6.680751 17.484147 7.033443447392695 6.461595698341292 3.6991163861387206
59800.0 6.178192 16.743443 6.4789758164509905 6.144949730798187 3.3424658752100047
59900.0 6.754037 15.331722 6.989357672501128 6.5740713483113815 3.4323476903346157
60000.0 6.769198 18.947132 7.054063824469056 6.688298692058291 3.587811141728607
60100.0 7.355039 20.107387 7.565539276250129 7.118892981113936 3.893996712660545
60200.0 6.839532 16.821131 6.891520137700222 6.513670948241011 3.67994976538009
60300.0 7.033110 22.751714 7.510627678942506 6.981047436739404 3.5194268422753496
60400.0 7.120478 15.447317 7.336957833634381 7.0852477168341625 3.277038095632785
60500.0 6.972961 15.175969 7.001557269515725 6.778039190510348 3.369602724680438
60600.0 7.472460 15.159943 7.353415824270629 7.156098459834587 3.61400216777193
60700.0 8.190619 23.426326 8.015778791928108 7.725314093722447 3.4639169334443443
60800.0 8.519961 26.740484 8.289701734163206 7.942153362189453 3.5416309707775726
60900.0 8.591523 21.363631 8.206941595303228 8.095235082258656 3.6345425814233265
61000.0 7.596456 20.958344 7.664639906948464 7.294766525015938 3.46832172293697
61100.0 7.211888 17.091281 7.271349483100969 6.974909692351341 3.460871429887645
61200.0 8.190344 22.880846 8.245850594594831 7.776067670508527 3.1581614582801754
61300.0 7.709524 21.348211 7.519262572013939 7.207344291918178 3.3174521019415226
61400.0 8.097185 19.534273 7.69842541309376 7.573143942435428 3.1047365753696545
61500.0 7.244580 19.591785 7.208967986855744 6.975781038950647 3.235404939256416
61600.0 8.327130 24.161982 8.313000179885805 7.9498868753457685 3.111163711391883
61700.0 8.465351 27.549526 7.908211046263942 7.656550777585544 3.3360140168200636
61800.0 8.143092 22.656541 8.237103616675936 7.85366522317015 3.2711158486685994
61900.0 7.382309 18.377140 7.277725329098128 6.9490056307093075 3.5037688617689926
62000.0 8.644639 25.367809 8.375082378693936 8.141207873953046 3.3748840307009136
62100.0 8.881568 27.542414 8.829272051937854 8.419969836281123 3.145553002068193
62200.0 7.851566 25.134798 7.766187878096482 7.4122779640802055 3.381429872608577
62300.0 7.228727 22.544078 7.0578352780767215 6.6481755376687905 3.5003766578498596
62400.0 7.096782 15.886596 6.894098353026958 6.665297250297749 3.206967494071832
62500.0 8.198464 24.082865 8.191584858093051 7.689190027876356 3.462770929521495
62600.0 7.220370 17.896108 7.081500862604815 6.733512954475684 3.281688479067473
62700.0 8.339709 26.733522 7.89547549188404 7.696949768653705 3.519749822362525
62800.0 7.760673 21.267286 7.637368893765669 7.433155536065814 3.6941633732599723
62900.0 7.867987 22.638313 7.866021022289522 7.47401602529248 3.8487839521190645
63000.0 8.529389 22.849056 8.644282291282881 8.14834487633743 3.1958111042020967
63100.0 8.307762 26.749291 8.021901725411556 7.653281136402005 3.5511348163413525
63200.0 8.017127 24.440399 7.977315338962742 7.614868398625482 3.4330654315202755
63300.0 7.560748 23.446699 7.482387029726547 7.11398530992782 3.212150137716949
63400.0 7.097400 22.326439 6.518233619594833 6.346217235139117 3.2425881828249925
63500.0 6.567706 17.742686 6.164491828795361 6.071753670144125 3.51635339879175
63600.0 7.124084 19.859828 7.345995402206368 6.894823478416134 3.3041403292810476
63700.0 7.487691 19.132611 7.527847274307322 7.167640100080207 3.6952699908506332
63800.0 6.814019 17.526323 7.013098298718251 6.54262502623931 3.5178499175682374
63900.0 5.862832 15.633185 5.9585081584932365 5.639884861982259 3.622855509482609
64000.0 7.100779 16.361867 7.245489664186002 6.9276601041302115 3.4247924610803753
64100.0 5.719048 13.211633 6.2121122255059245 5.72213545920778 3.1558829263996238
64200.0 6.004758 14.617060 6.298568841970074 5.933572917113897 3.5772163133839197
64300.0 5.672915 16.441809 6.07063029645312 5.5760781471523 3.3967413362296917
64400.0 6.172316 18.562349 6.288258466190407 5.939999130105665 3.634327836043057
64500.0 7.876984 23.313849 7.575575975932901 7.388192704401247 3.600580001183653
64600.0 8.435627 23.247269 8.304414023018007 7.9590204273981655 3.4026874039037276
64700.0 7.281344 19.603637 7.2184597030815745 7.0744205416894985 3.2652595747815005
64800.0 8.939959 24.812561 8.869872182419726 8.427026833684037 3.448014522649593
64900.0 8.865618 23.293404 8.295672694709715 8.14525446813712 3.4480548525682666
65000.0 10.806353 32.830381 9.999367148127511 9.790924838953776 3.62056165442815
65100.0 9.141336 26.540130 8.833641567092382 8.443154565075394 3.6607253579646257
65200.0 8.909558 23.818655 8.620617895161365 8.260949737996022 3.361377826714047
65300.0 8.439351 22.570386 8.387804061164339 8.064306779772062 3.7000773435348844
65400.0 7.360024 20.281515 7.209735454974735 7.005367043874349 3.2685798920377453
65500.0 6.861782 16.805759 7.194616655685316 6.865446986800443 3.372133662596657
65600.0 6.557035 17.696342 6.396546097661163 6.220125087466194 3.647188267465077
65700.0 6.728162 15.174463 6.640740667892062 6.467778263919994 3.4847238032320633
65800.0 6.931679 21.911720 6.907184081814872 6.613687464730367 3.2263256762980226
65900.0 7.448887 21.305294 7.076774935437426 6.8794925116215655 3.7968267391711232
66000.0 8.679952 27.255283 8.339222019700003 8.01618741833906 3.4221335031335207
66100.0 7.632226 21.998776 7.934705398425956 7.475075754104168 2.89120784975224
66200.0 7.594169 20.668640 7.775760277807092 7.376368540575429 3.3561874899178803
66300.0 8.154401 21.972336 8.14528379589119 7.921585373312205 3.4009777374055123
66400.0 8.222648 22.292916 8.057162805600678 7.894245406424259 3.666860363514091
66500.0 6.834905 18.629761 7.100299206761945 6.736245524536707 3.124188027288815
66600.0 7.864189 22.420963 8.048873351111355 7.548410651197018 3.366945247313172
66700.0 6.876638 18.467079 7.091936228638174 6.5431077198290435 3.2982120672752377
66800.0 8.202461 26.951292 8.1638139573989 7.604235469437498 3.49504227196806
66900.0 8.332987 20.266313 8.343554856343856 7.999643067952505 3.437950820696233
67000.0 7.437198 19.743500 7.5010306358083625 7.110808339163119 3.4364070601420855
67100.0 7.936229 20.390426 7.902968221157168 7.500810175565446 3.4604417828320293
67200.0 8.435452 20.452540 8.205998604336852 7.990502662573613 3.5186990948643517
67300.0 7.394950 15.537503 7.205017789420768 7.026889766768926 3.5845698548509017
67400.0 8.205743 20.182732 8.05452130840035 7.760331639117208 3.788309446692397
67500.0 8.349241 20.655211 8.294725503548479 8.111995228027508 3.290922626178961
67600.0 7.611187 18.075854 7.530599698702767 7.280719973399511 3.2495588276697456
67700.0 7.856388 22.430151 7.869656037117656 7.398571041013256 3.8195931964137837
67800.0 7.835361 21.396972 8.034638746412389 7.512897742248113 3.761453609797978
67900.0 8.025820 22.275965 7.943583437171655 7.6136398122137265 3.489611023738622
68000.0 7.297316 18.577103 7.430500936002799 7.012971849061844 3.7961091547350962
68100.0 7.934622 20.952100 7.482279658009258 7.271936556849003 3.412433830270208
68200.0 8.531627 22.180435 8.550826566036067 8.258598521082673 3.7248997071746826
68300.0 8.924907 23.629822 8.775777315914587 8.540623435586204 3.4702005901399993
68400.0 9.420408 28.867819 9.163331252279692 8.829956628105027 3.2612663918463163
68500.0 7.397684 21.118561 7.484457507341081 7.098170217522248 3.1287551042983313
68600.0 7.362922 21.106131 7.325676801037432 7.005380941009826 3.224079722897613
68700.0 8.120652 21.581345 7.29439399799405 7.3149941415437905 3.354511337721763
68800.0 9.146573 21.682000 8.863688560968441 8.533855610111782 3.717926381812193
68900.0 8.981238 25.634538 8.850903198488718 8.48615875978038 3.4751070113129443
69000.0 8.948455 24.323896 8.417621553426661 8.288586752226896 3.622916976017082
69100.0 7.940422 25.852907 7.8317755510524805 7.567758403113696 3.7579843790838883
69200.0 7.085040 19.289771 7.274119882027225 6.83172656421278 3.6251678980323323
69300.0 7.871563 22.413230 7.9556025473674215 7.526956275469137 3.6626396887407684
69400.0 7.783316 24.102830 7.396506480399532 7.2685560431182665 3.8273777333545858
69500.0 7.733541 22.929071 8.01398884488906 7.455620982283312 3.403237129892647
69600.0 7.290573 22.715554 6.8857164237472706 6.637789612467081 3.4776410159715474
69700.0 7.447653 21.447529 7.335817220043361 7.104381627864531 3.6054939845009844
69800.0 7.249479 18.768555 7.024861107955182 6.924225165678069 3.520873133605813
69900.0 7.338254 23.343843 7.42924896892654 6.890659232882842 3.6315925800474345
70000.0 7.622098 22.459641 7.6713989438406305 7.303732995648071 3.556572227127111
70100.0 7.277624 19.460609 6.804491865992185 6.737537182997356 3.247520650376455
70200.0 7.108586 21.686775 7.229948695490523 6.728029796268529 3.731541666153896
70300.0 6.975932 15.901028 7.065936569518571 6.717907943346538 3.2472155046329205
70400.0 8.446525 21.110399 8.208394142930517 7.9242078523246695 3.356130805097081
70500.0 7.684586 24.214094 7.5304903131686345 7.137070208119053 3.038464100887512
70600.0 7.974155 26.018649 8.176606262841371 7.61739759502454 3.4041105785423356
70700.0 7.334149 22.122041 6.990643411370987 6.8169445473465125 3.324838653046472
70800.0 6.370481 15.266207 6.755165653651621 6.357733885225261 3.5610049227574883
70900.0 7.342350 21.770020 7.200917384160231 6.9912403633425315 3.0841802040293103
71000.0 7.700292 20.129926 7.956064288589632 7.5935368620465935 3.4124093534949123
71100.0 8.100266 22.137706 8.081725074783368 7.692414350380392 3.4561058821614052
71200.0 7.250250 22.634110 7.189828148788499 6.913378812014573 3.808128883720885
71300.0 9.249786 27.482397 8.78914598468607 8.569183152647156 3.4963263097743904
71400.0 9.147343 26.587711 9.133713107414852 8.678593647420918 3.395764713820029
71500.0 8.136602 23.755299 8.361304156838106 7.807672110045447 3.1366927092444126
71600.0 8.388815 22.722563 8.405940399042223 8.097891664151307 3.3428846819575706
71700.0 7.527005 23.973695 7.210670234341891 6.99745966135106 3.4913673257183233
71800.0 7.648408 23.448006 7.324895303558342 7.175305037107085 3.2825282938402096
71900.0 7.419070 16.888622 7.572218465537516 7.228312343159531 3.3342323449672
72000.0 7.298672 18.953692 7.340937332956186 7.023421277982579 3.0140826941855385
72100.0 7.792238 19.635266 7.747859610517952 7.4008941091438505 3.3890662245470433
72200.0 7.631723 21.850124 7.651723200185484 7.293420757176324 3.5073192454068534
72300.0 7.232855 21.094132 6.83496834662313 6.676156681537645 3.782594578040255
72400.0 6.626187 18.645214 6.922876255906616 6.589220158804091 3.580439166671058
72500.0 6.629915 17.423170 6.806201262809132 6.534588102985324 3.5516197400930256
72600.0 6.843800 20.992209 6.870547455064371 6.636452852458941 3.447270938489956
72700.0 7.445590 21.156720 7.295924145153718 7.015272867060674 3.7369454511359743
72800.0 7.958012 23.790779 7.8551432955905005 7.474422006921587 3.447710701396812
72900.0 7.554623 22.553009 7.476182903652809 7.104077763167844 3.7615320579395357
73000.0 8.188108 21.436325 7.867497759715267 7.698857348134277 3.7636631220923795
73100.0 8.148808 16.632035 8.122650965835794 7.945636603447341 3.3771194826163415
73200.0 8.246422 18.472752 8.30073572387885 8.108028319040667 3.364122015933778
73300.0 8.146469 19.966216 7.998349747223172 7.818897335471188 3.1229634889851097
73400.0 7.483539 19.544438 7.7437273887537454 7.264365092269374 3.2534876778673136
73500.0 7.434317 16.480275 7.325186986837684 7.070159029903394 3.5319933434496975
73600.0 7.932251 24.605282 7.819847759655083 7.449985539601037 3.1797118298271903
73700.0 8.057552 19.730467 8.031285499755773 7.688501887486987 3.480026896797584
73800.0 8.682656 20.416434 8.11636643761115 7.908787578546366 3.3673985541868023
73900.0 7.691574 20.507293 7.610534575353406 7.2337861746020575 3.655261517460681
74000.0 7.943592 25.275049 7.464412481782737 7.313270113750623 3.1134601450409813
74100.0 7.916971 22.052101 7.890146302576666 7.495126810158068 3.562974902550761
74200.0 6.287397 13.297632 6.183659932073955 6.0789399286025 3.580401177307066
74300.0 6.088203 13.218949 6.349370433237138 5.978184298672267 3.5693746190006608
74400.0 6.100811 14.116652 6.4084983853737745 6.031012021631259 3.2686645139923907
74500.0 6.768978 19.365703 7.447237571063209 6.801011856325604 3.538192250312014
74600.0 6.890515 22.422056 6.710964585834076 6.483646331849743 3.824889511000124
74700.0 7.740570 18.489473 7.510825106519043 7.400066425767457 3.3764418843518973
74800.0 8.667929 26.153097 8.39366466307039 8.166022514780584 3.458975006311618
74900.0 8.449070 24.475772 8.611680165270242 8.01295000773647 3.523302402507322
75000.0 8.857422 28.840231 8.878640707125918 8.480439810853934 3.3519241921299208
75100.0 7.528613 20.593095 7.537829995765812 7.236704409576798 3.44294210721742
75200.0 8.657751 27.208295 8.19867646352898 8.001868427152944 3.459849903089268
75300.0 8.361113 25.000751 7.842973665410025 7.5947289431877785 3.683508225475596
75400.0 7.640799 21.911328 7.305972088983411 7.05388120207322 3.4624791658070824
75500.0 7.297893 21.542607 7.367425101821251 7.039446979943935 3.588294391271592
75600.0 7.145778 17.246646 7.3950698209806225 7.056065138329715 3.4443375917766716
75700.0 9.068037 25.147753 8.648867019780974 8.509369908267011 3.881126633615938
75800.0 8.882265 20.719618 8.671847252475164 8.358758903982356 3.435319647998921
75900.0 9.978591 31.099224 9.379349852829996 9.075969938738787 3.301222265117562
76000.0 8.641402 25.073606 8.391761869666675 8.10181420079039 3.9294488748533847
76100.0 8.937873 23.555677 8.881298931030722 8.561421800497905 3.4552068882492883
76200.0 8.255468 19.392429 7.8490854511735595 7.570601467417948 3.5527905037657534
76300.0 8.941670 25.163483 8.643727697476331 8.25596583781666 3.060904064047148
76400.0 8.523787 25.158245 8.284766361658168 7.924272961718829 3.3727824905320407
76500.0 9.154053 27.042920 8.806437326178802 8.551918834556247 3.293523345329035
76600.0 8.087790 23.388881 7.990110653189465 7.6041125336286335 3.4909673004410933
76700.0 7.544289 22.028790 7.747912742768992 7.1969339799102485 3.23782126407411
76800.0 7.873693 25.282368 7.814563114033522 7.349666554609102 3.6033345644998387
76900.0 7.945521 22.303790 7.680364948920477 7.555062990898586 3.4598856023347397
77000.0 5.769513 17.603732 5.801302755339782 5.430548451046319 3.83711923858069
77100.0 6.778403 16.367130 6.908835804545448 6.40957717995813 3.361234353289747
77200.0 6.384185 16.408749 6.369258389950483 6.0729444809722315 3.567126933143694
77300.0 7.840406 23.936956 7.590738712389297 7.324668310582002 3.2906307313537595
77400.0 7.773368 24.182801 7.165795141477639 7.023684579423526 3.4517069911464966
77500.0 7.294294 23.504499 7.050582368468582 6.80304691444888 3.5100201338871435
77600.0 7.408881 22.282159 7.326516182113714 7.128822482046871 3.3632776021522597
77700.0 7.287779 19.052467 7.33278168851293 7.073228347172939 3.278686862588537
77800.0 7.883314 23.675982 7.789975320540083 7.431662730222051 3.5529248294890894
77900.0 7.675563 17.965207 7.6795865228417135 7.4501539108975745 3.307873293136194
78000.0 8.926454 20.513127 8.723690997267243 8.489371731704288 3.3428121965913684
78100.0 7.611747 24.368854 7.652470114104199 7.220610831910578 3.4770564655737517
78200.0 7.859735 25.282915 7.709333891873996 7.250488883589115 3.7627289634863037
78300.0 8.357552 26.090160 8.049134438037074 7.743004746291909 3.329218119261138
78400.0 8.561128 23.727983 8.2778286207926 7.989427670615636 3.5288245624981274
78500.0 7.065087 19.981431 7.155768896902631 6.738621336753712 3.541847190999506
78600.0 7.756220 19.183397 7.476054336624857 7.248973208347079 3.4398925950971297
78700.0 6.649909 16.603696 6.665785918204379 6.381502838477786 2.999349041141117
78800.0 6.667124 15.161790 7.140948811975463 6.73773915140895 3.1992804095672
78900.0 7.233705 19.170168 7.338772894576615 7.0796147042410755 3.8112883414279564
79000.0 7.784679 24.195857 8.338783106775985 7.785846132160676 3.3193116233503255
79100.0 7.806636 21.894071 7.725334960760466 7.46191226222783 3.307943088740518
79200.0 7.801121 22.171853 7.75657565672779 7.366659707686823 3.8309207019742564
79300.0 7.033638 20.068562 6.927792489536163 6.676557689479697 3.7564620143838052
79400.0 7.107165 14.347053 7.167110012685961 6.832078448267615 3.595832723535959
79500.0 7.521677 18.637114 7.58465050568171 7.207524717771898 3.437637630833401
79600.0 8.266970 24.744231 7.965392731795048 7.77296101221193 3.330843289960362
79700.0 9.053725 23.113701 8.79489634206673 8.636010592115044 3.5300270992862988
79800.0 7.976930 22.513220 7.553775775259743 7.4542425314607845 3.7375805548287495
79900.0 8.113744 24.940370 7.561724396870563 7.416444249313007 3.8440083114293784
80000.0 8.161900 23.521116 8.129683694525328 7.77385153599019 3.703528642561812
80100.0 8.469595 20.896377 8.586020321085655 8.248702429870942 3.8965895439242884
80200.0 7.132348 15.533819 7.184251362887666 6.911384119472479 3.7452504996395164
80300.0 7.680725 21.278547 7.7795783907806575 7.52669955723726 3.549771708211594
80400.0 7.442417 17.575411 7.900772971263127 7.3928653782593745 3.553864270330433
80500.0 8.868283 29.415051 8.968884226542835 8.403990250472523 3.4658029719836776
80600.0 8.372311 24.758810 8.287131361113 7.978659281912606 3.5499214317578924
80700.0 7.997645 23.539748 8.299550466472864 7.766112627221163 3.7228180160204793
80800.0 8.384419 25.070094 8.458019585978413 8.048315445847134 3.705388841828149
80900.0 7.808921 22.652816 8.374167491825434 7.7925519666076 3.495202744230002
81000.0 8.935296 21.741959 8.97213499239538 8.543839779704433 3.6246500314543963
81100.0 8.423312 23.714183 8.051729752220105 7.8504565221494005 3.5028239906247594
81200.0 8.047088 27.215728 7.809545887324231 7.395175952042494 3.535326719195218
81300.0 8.003257 23.568968 7.709341261846608 7.460880370839143 3.6601535545821493
81400.0 8.099527 22.901515 7.906623420013502 7.540070109339489 3.5620840074674978
81500.0 8.125921 26.336690 7.943307919133121 7.592626722377267 3.2352057680344872
81600.0 8.416548 24.821650 7.89380199786178 7.725068142420415 3.4872658947021486
81700.0 9.207451 28.911130 8.908668038157101 8.507428921535416 3.923199827822771
81800.0 8.594925 27.207117 8.260945496599469 7.9765944726640665 3.6622222898924983
81900.0 8.280271 16.953155 8.086692681002196 7.76215240382367 3.280946313229605
82000.0 8.354410 23.695057 7.983202728380563 7.759909623904945 3.5712751434436134
82100.0 9.156488 26.288195 8.773872342045662 8.514070732692678 3.550451158898689
82200.0 7.944048 23.384811 7.730827476121842 7.537361129353923 3.1216965765287132
82300.0 8.765727 25.673114 8.345106328377412 8.130405327423254 3.4560237780206915
82400.0 7.290973 18.543430 7.233960289568144 6.85165213830642 3.1080450265814363
82500.0 6.732234 17.311768 7.171470603289325 6.6306409127207955 3.4361837170410356
82600.0 8.104958 26.256997 8.138804288179953 7.690534512749904 3.3135398732245953
82700.0 7.933057 22.311441 7.66776324007011 7.510411048278585 3.6727578983695484
82800.0 7.762260 19.565834 7.817671341888248 7.433588119490247 3.5728336086269965
82900.0 8.697025 27.183272 8.768368191479022 8.271164919759883 3.6441403812176207
83000.0 8.027387 24.130949 8.171094240054602 7.644722899865238 3.6490896331000413
83100.0 6.920975 19.915886 7.135773312812173 6.645524526958476 3.382718745656109
83200.0 8.144966 24.384094 8.387785324145074 7.907837484908238 3.4831177160280067
83300.0 8.619026 20.594205 8.530525364791444 8.17395426258671 3.7195550802248127
83400.0 8.167698 21.119097 8.13664038412565 7.8741527240691305 3.1455435969716823
83500.0 8.092882 23.442375 7.820128711322236 7.6234327974448775 3.3055859966966032
83600.0 8.126414 23.258631 7.863766200423177 7.457786292580572 3.6679700056729496
83700.0 8.342698 20.296257 8.336014629794212 7.830601209200115 3.1705001988635026
83800.0 8.005182 18.731581 8.13972312024133 7.7095760292571 3.538182861899607
83900.0 7.262721 18.877752 7.480876860067863 7.0914183375329936 3.272210750025476
84000.0 7.348539 14.776759 7.673003992520572 7.280754581245078 3.2885313328201646
84100.0 7.115195 17.923217 7.1455652895996336 6.857189612152793 4.169575723517952
84200.0 6.964573 15.352976 7.116132038364999 6.721423339157502 3.5716790168817143
84300.0 7.836643 20.581787 7.7972472100630466 7.42184498018502 3.685350374577718
84400.0 8.456724 24.444269 8.084885417085871 7.806359327178731 3.4336477072197384
84500.0 6.749617 13.152660 7.054540409920098 6.585678622508445 3.288880557391087
84600.0 6.034584 20.283475 6.140181304909639 5.684679786080669 3.4217823861458014
84700.0 7.444122 23.164400 7.458981260849968 7.107409421328809 3.499852343750154
84800.0 8.028002 22.776236 7.670523855951257 7.439117450852228 3.407649808712928
84900.0 8.601695 23.303756 8.125934795481076 7.969177817032863 3.1342708620245077
85000.0 8.421501 23.894838 8.458997562464774 7.9457384832601345 3.5193947510495134
85100.0 9.053033 24.898676 8.664975798730065 8.46784368133947 3.1353819411593786
85200.0 8.218850 24.362022 8.207485472785379 7.775263773118421 3.5575724126179105
85300.0 10.206960 30.292824 9.520587454184453 9.320810376320704 2.9016711298236415
85400.0 9.431603 27.664912 8.985649367085816 8.719594006237752 3.333707148731714
85500.0 8.338449 24.859018 7.905272549139106 7.711725286143986 3.458121002040163
85600.0 8.592648 27.229224 8.40315185637594 7.972270126619955 3.68124781109563
85700.0 7.701015 22.908457 7.460888388340494 7.12141553585858 3.437746566321156
85800.0 6.886898 17.836813 6.986331472902559 6.531303646776401 3.6344182591932186
85900.0 7.884185 21.434707 7.998012705144524 7.625162739478712 3.662791469903556
86000.0 7.349566 22.348991 7.4207124769435255 6.948065106444869 3.3988301000848407
86100.0 8.934665 25.672388 8.805368753462462 8.476287033002583 3.645434621875735
86200.0 7.092805 22.024875 7.130481076385878 6.807684590056414 3.152256769500814
86300.0 7.672256 21.351395 8.032834306868574 7.531733494157977 3.665558993040834
86400.0 8.413269 19.938407 8.121225744655613 7.939317773641597 3.7387247097475607
86500.0 8.220960 23.604170 7.978963857469747 7.654928067502391 3.2436604256843187
86600.0 9.159839 28.103800 8.685151757923357 8.402222981413278 3.6175929693775126
86700.0 9.287933 27.349531 9.10488366011437 8.731263265177256 3.47610599596867
86800.0 7.956916 21.292568 7.8574439550351585 7.620091223439199 3.442399882406215
86900.0 8.340981 26.938561 8.360825800783607 7.843311671972535 3.1237133652778604
87000.0 8.613386 25.220916 8.320592924402417 7.928283811410019 3.6152936889574883
87100.0 9.344710 29.596865 8.98774211398337 8.604319031814033 3.5806263673489793
87200.0 8.218797 21.405233 7.7639037670672995 7.612476176409537 3.413512793863174
87300.0 7.857890 20.417632 7.915297720362664 7.490848999027602 3.2189351219494826
87400.0 8.924561 23.124535 8.53032040690489 8.341013022410834 3.3797531287456044
87500.0 7.733190 22.735112 7.690351423099738 7.371076499840983 3.1353365640071633
87600.0 6.512415 17.013102 6.712273072067331 6.306915402509723 3.457403172188526
87700.0 7.693701 24.067078 7.424370951847894 7.148050548684839 3.199289979639679
87800.0 6.993155 18.244084 7.282047658809034 6.868606134082727 3.497804847001465
87900.0 6.876909 18.734715 6.777961857651481 6.531735030419108 3.308060889834943
88000.0 8.034999 21.466291 7.901526003980033 7.634304201562464 3.7477623945978924
88100.0 7.363271 21.469653 7.373757673475772 7.051884246045547 3.2399607048175607
88200.0 8.042823 22.533320 7.910660027267805 7.546440660771907 3.374568730632895
88300.0 8.783355 28.197104 8.588830181900148 8.227964740714674 3.580435653095204
88400.0 8.117526 22.926310 7.847380482554671 7.649730422507097 3.4047783139234626
88500.0 8.527177 24.173734 7.97716335291687 7.84455041989788 3.4512480276860003
88600.0 7.940046 17.902219 7.8883866327081735 7.725536084242183 3.715064061294009
88700.0 7.786436 20.077029 7.719751034885969 7.434859077183884 3.256552614737388
88800.0 7.766267 23.445503 7.841444247241925 7.3718759835213525 3.3369372752008606
88900.0 7.363282 21.047395 7.338416673015192 6.97208928672001 3.5333142613286426
89000.0 9.194877 24.735036 8.60920886840119 8.507852591915542 3.6263358962336554
89100.0 10.129965 32.068975 9.33915718457061 9.143008007637963 3.0835007458208334
89200.0 9.408295 28.097213 9.514201961966004 9.020832291404577 3.5439315587416123
89300.0 8.421822 24.329781 8.257205653680552 7.8301173821321095 3.6553160676691574
89400.0 9.483671 25.884715 8.9030383524407 8.735764729393642 3.4556934421575254
89500.0 10.387978 28.891804 9.756731536082572 9.487810442160377 3.330424350712835
89600.0 7.932200 22.585420 8.194145994416004 7.733965433888802 3.4948632598148643
89700.0 8.224764 27.138362 7.824705290999543 7.692866146621064 3.5485929006426598
89800.0 7.645338 19.813108 7.503457627178231 7.328177327986192 3.5420055372414585
89900.0 8.144880 25.740282 7.873479903971761 7.558792360134206 3.169949589039969
90000.0 8.279876 23.984631 8.09292275965537 7.682489856740138 3.2294267159383225
90100.0 6.487858 20.988519 6.677531802394284 6.171825415339248 3.3790071539118007
90200.0 8.271072 25.053266 8.072078987057383 7.710896235055193 3.33867916825256
90300.0 7.664980 24.064481 7.539187413444761 7.247686375635562 3.3690971553582107
90400.0 8.213404 24.808291 7.989528195384193 7.645047369703186 3.7185409153740165
90500.0 8.720051 25.393220 8.666180465931713 8.232416380177858 3.802766777380293
90600.0 8.652125 24.501709 8.286131312034675 8.079170726764435 3.4483449295995876
90700.0 7.929779 21.238540 7.92389339817075 7.603536740056661 3.3078329973367486
90800.0 7.633554 20.951759 7.732304466554533 7.323172730299097 3.568965789498707
90900.0 7.263556 19.122729 7.257034048851449 6.855406084321826 3.586635774790272
91000.0 7.392380 20.044760 7.5124642592249655 7.179896132748101 3.5857618211445073
91100.0 7.997955 23.391739 7.772419667692032 7.563000360943605 3.3910990925393025
91200.0 6.470988 22.261375 6.311206220022859 6.0480179010503665 3.319011136280539
91300.0 6.714834 18.548206 6.894019164036102 6.532761773845163 3.435402702813208
91400.0 7.252950 22.881755 7.273115171414609 6.866236572645894 3.5767845535125917
91500.0 6.546146 18.488975 7.040781940967757 6.460386257248613 3.35793233996442
91600.0 7.323061 21.374093 6.977347113013009 6.780099868138436 3.644720410392551
91700.0 6.937422 18.966128 7.202094580132376 6.6785358692482575 3.3461474839343492
91800.0 6.889275 19.144805 7.1648188840255775 6.625447767777936 2.9371895792625704
91900.0 7.552272 19.894341 7.52103186774698 7.3802266873151385 3.712826101115417
92000.0 7.984014 16.889847 8.39451028039291 7.902783347125166 3.190817764581293
92100.0 8.609592 23.798751 8.413738468039792 8.145092844825275 3.260841088217605
92200.0 7.589556 19.908089 7.600585480112675 7.210068234642521 3.853542964032119
92300.0 7.268709 23.156682 7.296478466334471 6.748357004344075 3.483043087141068
92400.0 8.229199 22.731713 8.597019460364956 7.967721200662835 3.1758772477629273
92500.0 8.099537 25.348456 8.240334787162 7.669028444073211 3.776082287607061
92600.0 6.831887 17.290931 7.243846839266417 6.822874233792705 3.2370216695951344
92700.0 6.285307 15.830739 6.607323117077992 6.230315010236266 3.4522391400606725
92800.0 6.229035 13.031531 6.382605479338999 6.103473190753046 3.2822583458698698
92900.0 6.050649 15.249870 5.959382173574689 5.804089865319411 3.338257366596113
93000.0 5.720155 14.740495 5.955861830032418 5.581269453648279 3.6630267244695496
93100.0 6.931166 12.596466 6.872165620505786 6.702538268516816 3.30044981370215
93200.0 8.694781 28.043881 8.625381498484328 8.169502826590678 3.478457374028514
93300.0 7.821412 24.592207 7.792587791273948 7.335754575233816 3.4726552276793696
93400.0 8.183035 25.393110 7.5676323419921845 7.403606203127521 3.3669565549134965
93500.0 8.575746 23.535678 8.200279686306304 7.967162173454189 3.1163181189320563
93600.0 9.351620 30.156375 8.781992738147702 8.498949799532062 3.5745387153041377
93700.0 8.226258 21.529994 8.305214031201727 7.867618842142292 3.2037307061170393
93800.0 8.739451 23.546267 8.56159499219176 8.250451409068218 3.406505968134342
93900.0 7.342004 18.824528 7.16403188568953 6.975030443906948 3.339591775994437
94000.0 7.832061 23.080414 7.494534767621995 7.132374065929462 3.5551307718309277
94100.0 9.260219 26.162212 8.558122356871214 8.345782030196924 3.099975714343285
94200.0 9.168583 25.837014 8.575815047804458 8.325964374721632 3.115346923181523
94300.0 8.041784 21.890408 7.745946662156822 7.609092486279502 3.2762509340019337
94400.0 8.822638 25.761485 8.58279807567639 8.312133371322286 3.4347649159517086
94500.0 7.493151 22.778177 7.356681681559333 7.057110466496727 3.30104282684015
94600.0 7.227543 23.840663 7.239238908930595 6.925167403495279 3.4008003826970725
94700.0 6.845126 20.336853 6.715769858248749 6.528676182465533 3.458253976657101
94800.0 8.312066 23.957714 8.232912618753494 7.789707568066323 3.4138008137872466
94900.0 8.205790 23.753128 7.973831856997604 7.8412567301246145 3.541120255727707
95000.0 8.073904 25.227660 8.082262045914934 7.7066642194259405 3.6570536696444065
95100.0 8.825871 24.665608 8.285159612493095 8.045396304236704 3.433247000691503
95200.0 8.249816 27.282626 8.269991157078714 7.721070226141337 3.64373612757001
95300.0 8.339337 27.107828 8.33124318966188 7.874954956428075 3.467148850653606
95400.0 9.199652 27.515409 9.10309967205574 8.713067745711973 3.3839081164243074
95500.0 8.753916 25.626879 8.618041942449873 8.35281717667247 3.4765654989132626
95600.0 8.006871 23.840384 7.916964201093491 7.535607017079114 3.466887374036437
95700.0 8.566523 22.246685 8.042897205653723 7.841215778365874 2.9970285353557413
95800.0 9.027596 25.556915 8.668494450572378 8.480588807054046 3.510268412981404
95900.0 8.602950 24.846769 8.416936658606808 8.02290230856124 3.333387187223952
96000.0 9.241923 18.918420 8.922556936074765 8.904839287084798 3.619136248805619
96100.0 6.530649 12.276931 6.970986206925787 6.529091220515886 3.6124506448233324
96200.0 4.876403 6.077616 5.257267832738698 4.8924493299700424 3.5495076490651463
96300.0 7.112084 17.594825 6.912360106529847 6.655724757328232 3.5552490256295504
96400.0 6.805924 14.161690 6.932415683542252 6.570169901998499 3.144277281956632
96500.0 7.257027 22.011315 6.725479094708791 6.608896683791811 3.6860222992486857
96600.0 8.106360 21.090746 8.087595316954802 7.720910381783535 3.2322636218599774
96700.0 8.726257 24.995387 8.70303627906427 8.144128600595565 3.4756873633853864
96800.0 7.209979 17.764261 7.185664776505736 6.858607662979295 3.3982417679292474
96900.0 8.111067 23.014648 7.919931526566603 7.645648614809413 3.490904305585001
97000.0 9.355903 25.539382 9.02889287602381 8.75676548584989 3.408928394714706
97100.0 7.864565 19.692061 7.843876559799259 7.483937380308728 3.854375570105513
97200.0 8.252947 22.168346 8.080680118069418 7.759977109333273 3.37602537484773
97300.0 8.444514 26.595306 8.224863871744752 7.922824233196578 3.4204462105737456
97400.0 8.490644 25.311074 8.277355489717985 7.697036639060866 3.5889731570814267
97500.0 9.074671 26.709538 8.657091846229134 8.452828387643157 3.170545327142114
97600.0 8.554158 26.579844 8.139155235288303 7.840608098020098 3.177837654036292
97700.0 9.294586 26.831731 8.785170929153672 8.622227869801184 3.637717209650465
97800.0 8.762245 27.816995 8.767023324365699 8.254433592282004 3.464928698947139
97900.0 8.613377 26.583825 8.359893501585903 8.134488512827422 3.1869823212292707
98000.0 7.367308 19.657182 7.425744285985885 7.091640370294456 3.3368617350777714
98100.0 6.600168 16.860888 6.881347910037724 6.391288807793898 3.484134848962295
98200.0 9.008538 21.664049 8.493787775128565 8.297587483874963 3.522453926566121
98300.0 7.772984 17.549229 7.635934581553335 7.386338229394356 3.377712713199878
98400.0 8.514172 22.307194 8.463396527059052 8.049177489752617 3.530791449872228
98500.0 9.365235 26.682873 8.592690177855657 8.538286192329174 3.3646255085538974
98600.0 8.310190 24.920430 7.98896332497174 7.7260920823027055 3.451152839153968
98700.0 7.917676 21.801871 8.194554646176735 7.745806463454687 3.874735676300688
98800.0 7.854625 22.876026 7.990131382801147 7.560273869371185 3.2492064149843354
98900.0 7.695344 23.648168 7.335787348212795 7.083438619631794 3.5994083063792903
99000.0 6.817642 21.251203 6.6885732236683895 6.33525248136229 3.439931965562141
99100.0 7.425864 22.483841 7.558785403920643 7.1599934965176715 3.342922783573818
99200.0 7.367687 21.311431 7.4916620541454 7.11604238312907 3.288428511827169
99300.0 8.123997 20.850827 7.743124545903987 7.439394488337892 3.4800825099786232
99400.0 7.542321 21.633539 7.426050772961457 7.060773109753354 3.501022621065588
99500.0 8.117124 19.270490 8.246661191953528 7.8856463728209825 3.250892439170373
99600.0 8.090232 23.601243 7.82524374421276 7.500450930093376 3.7414975867989635
99700.0 8.226988 26.107007 8.224903567182398 7.716991206929337 3.3231211494778443
99800.0 8.685272 27.386035 8.242630259418998 8.004883065720167 3.4870623049868574
99900.0 8.418337 27.750109 8.126878733611688 7.762389379102586 3.6423287255440724
100000.0 9.670605 31.886975 9.399383670058942 9.03091619376925 3.4826863555146805
