# t rg re s3 s4 s6
100.0 6.393265 17.261094 5.86594702046584 5.915445691101499 3.6935664238891546
200.0 6.495486 19.814262 6.684898129719651 6.095463707507064 3.9657949914936137
300.0 6.443257 19.371669 6.675635269702654 6.3464098474647015 3.9009506019142743
400.0 7.266856 19.000542 7.65119712417443 7.206212093663443 4.084659457187438
500.0 6.998751 18.404206 7.7065062199026695 7.124578557798934 4.259511332934156
600.0 6.424330 19.037623 6.884336519269791 6.418032389640023 4.52452613405345
700.0 7.086002 17.875073 7.3473837234722765 6.9544485316848 3.853939887496277
800.0 7.191788 23.792705 7.778938838397912 7.093954971145534 4.223764462800834
900.0 6.657928 19.370698 6.976929172118867 6.442540964486569 3.948711020678293
1000.0 7.227104 18.586809 7.508326665823034 7.00582620205689 4.131429015601776
1100.0 7.556532 21.175451 7.472231840832482 7.141642148302219 3.8991831053219967
1200.0 7.400228 18.299955 7.770388896348903 7.252206573847008 3.9899319345209374
1300.0 7.747651 21.147054 7.884786087314903 7.458846563925831 4.367022620494149
1400.0 8.944653 24.521843 8.622090723030176 8.42082110257807 4.0943847200874774
1500.0 8.233473 20.642802 8.360947260893036 7.907046564198411 4.484074693938052
1600.0 8.071037 21.330345 8.247933919745028 7.8283872351695765 4.365419277017099
1700.0 7.150791 13.237261 7.530546013681604 7.089425883543485 4.222528838533977
1800.0 6.800203 19.224769 7.588809650822001 6.974377371308099 3.7902814880248066
1900.0 7.146180 19.388363 7.196136032269714 6.8272001337711705 4.261808964330521
2000.0 7.370549 19.428415 7.634534747856208 7.2001714367937195 3.9615364298298794
2100.0 6.874990 13.958282 7.049333573812633 6.793948897097211 4.236876874499975
2200.0 8.071370 21.140763 8.231898554117828 7.952420936968685 3.729351628417023
2300.0 8.133344 25.058716 8.185815434081526 7.872600454423429 3.8438910337905985
2400.0 8.496979 26.526530 8.46393373749833 8.00962830418671 4.142408804758281
2500.0 8.328222 24.581977 8.40049473805189 8.041490069720068 3.961154977149133
2600.0 7.796502 24.759624 7.789539751214762 7.53678712215578 3.941217964933545
2700.0 6.787873 19.573416 6.756940943583888 6.460233915598075 4.326403602525481
2800.0 6.658172 21.245867 6.860575850296731 6.33567531457129 4.133428647709016
2900.0 6.762196 15.308598 6.944347147176359 6.651178254672854 3.9551924459590904
3000.0 7.212715 21.829398 7.203350303507117 7.01020582664575 3.907614806443873
3100.0 7.491465 22.435455 7.578618580918287 7.180634648202558 4.393053237044127
3200.0 6.766231 20.946456 7.075388674227619 6.555734106761494 4.38210118475288
3300.0 6.506128 21.176466 6.683662304737502 6.114214053911624 4.313351315244562
3400.0 6.611396 18.699007 7.259949705147299 6.548367557324806 4.401981450333856
3500.0 6.468540 18.859826 6.8030928886469955 6.371104181744987 4.3519453180694025
3600.0 7.665700 20.427553 8.166142873174081 7.493708326632669 3.8791143706015268
3700.0 7.937280 21.186276 7.702389754551663 7.489179922785726 4.291757155449602
3800.0 7.665535 22.693127 8.27596320113372 7.560846531046991 4.3186440770154535
3900.0 8.195339 20.339773 7.946583819105842 7.766177887283481 3.9104176595685236
4000.0 7.218525 19.840962 7.408110245442313 6.991103978460509 4.380080964673346
4100.0 7.168363 15.280109 7.803347417680222 7.236205856526317 3.844555473041503
4200.0 6.424256 15.495180 6.928269452538812 6.441449756147903 4.406311755791523
4300.0 7.247127 18.221152 7.5608872074355284 7.222587101022855 3.6772855853981015
4400.0 7.996538 21.197588 8.172670454515265 7.691278576987381 3.9462219139539654
4500.0 6.919392 20.376434 7.259780540993376 6.754638329441039 4.456230705636677
4600.0 7.696131 23.263643 8.227285463710837 7.471039634932043 4.299985806001597
4700.0 7.349269 21.845494 7.99426358752079 7.358395769144554 4.010048537944777
4800.0 8.201204 26.041471 8.411762738847694 7.925782227243252 4.1982739792412795
4900.0 9.574085 25.804257 9.440489224841905 9.177332203081466 3.817967358271132
5000.0 9.356202 27.060814 9.254663005327664 8.816738999089722 3.535720051458973
5100.0 8.907867 24.646314 8.649767191472352 8.174196541490119 3.8640031039718536
5200.0 9.025637 20.885939 9.057464654928701 8.60067777437422 3.876089362237301
5300.0 9.342534 21.812192 8.933045416106783 8.809844139974162 4.042756313097616
5400.0 8.140348 26.154095 8.020566627243822 7.548063694578161 4.363319621294892
5500.0 8.263122 25.474919 7.615773293904581 7.507726832862114 4.0908346534665
5600.0 7.737492 22.559157 7.961675959048552 7.49446832193223 3.9497706867696545
5700.0 8.466114 22.842251 8.348216133939909 8.137691376391226 3.979581608110693
5800.0 7.645028 22.717624 7.635426402960338 7.365903300092029 4.291606530124126
5900.0 8.100396 26.624053 8.137731680982483 7.6155322451628376 3.8553333616648855
6000.0 8.893028 27.381070 8.324107492355058 8.100413059097088 4.131724515714665
6100.0 8.428271 25.561394 8.538097403709546 8.026409713445808 3.601248518995926
6200.0 8.138756 20.625136 8.142923315940681 7.75904186269067 3.5546846014350173
6300.0 8.645849 25.180246 8.607254844493076 8.260916936654171 4.038139345850999
6400.0 7.983238 21.345539 8.1309754278045 7.70795346040363 4.143475163582813
6500.0 9.393424 25.450644 8.935073801672008 8.750731302292523 3.8863340352026334
6600.0 8.343023 23.333638 8.045268202295606 7.725815586091847 4.406473719521846
6700.0 7.886164 21.951417 8.120333142350974 7.666633989771736 3.9621185734120625
6800.0 8.578437 25.376653 8.205308024062962 7.953157988496802 3.5333963507151047
6900.0 8.069479 25.173193 8.617187619248977 7.992215445335372 3.865525345766055
7000.0 8.248386 21.445395 8.239608767145363 7.956160643406894 3.7577508085922338
7100.0 8.921287 26.800764 8.598080188306533 8.455262251799498 3.928255950544515
7200.0 8.467229 24.527231 8.461465468023068 8.03223781657128 3.7124921398608035
7300.0 8.972507 25.860944 8.623672112299376 8.423267153592226 4.093768153302599
7400.0 9.672999 27.448121 9.488683032578589 9.017978342040367 3.8410541115984214
7500.0 8.207017 26.737330 8.236859378960675 7.639681987795036 3.878100597701059
7600.0 7.810505 22.258682 7.727353968868734 7.247655634819319 4.15320968046459
7700.0 7.741727 20.504562 7.81018946581732 7.225945993428953 4.195967316854742
7800.0 8.877625 28.815081 8.25054136321084 7.969118147216145 4.194990253943336
7900.0 8.738757 22.767562 8.591708021416562 8.246556843919285 4.231409373153791
8000.0 6.926367 19.443277 7.351311075171805 6.857600605190853 4.4035414097438625
8100.0 7.700624 21.942934 7.734200052174744 7.277291943685553 4.172829511201324
8200.0 6.180395 16.601139 6.138783081774107 5.802151430019928 3.8802092511206556
8300.0 6.935204 21.908951 7.1944067290374 6.665558142200028 4.196434520931807
8400.0 6.930538 19.243368 7.279478887834947 6.789533247072036 4.079377522367761
8500.0 5.902923 13.682924 6.530564017024611 5.97677309547848 3.893603435756291
8600.0 6.993519 19.547016 7.120559257415974 6.909912990091103 4.055288379223989
8700.0 6.768841 21.926568 7.207582186883317 6.640450533654834 4.389549357902535
8800.0 7.735933 22.407568 7.2711191062672516 7.173199293543872 3.693632972947319
8900.0 8.767124 24.098500 8.514201617119392 8.118683213441788 3.996168615227533
9000.0 7.023422 20.030853 7.186359696748961 6.6928209281023525 3.5025364726700703
9100.0 7.200986 24.056228 6.990866734505488 6.609793942732826 3.9279574784764617
9200.0 7.062179 20.638019 7.5562545482336985 6.925348671024694 4.375123574389899
9300.0 7.553276 19.511525 7.6038566333599595 7.222510786102465 3.755954914327582
9400.0 7.311578 19.387512 7.3977750267723925 6.983757546558274 4.205678151381152
9500.0 7.379145 16.954661 7.710169906466269 7.260657267537899 4.01907389198387
9600.0 6.790973 15.833150 7.2845440600372475 6.766804940119644 4.343421052383161
9700.0 7.449220 19.697716 7.603329079957465 7.284888847614896 4.54690542193424
9800.0 7.948669 20.072818 8.344128535041536 7.762112904415954 3.988191337731389
9900.0 6.841755 16.465486 6.999104154599167 6.591455701388545 4.144144629620224
10000.0 6.896359 16.069107 7.13140508192454 6.629881945196684 3.646895987311573
10100.0 7.472318 18.113017 7.805513528107438 7.2701437432914915 3.80166348332371
10200.0 7.659275 17.518543 7.861274996235043 7.422955658061646 3.9816112827510906
10300.0 7.620493 19.265916 8.024826029859014 7.39082627435662 4.026507358566762
10400.0 8.522887 20.746452 8.587089401743873 8.101437033887995 4.090573776606298
10500.0 8.051844 22.913342 8.075853038390829 7.730632514133115 4.068065746772359
10600.0 9.739139 29.967777 9.365578624849354 8.983575495828328 4.1994275225703595
10700.0 9.265822 26.511016 9.562088560852734 9.068711942042698 4.008863198396527
10800.0 8.495264 23.945599 8.651344589765024 8.297691463891658 4.140911157859549
10900.0 9.206064 25.214603 9.072925638046291 8.650927474589897 4.045443578444781
11000.0 8.843577 26.560660 8.762254914718907 8.35632058388219 4.128241818000864
11100.0 8.047927 23.430002 8.570517854436332 7.9418102460416105 3.770857683705057
11200.0 8.096647 20.663882 8.833479391232244 8.013452928114233 3.7804221125480075
11300.0 7.432247 23.998776 7.775799623809282 7.190053083681926 4.273050147440877
11400.0 7.887894 22.049141 7.868355540552377 7.413827203268623 4.155706757751184
11500.0 5.491714 16.322951 6.2228023029992 5.577750223611992 3.873619002338526
11600.0 7.088711 20.006092 7.013613233206822 6.549152760400367 4.080419463630349
11700.0 7.842151 26.472194 7.724298900024353 7.264341834950433 4.203318554498514
11800.0 7.882793 25.213221 7.820240563516339 7.313614372785696 4.4261443460529275
11900.0 7.326747 22.839604 7.634124462185188 7.109378979222766 4.203005913775203
12000.0 7.194186 22.807711 7.278001831136125 6.839038674873577 4.2732146225312135
12100.0 8.435660 23.770498 8.584865760302119 8.228533368619924 4.124356924719775
12200.0 7.984063 21.846952 7.991030490708775 7.482089751256919 3.8734200573201885
12300.0 8.674492 25.819717 8.190346834933209 7.993573519657761 4.186840515739299
12400.0 9.601579 28.315539 9.5223732803831 9.128086916055908 4.307544198559665
12500.0 9.329387 30.360299 9.093216854753445 8.655604092593496 4.175556575816311
12600.0 9.237233 28.348527 8.717801261135381 8.438241154533355 3.983844204647326
12700.0 8.882573 24.206178 8.73164074567692 8.270984959922115 3.9468563817438738
12800.0 7.397289 21.931314 7.3795851427000345 7.043903272142161 4.139580072408598
12900.0 8.730635 24.820186 8.279488955134358 7.910111519798956 4.049201962783565
13000.0 8.762006 21.763268 8.552116082352715 8.327143328941368 4.557369754337436
13100.0 9.496197 27.703576 9.441504839537307 9.022151491134869 3.9309971245597413
13200.0 9.493507 30.126780 9.029283514814674 8.829004682322003 3.9091876292682013
13300.0 9.087940 27.316912 9.066639873854502 8.608845166013943 3.966070351892965
13400.0 7.237494 20.496770 7.317114024369199 6.903548765313084 4.340140690534451
13500.0 7.631304 21.834181 7.894473077033711 7.460423936559423 4.3087284752491986
13600.0 8.195663 24.806538 8.46910154403259 7.899147810977796 3.971260946004261
13700.0 7.801101 24.820504 7.740623960534291 7.291320087192419 3.9803346863308944
13800.0 6.909228 18.443763 7.449732262804639 6.852129776590887 4.154748105093577
13900.0 6.358347 11.717530 6.998938597535804 6.4253704345187295 4.354931290624169
14000.0 6.791074 15.395024 7.164991320049301 6.835895219969546 4.011240393301379
14100.0 8.159462 23.872881 8.666903497410393 8.054157459560944 3.880067029719695
14200.0 7.875698 23.269100 8.023089212621123 7.464099486110385 4.167867244208473
14300.0 8.573347 25.885252 8.249160069674899 7.972350789270169 4.138000422937558
14400.0 9.233903 29.144555 9.247200862122645 8.725217937323185 4.136615472433205
14500.0 8.746749 23.832880 8.511803077212605 8.148546767733645 3.9478919651674755
14600.0 7.537201 25.392726 7.287013441185685 6.973317490570983 4.19402153774268
14700.0 6.781786 20.242664 7.306021880493678 6.687804394511441 4.5554405848228425
14800.0 7.559935 22.464214 7.959096882018576 7.439305842463463 3.958960628653073
14900.0 8.372753 25.121771 8.40056482685129 8.027589622272757 3.577173996017483
15000.0 8.385053 24.304375 8.4360345070696 8.012949265252278 4.084157657316672
15100.0 8.834446 26.970094 8.643852396534456 8.326799590266795 4.261521609471123
15200.0 8.247981 24.787624 8.579522736750167 7.982208253259206 4.297926741656997
15300.0 8.474677 22.728886 8.550393939058425 8.144651566601489 3.8604956606581076
15400.0 8.736655 25.566783 8.221284084358402 8.263900952318384 4.019133859861354
15500.0 9.050367 25.510270 9.007993479324643 8.683040751749658 3.837871553714641
15600.0 10.113887 29.109384 10.107851294326592 9.722134655950848 3.7952496499316757
15700.0 9.635352 32.767505 9.280964891324826 8.970316832755735 3.8742839721397866
15800.0 9.565230 29.494237 9.261096832685597 8.97288368629164 4.204238906743006
15900.0 8.689190 21.785405 8.825645309588547 8.359690291424728 4.292512601108662
16000.0 8.273743 18.578682 8.595823661296365 8.169353076834371 3.932725397804356
16100.0 8.394546 21.373597 8.604981761076774 8.107384006756538 4.0716628707243165
16200.0 9.375635 26.813108 9.057308340299782 8.680996233574568 3.7303130159373783
16300.0 8.838559 27.333574 8.61603130873075 8.269213706020233 3.9078000141984304
16400.0 6.860063 18.650581 7.433902280173143 6.722338613494986 4.322638386268361
16500.0 8.088822 21.855568 8.347951208924245 7.882830541907874 3.9260812939339638
16600.0 7.183835 17.852862 7.176127472969477 6.976820921149346 4.720188380672377
16700.0 7.523669 17.131434 7.426503493183555 7.203318998784482 3.7790361867006395
16800.0 7.366406 19.693969 7.4444401183354945 7.098659315571447 3.7761284550170475
16900.0 6.673767 21.783229 6.825372308981615 6.348459586227371 3.855093446392753
17000.0 6.842909 22.052059 7.205360017414745 6.679745139290524 4.059367608986675
17100.0 7.756156 25.116697 7.688772587205918 7.2951019520541465 4.257298035031983
17200.0 8.508606 24.655430 8.528297222177063 8.101922570602166 4.187578610919082
17300.0 9.676243 25.355135 9.45154589601137 9.022511995667774 3.973447782264915
17400.0 8.739387 26.198660 8.514464718101966 8.187559703404302 4.11590507579084
17500.0 8.184530 22.926270 7.923709103695079 7.584345307671727 4.030523750413225
17600.0 8.575711 25.290019 8.466025985727207 8.15917225559248 4.189257431372327
17700.0 8.450542 27.623016 8.43548715441373 8.007928836991454 4.289095481640705
17800.0 8.362457 23.750022 8.17630206004791 7.9342478470894875 4.120821006863458
17900.0 8.620008 23.659847 8.598765706339247 8.263446774594183 4.163917651945817
18000.0 8.948892 28.851798 9.308536830330763 8.634429421561578 3.960497851638188
18100.0 9.030699 26.883890 8.546834457389593 8.359952896111192 3.84375117190015
18200.0 9.739093 29.883312 9.718683460877605 9.280224807983663 4.261713274240435
18300.0 9.275986 30.137716 9.26080258551726 8.776903974874491 3.6000879261245
18400.0 9.373969 26.463231 9.078670765946557 8.71895934129336 3.9708320183667927
18500.0 8.295873 24.136099 8.285817218827399 7.836301113332994 4.158967711666013
18600.0 8.437886 27.319341 8.63846346300771 8.084206232635077 4.4466754108023405
18700.0 9.227717 22.988268 9.004125963467525 8.729097018536507 3.9213067713797995
18800.0 8.769541 24.832547 8.991564060554706 8.494889273728962 3.898119744803973
18900.0 8.927218 26.004231 8.413190090016 8.195339856237155 3.6226605856809586
19000.0 7.948317 21.415965 7.669515180513089 7.34034890778247 4.251200487809709
19100.0 6.765668 18.193528 6.824870400805778 6.466179620289047 4.125993332313048
19200.0 6.878803 22.495233 7.426976549630859 6.726320152738567 4.080051078326557
19300.0 7.045463 18.100817 7.590552664032428 7.085276675453047 4.013470408236169
19400.0 7.298910 20.958217 7.058431437765795 6.777160812923281 4.269783743133648
19500.0 7.918042 24.078773 8.241667870363 7.625405033972054 4.28130671675742
19600.0 7.577046 24.258780 7.554526153692857 7.155696867371313 4.041153359553299
19700.0 9.619557 28.347487 9.347865452989028 8.97731537537722 4.308270289888053
19800.0 8.648458 23.393690 8.66867764415129 8.124973130030568 4.062061248712312
19900.0 7.924108 21.422269 8.623801910813155 8.068310874266594 4.020524868303983
20000.0 7.858951 21.013013 8.192445347997673 7.6496965105781145 3.6845696669491965
20100.0 8.436731 25.297519 8.297651126314276 7.991043463149625 4.039841159407797
20200.0 8.587608 26.837301 8.031354485774093 7.853454343148782 4.039770092463358
20300.0 8.593796 24.237343 8.586439490693731 8.13007887899044 3.874060439473327
20400.0 9.036665 28.361803 8.799022040543663 8.235396367772932 3.824319669863604
20500.0 8.745102 26.841898 8.642032840844033 8.190011342121416 3.8332431061874734
20600.0 8.894775 25.708959 8.782610261492092 8.45433649766446 4.013894975803506
20700.0 9.087528 26.538033 9.019535342765884 8.66606505016671 3.724142881061619
20800.0 9.035000 29.178643 8.806815638449649 8.382148625122138 3.8228114423756336
20900.0 8.393960 21.423048 8.09536699544547 7.869056134161565 4.687990334123153
21000.0 7.924376 21.437121 7.757748353805051 7.411352564883925 3.9766210858334565
21100.0 8.189793 21.849289 8.70347594068155 8.133674852692442 4.033288010464204
21200.0 8.028072 24.031630 8.604449133851084 7.950966861650245 3.4814138705883657
21300.0 7.926215 26.761345 7.959209951159932 7.550598878294768 4.330915352884318
21400.0 8.729551 27.993641 8.47082573272097 8.107044798076195 3.9888229894662106
21500.0 8.307047 26.673984 8.072204535676414 7.5757478311650415 4.159448342547848
21600.0 8.202801 27.258291 7.732011296859697 7.475575283420215 4.102927578765519
21700.0 7.214215 21.715078 7.3086814955973916 6.888555065654738 4.088538649734231
21800.0 6.814827 20.418875 7.03178285979674 6.426564695508107 3.993718319021228
21900.0 7.426135 19.079496 7.651490705155459 7.055139359166884 4.084391105288535
22000.0 7.486100 18.198134 7.528101101409198 7.229972530177445 3.8442499551153286
22100.0 5.857171 12.900865 6.5438473407230315 5.916367883652187 4.074771818876395
22200.0 7.384041 17.876921 7.382710048002598 7.076617791515737 3.858796967753445
22300.0 8.190409 19.801380 8.695540160309431 7.979723288759459 3.818306047014182
22400.0 7.922754 22.772837 7.980807541793345 7.4717472490437755 3.957449368054625
22500.0 7.698440 22.303840 7.83166837829513 7.495098773207354 3.9866175568096134
22600.0 8.428546 23.763089 8.906410260420719 8.253922079521574 4.320295077989307
22700.0 9.034571 27.809995 8.933599224698645 8.546421098386487 3.7854094271457526
22800.0 8.438954 27.573494 8.072247319153647 7.7464858293789725 3.934914424348753
22900.0 7.958425 21.296021 7.833470332627778 7.415690484446732 4.100905927490691
23000.0 9.060769 26.800264 8.936514105933895 8.53960336784094 4.244192310541757
23100.0 8.065938 23.568063 7.996104930307376 7.626380238922624 3.5598969894736987
23200.0 8.420381 23.049946 8.246247659992335 7.966497072705867 4.373669835283128
23300.0 9.074400 27.793035 8.814338963026184 8.42905362438696 4.087415638339322
23400.0 9.214478 25.760746 8.690555992276751 8.424958271590414 3.6366678518636006
23500.0 9.689411 27.176730 9.412366406093495 9.030837296318152 4.375153805528755
23600.0 9.415509 30.354953 9.350784585012962 8.897139766858844 4.036283686657916
23700.0 8.080702 23.598802 8.145626766648 7.664541769468604 3.6609803831956484
23800.0 8.828953 22.729768 8.6475800588371 8.44570203908468 3.883694970538426
23900.0 8.118243 25.484617 8.090581764187727 7.652858692697414 4.2039338353579865
24000.0 8.038689 24.177870 7.960793503770519 7.601927084674172 4.059705165635921
24100.0 8.150737 22.715363 7.752104836743304 7.502426793542122 4.515599157615195
24200.0 7.133051 19.144736 7.124775680740239 6.657886615154092 4.22750467332431
24300.0 6.148538 19.702566 6.646166459480465 6.024934974840838 4.018914538853144
24400.0 8.055930 23.503560 7.858986180476912 7.480577070799241 4.139075718436715
24500.0 8.894720 28.601336 8.82974946129708 8.310035432547119 4.655862435823175
24600.0 10.477672 30.928738 9.98143018389512 9.69582988459045 4.038258278292908
24700.0 7.828563 25.552067 8.074740261241748 7.483224365808611 3.877289534827757
24800.0 6.234908 20.698564 6.426692195328176 5.758721289315451 4.1041639782455155
24900.0 6.579680 20.222972 7.044875553977372 6.332883185986885 3.7457181118234253
25000.0 6.569214 16.525787 6.839468762876914 6.347075469365707 4.221781939721033
25100.0 6.396500 18.008495 6.745084813749747 6.200759212320603 3.815738697714344
25200.0 6.293084 18.536500 6.889120258400319 6.254134197840823 4.157883727185583
25300.0 7.285467 21.749417 7.2277197914687115 6.882577823838508 3.6653738558445097
25400.0 8.564438 22.707140 8.540298315674663 8.05837941590525 3.749529359313104
25500.0 7.786572 21.812599 7.250317149573934 7.107296352436554 3.8995703971934343
25600.0 8.582243 24.850641 8.284232312490996 7.948687525616675 4.157191914302283
25700.0 7.513870 19.013882 7.468050298658325 7.128884431624957 4.024520736115954
25800.0 7.476778 22.374947 7.944067992933006 7.402026655811619 3.781527324687897
25900.0 7.694984 19.556235 8.039418068238207 7.450116400249632 4.254655979859543
26000.0 8.153484 17.692037 8.501655850091861 7.948562051976061 3.969387551739234
26100.0 8.121222 19.483373 8.09479955344692 7.663847227702663 4.068262116976556
26200.0 6.827579 16.835283 7.342885221112675 6.685225987521417 4.597637089645831
26300.0 8.215407 19.054760 8.655700522412436 8.202644870830788 4.040007659499583
26400.0 8.766521 23.449754 8.772167364515733 8.384130721700549 3.9864846845656463
26500.0 8.148520 27.338961 8.203471957707649 7.78330358730538 3.9552124921640104
26600.0 8.290334 27.001779 8.387340897377303 7.998682416386416 4.019372966068262
26700.0 7.958801 24.073101 8.390191223212792 7.7164476607375665 3.570241643933014
26800.0 10.395090 28.731006 10.208619257277293 9.680413669297065 4.4077444354700805
26900.0 9.768618 31.366338 9.55196165634985 9.008635811594466 4.032737985962875
27000.0 9.123328 30.497432 8.590524938102973 8.381518545173241 3.947904847899136
27100.0 8.874259 25.865203 8.12657285804367 8.161880359219685 4.0016414424490545
27200.0 8.209200 25.030119 7.85637867623524 7.638920812837884 3.739571793510962
27300.0 8.208949 24.725989 8.613379561544853 7.985904485880647 4.161181561805516
27400.0 8.430169 24.093837 8.072216890502585 7.975289743984286 3.9811653484213823
27500.0 8.667109 24.417900 8.469363411577072 7.990101067949405 4.151478000932657
27600.0 7.959043 22.442124 7.6155242630552085 7.431990527160969 4.108715646491048
27700.0 8.029849 24.271245 7.899050589340729 7.65860244472415 4.076578856936475
27800.0 8.325670 24.170361 8.68775281736201 8.057392817309836 4.422771475086246
27900.0 8.443587 24.008685 8.665761142489963 8.224020063619866 3.8034735393629466
28000.0 8.634537 26.060232 8.635592416452818 8.261672012691884 4.621784395602903
28100.0 8.398028 24.387568 8.336675972907011 7.996377900482632 3.905464263041571
28200.0 7.422582 19.681732 8.076916456839891 7.413757467808237 4.228376763229336
28300.0 6.374046 16.141414 6.641349330407537 6.359772059446406 3.825255426375061
28400.0 6.279736 14.438773 6.936355596835974 6.464824177497073 3.8320490195582266
28500.0 7.893816 18.114917 8.028594294157747 7.732141905191297 3.813424095499664
28600.0 7.888368 16.280585 7.799543448141012 7.620046552209558 3.987990606628998
28700.0 8.138149 23.656743 8.471848362226943 7.943066501713161 4.263940793917833
28800.0 7.637020 23.341665 7.916233199468798 7.312275488047982 3.8733154000868777
28900.0 8.399651 22.366624 8.165155411911172 7.960145726503165 4.455425416051528
29000.0 8.235515 24.679699 8.054662696598728 7.71023003159747 4.036466606594826
29100.0 8.110286 25.485005 8.26649838123983 7.6555802301820615 4.350223703718571
29200.0 8.863692 26.044127 8.345618438857922 8.064725628506993 3.698200205720972
29300.0 8.812873 26.682105 8.616337432064201 8.119289206252452 4.14433901544859
29400.0 7.137512 23.966726 7.371898695387604 6.8880753507504116 4.00636556371941
29500.0 7.452770 19.507037 7.437319407322823 7.198484289906918 3.997985864498462
29600.0 8.389659 24.801708 8.547424006006795 8.038596885876899 4.324473313026188
29700.0 8.769569 26.084787 8.81102224395748 8.380039102825537 4.043367832626364
29800.0 8.720565 26.555346 8.387061769579548 7.957725737725605 3.8668927852180905
29900.0 7.396330 21.729988 7.3855760914409325 6.917922929240113 4.11391163245735
30000.0 8.251644 25.290093 7.864695777840251 7.641206140684774 4.198531504101589
30100.0 7.870717 20.776366 7.927423953459834 7.472174960767953 4.16553766510723
30200.0 7.140430 20.239672 7.372676180732038 6.844165128780136 4.029917728524574
30300.0 6.713893 14.445158 6.531664737398378 6.386842091200756 4.075538176800996
30400.0 6.446057 16.713697 6.972235375336476 6.4517069324786505 4.1630447428114445
30500.0 7.039384 19.922840 7.685057169049943 7.10627709429221 3.963744730521414
30600.0 7.509860 21.117008 7.787492279147629 7.335834828620233 3.8961171504856407
30700.0 8.091844 19.434933 8.235656648280411 7.914905296374218 3.7663762870910533
30800.0 7.883432 20.874934 7.760298567947012 7.527035831766547 3.6475600231278995
30900.0 7.307492 18.172596 7.755566525488849 7.238978053791746 4.2455293667595075
31000.0 6.726816 19.372960 6.976996797476193 6.469520852773422 3.8663956714061425
31100.0 8.417113 23.982215 8.537648179524279 8.11288794837858 3.839887324269319
31200.0 7.825764 21.232369 7.958903924210569 7.557240968477043 3.9400848108845925
31300.0 8.143356 20.645637 7.9152321330452375 7.622644450647939 4.238555694261163
31400.0 8.640288 27.171701 8.182388971943977 7.971909259969846 4.081705386150741
31500.0 9.056060 24.426743 9.118266298310296 8.724978860637147 3.8300919535043203
31600.0 9.441561 31.095582 9.386763287161964 8.928631443173638 3.9807935704606248
31700.0 8.677729 24.019012 8.872946745145818 8.42442277108493 4.0334345401301315
31800.0 8.084658 20.133547 8.17256493181775 7.754213179344833 4.0168100200440815
31900.0 7.618727 22.001775 7.765694152173454 7.3044164291925915 4.321235752071989
32000.0 7.061516 19.820042 7.5065217698031566 6.942964630652439 4.404599456097002
32100.0 8.359650 19.988498 8.039017600501317 7.985275696631959 4.093477864331654
32200.0 8.516823 23.389115 8.850915959432298 8.308718297538995 4.090281158026864
32300.0 8.351322 21.248301 8.490437989701531 8.04624750820699 3.9514596625356546
32400.0 9.388683 24.379769 9.120988719996872 8.74195204240919 3.8918970706156424
32500.0 9.642589 29.633468 9.421493481893208 8.946853782882313 4.10333869668967
32600.0 9.395868 26.538337 8.93829035299707 8.749053883777897 4.237414364166889
32700.0 9.009488 28.448628 8.520782417780495 8.148690013757458 4.08461185261293
32800.0 9.742360 29.649227 9.227483226631026 9.017272285447934 3.735704236882004
32900.0 8.676658 26.692958 8.832792962382788 8.36629730211456 4.299654688900851
33000.0 8.451500 22.260592 8.154436477958866 7.826746110480301 4.29215979133364
33100.0 7.813191 22.192829 8.03004344092138 7.501688269121799 3.9036094110198003
33200.0 7.691747 18.932169 8.209132890290899 7.610726830205235 4.375448729076479
33300.0 8.334281 23.485128 8.375419555494982 8.027412368128347 4.122000248622764
33400.0 8.107186 21.245286 7.998977758673856 7.67410322268295 3.9072792289214053
33500.0 7.879344 21.361289 8.103886896436721 7.675872374248515 3.576597145829396
33600.0 8.347990 24.635511 7.895482672844012 7.766742867287356 3.8925217317504113
33700.0 9.151091 28.038560 8.960647717232717 8.637625969850117 3.981726540368814
33800.0 8.681441 22.853924 8.669181016266016 8.399583542493 3.9997532547102383
33900.0 7.653425 18.322852 7.8525301440650965 7.4391654655096815 4.069466705710435
34000.0 7.706168 16.913146 8.146489654453939 7.5772124144770645 3.701483188329724
34100.0 7.753878 17.939379 7.822877748178663 7.436986556348234 4.250344645493379
34200.0 7.598040 20.185986 7.705212580664537 7.2744024478373035 3.812315539462424
34300.0 8.518979 19.240631 8.924853256422072 8.555124125741068 3.75196917356694
34400.0 7.604330 17.557691 7.830766912575032 7.3730674997865 3.8397380259965623
34500.0 7.411888 21.351292 7.5600500765386 7.128710364706101 3.7782658358651693
34600.0 6.271006 18.202377 6.752772888738031 6.220054907259905 4.34421076011056
34700.0 7.080535 19.205873 6.764462432140238 6.589844637470397 3.8156922944647653
34800.0 6.751469 20.728138 7.3779938753006675 6.654598881255969 4.189337189401909
34900.0 6.945876 21.048378 7.2999211100234165 6.854103044849966 3.797395390645325
35000.0 7.014875 17.834824 7.502362861308913 6.948884168207013 3.5229433866394744
35100.0 7.402519 20.248719 7.525280337026011 7.0959248846407785 3.953168603235683
35200.0 7.603241 22.417733 7.7201247992735045 7.186000364753717 4.063117170279019
35300.0 7.457330 23.200334 7.634757611831321 7.1411849460374155 4.3507408426694445
35400.0 7.957410 19.214515 8.159685042532292 7.793994367493102 4.70908409255506
35500.0 8.256948 21.239228 8.451977630207804 7.90683819245455 3.9725165086943357
35600.0 8.705869 26.973261 8.006860541740908 8.039991542954075 3.782804083569804
35700.0 8.813299 22.972789 8.802272285885834 8.237958526147327 3.700865428375757
35800.0 7.667119 25.597905 7.469049837909468 7.117586429900816 4.264168775286674
35900.0 8.070909 20.396876 8.14891630389624 7.763659357481776 3.9176365427690936
36000.0 7.566434 19.854354 7.619980284226752 7.369977035909273 3.8386903760396955
36100.0 6.179743 16.295200 6.944745075213072 6.165656827420367 3.9088517342961593
36200.0 7.913808 20.611741 8.433950232127561 7.849718931372743 3.896302138497426
36300.0 7.477845 17.746641 7.618756831219139 7.277653144307495 4.276932176493877
36400.0 6.782594 16.525110 7.037189119904101 6.720298169721645 4.192301908056577
36500.0 7.657590 17.664156 7.645704621222348 7.3865252189067325 4.087118505229216
36600.0 7.929216 20.229901 8.201214285549396 7.762367673039066 4.573765593446827
36700.0 8.736538 22.540162 8.699503824775658 8.409797855215125 4.300394833257148
36800.0 8.325309 22.587425 8.218836556049771 7.9190872643423615 4.406729422819839
36900.0 6.912856 21.059155 7.1687360261277 6.74931498149151 3.8315905955198413
37000.0 6.607596 18.447444 6.88748671865616 6.482743104905747 4.009914886777967
37100.0 7.749378 20.300368 7.5730749324373505 7.329245048137227 4.171503949515606
37200.0 6.223787 15.902351 6.8848820119947876 6.275354531333748 4.583722706041503
37300.0 5.090442 8.748976 5.949785031565447 5.394499677924491 4.254175984271517
37400.0 5.198722 10.545575 5.895270507585026 5.326204786379385 4.720014267183094
37500.0 5.239265 12.226391 6.3406624526560895 5.592012936660593 4.5270292709158175
37600.0 6.594544 20.872753 6.777837097295404 6.458208572922678 4.295326231043953
37700.0 6.805401 17.087704 7.02721417626334 6.71261576044725 4.392612706464926
37800.0 7.076114 18.542385 7.24252832628896 6.843044382567459 3.870751173842341
37900.0 8.485195 25.036801 8.489625399369151 7.93697217810095 4.335023214631274
38000.0 8.466878 27.323889 8.41016035780149 7.973421147284118 3.890341542610599
38100.0 8.612061 30.355215 7.9069684762948755 7.692044676892446 3.840112572413014
38200.0 7.395086 20.184960 7.111973000550182 6.932058882995439 4.150828565011859
38300.0 6.762247 19.698443 7.387275687532533 6.757482790718103 4.798901038540521
38400.0 8.126785 23.754466 8.010045853887332 7.642895428723094 4.025348855352174
38500.0 8.167691 23.169548 8.152367258060336 8.008394220507183 4.024662907140495
38600.0 9.032501 26.678091 9.047018103665579 8.689938280874692 4.159725908437329
38700.0 9.019807 24.581857 8.50515270480341 8.337641226946774 3.9988475175323677
38800.0 7.856913 22.477873 8.173761173250858 7.562683927432576 3.4729671570107086
38900.0 7.433006 19.283425 7.80703560775602 7.267343169531547 3.9466612413809843
39000.0 9.029857 25.934958 8.531616483997679 8.474986562791914 4.49387855637924
39100.0 7.708440 27.430187 7.636249731199501 7.248526411660274 3.8077813216933873
39200.0 7.077915 19.925265 7.1946768904253915 6.794425780984318 4.167347106092392
39300.0 8.153157 23.817819 8.015474599648591 7.756072134194405 4.17075127475525
39400.0 9.038006 25.910010 8.78135878692769 8.55467533265771 4.0052868972858064
39500.0 9.094347 21.810249 8.980175190855547 8.802128443566158 3.7970899729496477
39600.0 8.579188 23.734254 8.76688463661684 8.375513401920687 4.17565633103015
39700.0 7.412694 20.107471 7.665597419590004 7.379271134050948 4.489397489317917
39800.0 7.939116 25.825525 7.712684777158742 7.420763181415216 3.762398036292641
39900.0 7.806950 24.248043 7.643113658786529 7.495233187101013 3.63914766770069
40000.0 6.694174 18.771058 7.158473214122653 6.616464317856336 4.306291010614178
40100.0 7.463548 21.416840 7.437536444433604 7.181227123964748 4.236433700213984
40200.0 7.082442 15.488304 7.27852728631272 6.911644557999418 3.997494962145921
40300.0 7.598332 23.537844 7.919804509074455 7.435636552566356 4.34417704292848
40400.0 8.934826 26.316980 8.43054303526099 8.301881880507432 4.343129794051852
40500.0 8.870097 24.781685 8.711590786472554 8.452625398259627 3.764556986262111
40600.0 8.266012 26.519550 8.145661398544894 7.831634056234729 3.791002004952075
40700.0 8.011295 20.646795 8.5129584898028 8.004451406797152 4.193749240258764
40800.0 7.842628 21.677978 7.573865204146058 7.393117372522867 4.039582858713091
40900.0 7.826426 22.931488 7.599139804342415 7.28568684387759 3.921213751874391
41000.0 9.342488 25.920415 9.133905845868796 8.667932970214364 4.067137214991046
41100.0 9.394781 26.711298 9.110773668039588 8.782560532831507 4.234255215662144
41200.0 8.473330 24.695875 8.478951743149056 8.078292859416544 4.127778127084045
41300.0 8.586380 24.866723 8.405995842084188 8.033563609559746 4.097827039414521
41400.0 7.626883 20.659597 7.83063787709758 7.327707314858673 3.9306987574050924
41500.0 7.045155 24.111242 7.5176918946740505 6.8787690786938125 4.641396845616648
41600.0 8.829894 27.060569 8.485039708352582 8.216526467717324 3.8778130028574576
41700.0 8.603180 24.983813 8.58598435703824 8.127786542833176 3.70380455417284
41800.0 6.505769 21.573833 6.966409293720296 6.250366532655797 4.0508838021278315
41900.0 7.163959 21.962937 7.168704922134712 6.664979065105624 4.136904273877952
42000.0 7.845190 24.948267 7.641529971304259 7.367162042523302 3.8869375578415792
42100.0 7.255892 25.746826 7.193278132461803 6.750147475230386 4.542049507091834
42200.0 7.581491 20.698367 7.424623353032099 7.150401495800092 3.8713204107302195
42300.0 7.242413 18.706058 7.266282306940855 6.931268920932716 4.116954498783719
42400.0 7.426762 20.859390 7.462309135476873 7.101079699875923 3.9728411553378224
42500.0 7.027310 16.988534 7.395930985635486 6.9061871838419995 4.112571467180976
42600.0 9.000206 26.828101 8.664261765703595 8.229943734485747 3.993318866057581
42700.0 8.961524 29.175949 8.655740319252583 8.440573295087246 3.7790281634949343
42800.0 8.460045 27.758073 8.492267752475298 8.064904043205257 4.0565383271457
42900.0 7.318960 22.337997 7.840773445242754 7.179132772917941 4.025757004747645
43000.0 6.232330 19.531972 6.212118022624358 5.8550947054521805 3.7903546221807494
43100.0 4.886994 10.360079 5.789591547661109 5.120319011473991 3.660944702977349
43200.0 6.711080 18.142689 7.070653366220581 6.516852186335952 4.200766692945187
43300.0 7.854781 21.150559 7.795544923213695 7.339137170190015 4.49225524051818
43400.0 6.898837 22.832323 7.0861844794581135 6.612713551545937 3.868921208330731
43500.0 6.467872 16.292059 6.761677506038609 6.362481882246048 3.576682448766027
43600.0 8.174581 23.325018 7.560914803894564 7.339373289640636 3.878621981730964
43700.0 8.322433 23.646107 8.4594675341243 8.077411068953612 3.625455617159231
43800.0 8.367652 23.613740 8.191178016570072 7.942453513236013 4.004478040259433
43900.0 8.399735 23.971469 7.979776525536257 7.820423173486451 4.003726156589562
44000.0 9.047669 26.638141 8.894389400082956 8.76106191872754 3.7815019152527167
44100.0 10.009679 29.204763 9.770675406446554 9.40645432546086 4.0943308499698015
44200.0 9.950654 33.495098 9.423872437329557 9.203389796329386 3.840133644327087
44300.0 8.639092 27.373279 8.515718506876478 8.073912937255624 3.97333084993181
44400.0 9.075566 24.789626 8.948683969226387 8.576662550488342 4.500552214053942
44500.0 8.447229 27.395221 8.437597622089072 8.068707081125941 4.212871318897686
44600.0 8.957607 27.117172 8.892327302747866 8.47663026647502 3.817257657791702
44700.0 7.491369 23.588429 7.818966053742367 7.2492542657813095 4.27033826820864
44800.0 7.081792 18.413535 7.322299335921837 6.896575056007199 4.163296096497923
44900.0 7.277840 21.522633 7.388989180221716 6.971200035382576 4.133836118462638
45000.0 7.168078 23.381458 6.949146506016112 6.577059229894093 4.10656098567852
45100.0 7.036495 21.417985 7.541990023940316 7.037542946528471 4.131887061476524
45200.0 6.977383 21.266193 7.5916113025826775 6.78831023007204 3.84373930267156
45300.0 9.106554 25.338305 9.245226902880804 8.825725168088224 3.9157811829405653
45400.0 8.351525 21.261026 8.306396690390402 7.975991204610527 4.014067189301564
45500.0 8.287072 27.175986 8.514591704630561 7.8839756094299105 3.983662150390757
45600.0 8.840257 25.308248 8.303422842879106 8.173835086831971 4.240972735550925
45700.0 9.476192 27.405615 9.52155730401325 9.066882751049569 4.31700901366318
45800.0 8.872967 25.665352 8.60694583600109 8.387934482539663 3.8358260359748235
45900.0 8.056691 23.129944 8.216013700596559 7.783194810203075 3.8416392990446604
46000.0 7.579388 25.185010 7.948365931681458 7.351224161593437 3.91160799437146
46100.0 9.319248 29.109949 9.535701078342615 8.956167260729814 4.123173304758129
46200.0 7.939675 22.602954 8.406511502958068 7.811635241130104 4.118999913900488
46300.0 7.043104 21.112009 7.3451042816005705 6.726008937133136 3.763707627496796
46400.0 7.705238 19.723017 8.176912840397478 7.696563273287971 4.416472411862907
46500.0 6.981934 20.602502 7.224101387631604 6.735463169433537 4.4245918968797255
46600.0 6.826464 21.536609 6.471088265379018 6.290131219892909 3.932820366891914
46700.0 7.345455 23.292111 7.493125807259964 6.98123745545675 4.273456037548142
46800.0 7.553075 20.849295 7.511439263304783 7.275622225588785 4.4532935696230584
46900.0 8.399396 22.716142 8.778703921046203 8.265265413687883 4.113224798684447
47000.0 8.329468 23.073632 8.182404619009278 7.75616740803588 4.323281547211429
47100.0 7.842364 26.679091 7.626884641519556 7.289868091059201 3.7436839526356738
47200.0 8.686089 25.378112 8.658470278374109 8.186356802226792 4.442104763436399
47300.0 7.369715 20.081642 7.530851446869318 7.047414585117031 3.660604330393792
47400.0 6.307146 16.824560 7.077023005216232 6.469398265243788 4.012689960469908
47500.0 6.055311 19.090690 6.8459683970666765 6.098693817536087 4.005223126503642
47600.0 4.950067 17.643718 5.804010485864307 4.999618156343778 3.886864446099465
47700.0 5.927266 17.307173 6.243766407222922 5.7352029932156245 4.39762747722561
47800.0 6.516023 17.554123 6.689661342052892 6.344029786631173 4.509847803029372
47900.0 6.595305 17.736707 6.830913369833632 6.48398548221326 3.8552667331710975
48000.0 6.901270 17.653248 7.148777794454893 6.750689036069447 4.181559450934442
48100.0 7.341128 22.022980 7.469651680317118 7.096055980580754 4.371231117967012
48200.0 7.835715 22.162849 8.008689817454984 7.723408844916254 3.823861785020496
48300.0 8.775608 28.025195 8.708081181986854 8.30167853391016 3.900021445116884
48400.0 8.679270 24.328911 8.63378078516346 8.192757148855458 4.275332618967235
48500.0 7.978913 23.185476 7.632452835752551 7.312303818063445 4.23618086606596
48600.0 7.024271 21.809389 7.334158997299346 6.8358991650272145 4.289468858337744
48700.0 7.147014 19.086849 7.275181196262039 6.853770041679983 3.8081201529383413
48800.0 8.103310 21.457892 8.562900930990539 8.095410981635059 3.932077991803548
48900.0 8.095298 24.066661 7.750299572654852 7.645492246008413 4.079359712372424
49000.0 7.421792 22.563039 7.664583931899433 7.228188091361566 4.091044588736558
49100.0 6.646812 16.093441 6.936138179643142 6.570325142515751 4.268438248511945
49200.0 6.922156 18.026248 7.6165557814068805 6.934767467328211 4.234050519518263
49300.0 6.637035 17.204027 7.3796313203983575 6.8035526979701935 4.480336359663456
49400.0 7.328445 19.954258 7.521642359006118 7.1203124623561305 3.7390126095109184
49500.0 6.531929 14.769134 6.495698035092275 6.348253111515191 4.043195104357696
49600.0 7.355404 21.471389 7.613432375722564 7.193429953440232 3.7488269227206965
49700.0 6.839168 18.770772 7.043682075322578 6.733655806556963 3.8097973367453175
49800.0 7.715658 18.536210 7.9049699993131615 7.5170578706138755 4.188876539527384
49900.0 8.075580 24.303109 8.07341891268567 7.706224025211437 4.078521524350453
50000.0 7.709227 25.027126 7.648490386163562 7.236093939575026 4.122231160298049
50100.0 8.143742 24.419997 8.334443956340607 7.9277053207815 3.8372838355552648
50200.0 8.248562 18.308726 7.91523587416565 7.673150321240086 3.840127646143586
50300.0 7.971347 17.994639 7.82334250897592 7.6196632858342195 4.292380077837107
50400.0 6.143557 14.354182 6.394551403766305 6.0517944153151175 4.197447862376095
50500.0 5.290675 13.625203 6.228825165064168 5.565282762052378 4.286927695373186
50600.0 6.585508 15.148398 7.23627199955698 6.733493559624331 4.253129678510399
50700.0 7.404625 14.341872 7.913588106572148 7.469001876958115 3.9493575848442926
50800.0 8.368120 23.125416 8.40912611452894 8.026697928980774 3.598313296343726
50900.0 8.678575 28.387248 8.473087645110054 8.058920389426975 3.781791788446828
51000.0 8.388163 21.900904 8.880920451121053 8.140337747827388 4.1521511011726435
51100.0 9.865044 28.454185 9.519425676323179 9.242227526728056 3.8466135178656944
51200.0 9.572930 26.481582 9.338417379373418 9.01380419069207 4.457397574377748
51300.0 6.965735 21.496112 7.099524821788089 6.6480141613502255 4.115224875217244
51400.0 8.137048 26.340247 8.241742154691261 7.692387332592279 3.7231110902434934
51500.0 8.673882 28.294640 8.39649958078585 8.010536215347996 4.225506891551141
51600.0 7.809510 25.112561 7.951820014912639 7.348662420189706 4.155529946201715
51700.0 7.405702 20.895965 7.729722089683588 7.265451677560598 4.3789237229923375
51800.0 7.493652 18.520463 7.6835321227685585 7.131685917780317 4.129476871564367
51900.0 8.322838 22.916708 8.533740074360898 8.045463380135436 4.115140311965269
52000.0 9.277390 28.216614 9.142626934439145 8.598963313782658 4.102570463077334
52100.0 8.781771 28.318992 8.555661988897526 7.967071133470839 4.247487838347391
52200.0 9.445451 29.522601 9.12096867440282 8.856799636526093 3.918380845430138
52300.0 9.929663 31.479932 9.376570566552415 9.02063385380519 3.9773146587414168
52400.0 9.712412 32.116282 9.378320129415592 8.925187133415317 3.9465640946254377
52500.0 9.943568 32.036420 9.474448978328043 9.210865593075223 3.9161109387337603
52600.0 9.049533 28.569175 8.50085629619043 8.263252578940474 3.8521233300015343
52700.0 8.085430 20.968053 7.690910195775034 7.620981121521537 4.164239724865492
52800.0 8.258718 25.117242 8.609636757443925 7.979863347155462 3.993642129664221
52900.0 8.530328 28.458207 8.309685018043016 7.964086450368437 4.544208516248047
53000.0 8.170574 26.036688 8.171825788480042 7.826027685271621 4.356568306000134
53100.0 8.176186 23.737635 8.242049623019271 7.7198213678833145 3.7411762203977914
53200.0 8.182615 20.816560 8.296292209042697 7.889800190519219 3.8472441451654706
53300.0 8.576969 25.335537 8.093284562253514 7.726758227454683 3.73745156418746
53400.0 9.101094 26.727436 8.95766065066703 8.432268831811864 4.009222115453981
53500.0 7.369059 21.472613 7.275467517740045 6.924491298690415 4.236890598619481
53600.0 7.557061 18.512698 7.840980046653686 7.21362996648805 4.048160383970939
53700.0 8.290741 19.635399 8.282316865001244 8.08912811517463 4.07463490114083
53800.0 8.175280 22.923844 8.093204518475348 7.7055274455611995 4.072811067996604
53900.0 6.457440 14.182068 7.047585992779179 6.533597504032433 3.867702808470364
54000.0 6.574930 15.408703 6.645200234431206 6.367536683853689 4.1798292613703
54100.0 7.291677 18.358182 7.121721236807415 6.853213299649586 3.9452765452948992
54200.0 6.899662 21.216963 7.021334008699619 6.473471438374809 4.370787231932528
54300.0 8.144999 25.033041 7.947174629737341 7.635977900011614 4.118152931612119
54400.0 7.873448 21.225415 8.063389189104461 7.514611423912644 4.057828697811595
54500.0 9.217792 26.525971 8.827324257137672 8.544549996895888 3.926825635978284
54600.0 8.796795 26.656508 8.406562855631403 8.206525001632901 4.223071207648021
54700.0 7.216853 19.898534 7.794795788217216 7.228107924815998 4.0338966420239935
54800.0 6.724712 21.063057 7.0081308839917416 6.428535108021024 4.14678607440957
54900.0 7.118537 19.975524 7.2488091517254585 6.887188101040881 3.797590404367288
55000.0 8.156389 25.858880 7.821715545013259 7.498236214869113 3.827992278862562
55100.0 7.911312 24.080758 7.904136803824083 7.421282013575963 4.272034985850165
55200.0 7.752222 23.825054 7.695017914971392 7.285263346694015 3.690677467210379
55300.0 8.133858 20.391604 8.238598719372572 7.807174226424873 3.979859934852868
55400.0 8.184349 25.974019 8.623601608324773 7.995628880755897 4.1388159531350475
55500.0 7.988361 21.548194 8.176656249502765 7.618571384354507 3.943767305660829
55600.0 7.908361 21.168068 7.882437680857891 7.414375237757847 4.173101354618144
55700.0 9.650771 30.755792 9.330037710634631 8.776477068082874 4.039620422532203
55800.0 7.366427 23.059319 7.633649906584047 7.05328284361997 3.644393955070343
55900.0 7.727643 24.258447 8.049777881973455 7.5467233644635465 4.154264778582242
56000.0 7.301073 22.791812 7.369891689364551 7.118463308306106 4.229955601006166
56100.0 7.370219 19.436429 7.691195132582842 7.2737073812976245 4.019374154321393
56200.0 7.544651 19.650035 7.858330760108693 7.351517273067042 4.334934162521418
56300.0 8.346306 22.024924 8.433608157126832 7.952391530908423 4.05000649271952
56400.0 9.590725 24.278490 9.670692531115389 9.263413044109992 4.013663714051877
56500.0 8.207922 24.182470 7.96861577387294 7.746074459118163 4.095021421957017
56600.0 7.054433 22.633779 7.3414440905665375 6.820302110919476 4.271612051509739
56700.0 7.583138 22.999148 8.117918712707466 7.472252137177703 4.097287459400684
56800.0 7.949757 23.298764 8.090561711262854 7.6546630921408845 4.356788903965715
56900.0 7.363970 23.202383 7.377629587062151 7.003542211268682 3.935065514982523
57000.0 7.592028 21.397677 7.919316880625432 7.398587890732331 4.422600308050459
57100.0 7.440368 19.437413 7.6757056232554595 7.305085456283975 3.697745873365323
57200.0 7.612578 19.349182 7.315029245323152 7.136329933942965 3.867765958707904
57300.0 6.583541 22.203165 7.192016612431988 6.5808905282690064 3.474766114435793
57400.0 7.126768 22.437462 7.228749770769061 6.786939641759083 4.4744217058647155
57500.0 6.373519 19.546733 6.704196019190418 6.276756854381059 4.397360507815811
57600.0 7.049430 20.874070 7.062648781266386 6.621214677934113 4.448128383367268
57700.0 7.520592 20.334062 7.4349953950842655 7.158309680094537 4.014985127855767
57800.0 8.223728 27.558202 7.585713430676796 7.409964813292025 4.101653788446509
57900.0 8.094326 22.508271 7.816657377698049 7.566157269929474 3.8650231130261825
58000.0 8.101438 21.565121 7.7587635213479205 7.4244043461948115 4.095438196749205
58100.0 7.580931 24.224024 7.772901048487819 7.145395190099938 4.30226754524956
58200.0 8.102546 25.146577 7.975620763211821 7.608539897302427 4.2351560857924015
58300.0 7.385161 19.030683 7.648577786133097 7.262843539790859 3.7947004415884513
58400.0 7.207114 18.343837 7.199360027504985 6.69248548469417 4.125605868984554
58500.0 7.227445 18.847421 7.345763660193778 6.800212985910706 3.9131725878132393
58600.0 7.571625 17.585657 7.582642451246172 7.327157988544177 4.028128245290127
58700.0 8.872824 21.454047 8.619611162699792 8.330656098391005 3.7246431271353266
58800.0 7.692530 20.657971 8.334200345141973 7.530586351089207 3.961688722516047
58900.0 8.267169 24.374333 8.241202280126739 7.8712382183918885 3.9653161854523185
59000.0 8.065558 24.440996 8.020889528520486 7.830814445862118 3.938953444735327
59100.0 9.375142 29.274512 9.172553904178153 8.894171054681527 4.131009852527331
59200.0 9.418485 26.642388 9.134348795604199 8.887156524474133 4.143417252211123
59300.0 8.293381 26.090069 8.359435611372747 7.939507871124795 4.049218678837248
59400.0 8.832009 27.632885 8.475120247232683 8.188135497004048 3.6221993408465454
59500.0 8.837960 27.049741 8.385879806169452 8.14495101790806 4.261446154438064
59600.0 8.184867 26.285236 8.24117348332447 7.834068127029363 4.2844024764326205
59700.0 8.439056 22.373658 8.328307662927084 8.02654538028896 4.110879751581955
59800.0 8.146965 24.640816 7.764059481824071 7.418614930992779 4.375846251021597
59900.0 8.548010 27.287663 8.20882390290371 7.93661463067056 4.0604095070450485
60000.0 8.440017 25.994372 8.155050588753133 7.961547287137006 4.27545475943513
60100.0 7.172896 19.077809 7.043525754888685 6.845223430987687 3.873159371658952
60200.0 6.961043 17.172596 7.164538051826883 6.750476557396685 4.521451643269723
60300.0 7.432502 23.100402 7.5095584575861505 7.290512877196973 3.905157202103183
60400.0 8.636166 25.642149 8.57026750004209 8.24613369789041 4.029399293121344
60500.0 8.689293 23.407333 8.709862507437128 8.350122087184007 3.673833615916203
60600.0 7.462666 20.219387 7.996873670338802 7.482444319361052 4.038733058675193
60700.0 7.636455 25.359979 7.600861951725142 7.277755690628854 3.9842734682281904
60800.0 6.954843 20.478680 7.211148506489785 6.851592184613856 4.423864330250719
60900.0 6.917345 19.566348 7.194934143542415 6.915490706721692 3.9294293632333477
61000.0 6.987461 20.680685 7.1029037628601595 6.781018611961588 4.205536840571612
61100.0 6.494952 19.223252 6.832997354576278 6.463397434441248 4.096236363649166
61200.0 6.606230 18.727584 7.190220851565816 6.718489254931285 4.232714343653308
61300.0 6.614737 14.267306 6.722197190855444 6.579316709856428 4.027809027107913
61400.0 6.513946 14.774479 7.196294920155502 6.586839279320502 4.235285137810495
61500.0 6.519277 17.692414 6.612540012640474 6.287467893677249 3.709607576458512
61600.0 7.149133 16.364270 7.292949062754702 7.001561624022033 4.040231606535787
61700.0 7.225123 16.567740 7.120593990895456 6.949291136787429 4.236867871753501
61800.0 8.200635 25.315790 7.962408282046249 7.723761514352552 4.233278478057264
61900.0 9.322021 32.098074 8.847806418699614 8.507972832324118 4.35335250201636
62000.0 9.644912 29.797418 9.095091514999305 8.814008655769914 3.707449691286631
62100.0 9.674021 31.801580 9.429961950169249 8.944130676688403 3.519081765974684
62200.0 8.664069 23.510925 8.667390041009211 8.09455409519023 3.948440836932095
62300.0 8.485910 23.334848 8.744844307722474 8.179060339590464 3.839541670958514
62400.0 7.847699 20.846437 7.827782911209519 7.583411706397486 3.8857789159421414
62500.0 9.661030 26.256059 9.392421171135409 9.159224890299326 4.360464489619379
62600.0 9.266251 27.969689 9.297727223075967 8.757978779378837 4.285738234776724
62700.0 8.188872 25.033088 8.017132916404899 7.6913377199456905 4.1254416465082855
62800.0 8.509516 23.595556 8.298953118578623 7.974742394915498 4.197056509494329
62900.0 8.745398 23.155662 8.8439140165599 8.370109612193932 4.2205423869947545
63000.0 9.195147 24.005332 8.924027547297241 8.635740213037163 3.7065667452520947
63100.0 7.691119 21.032447 7.581657436880287 7.295763820229189 4.1686919879734425
63200.0 7.714160 18.863507 7.963749757772945 7.655256379119133 4.096308065818393
63300.0 7.249382 12.042851 7.504262585763223 7.170164036069543 4.1788273293368325
63400.0 7.622487 22.367052 8.340575764343871 7.591335455323546 3.9667297075855426
63500.0 8.118377 21.957823 7.933133297767114 7.6981691282893765 4.015865787656562
63600.0 8.625322 23.084861 8.536867868084775 8.137792999106285 4.1037319290936685
63700.0 8.648826 27.705987 8.705835954653942 8.07249167665169 3.9403748469771904
63800.0 8.386764 22.543029 8.54625540619936 8.091133024877081 4.389550715855476
63900.0 7.774767 19.915222 7.777067713307567 7.4673354712050735 4.187964708485727
64000.0 7.968033 18.947096 8.079026352146983 7.670094236137778 4.02331964793965
64100.0 8.838470 24.611695 8.629968732588743 8.279630618209852 4.328232062803895
64200.0 8.007422 17.537817 8.233949095587798 7.718546550355624 4.457991411515454
64300.0 7.427281 17.183113 7.687124537867923 7.139649870253725 3.849615063060684
64400.0 7.260828 18.170733 7.65546593934486 7.126467539167428 3.863737153985925
64500.0 7.882587 26.668435 7.772911117593116 7.352300669702342 4.045524118350873
64600.0 8.298735 22.810082 8.30460473312611 7.936026715702974 3.864863721866916
64700.0 9.408882 29.251092 9.29056030744438 8.884898153254523 4.242950062119937
64800.0 8.138953 24.946426 8.093044263611082 7.666343344160347 4.183845440601119
64900.0 6.600135 17.963365 7.2102667872498865 6.599673093558393 4.20589700530061
65000.0 6.593753 17.889372 6.937486901732026 6.508580544992646 4.207608018868829
65100.0 7.270564 20.638965 7.313100440594665 7.015463948517264 4.3805665237372144
65200.0 8.513928 26.224881 8.891565575183458 8.30560229940137 4.003553605530608
65300.0 8.480445 25.141395 8.46384532948865 8.059879391226747 4.101240133913571
65400.0 8.057343 20.565434 8.275646886735178 7.862304374341626 4.04728523983476
65500.0 6.995579 23.017281 7.4315134607424955 6.875757721016834 3.906316588031398
65600.0 8.309014 24.222184 8.480754945916855 8.062475187330184 3.831427974878936
65700.0 9.337183 24.718346 9.506026067279244 9.07507355616605 4.079260587457943
65800.0 8.498039 21.819327 8.97735573045633 8.497491180463289 4.455382774806989
65900.0 8.117409 22.907999 8.07838107396439 7.679386902847551 3.7495637193885973
66000.0 8.051136 20.443925 8.49999301232238 7.9207437038670525 4.2558449508296
66100.0 7.131006 18.392628 7.619325911756364 7.204799921163127 3.6531374802052965
66200.0 8.094747 22.581472 8.355322202199805 7.865788888948846 3.7145695131263263
66300.0 8.938059 25.771701 8.908490611619941 8.398847497524127 3.5684355018460074
66400.0 8.884933 23.325834 8.493951604096978 8.314563880195813 3.8261724497896457
66500.0 8.833978 25.978683 8.7902342583856 8.370188627143753 4.095138212359868
66600.0 8.650351 26.738274 8.83941820120778 8.298127967204731 3.498049302122865
66700.0 8.486390 26.367501 8.225107806972964 7.897324295241866 4.270495323180004
66800.0 8.571717 26.785843 8.591494923031616 8.249788701028175 4.223664735481528
66900.0 9.052091 24.967705 8.874913435093877 8.639938452297445 3.802722853624585
67000.0 7.690480 24.778820 7.660247528549644 7.3641133501060825 4.061727986435013
67100.0 7.702831 24.476665 7.842024651337898 7.356380172139167 4.327978233178291
67200.0 8.045936 24.407838 8.128398010496346 7.770364531317 3.9700917062261643
67300.0 8.488743 24.451100 8.6846313847605 8.289305205669283 4.296958064323423
67400.0 7.557414 22.252350 7.56068100389255 7.261452242464771 4.593446079995105
67500.0 8.027023 24.751682 7.706226664780316 7.3839700568768665 4.19907791572365
67600.0 8.216718 25.115164 8.681860137554905 7.9317879990882 4.358142117192777
67700.0 7.990387 25.606918 7.821759284211084 7.4349444514129495 4.203608928511999
67800.0 8.115473 21.974847 8.192857010419317 7.614263257621929 4.289440760026546
67900.0 8.236188 24.514345 7.768176742407481 7.6378192840814885 3.9297665896719467
68000.0 9.084522 24.217386 8.649151860588605 8.397708297787162 3.949679922110007
68100.0 8.712731 25.423233 8.580205175104716 8.295455419607189 3.891896845788396
68200.0 8.236871 26.158780 8.362461711793589 7.907446553315178 3.872457250773872
68300.0 7.830128 19.600102 8.018323651542797 7.51032634012699 4.127762814045128
68400.0 8.172439 23.746778 7.868646842610461 7.678502996737695 4.194856839583618
68500.0 7.614192 20.913863 7.729382042588883 7.253374479549768 4.478611064019183
68600.0 7.359734 16.516016 7.554791961390474 7.1325465577902945 4.114161897718228
68700.0 7.704248 19.470073 7.981250089249075 7.529831953179177 4.206219274833176
68800.0 5.621479 16.180035 6.12940717882353 5.491186149972979 3.6857698724204733
68900.0 5.841414 18.744114 6.187249975256405 5.5930218055168615 4.2755406242375855
69000.0 6.267317 20.251633 6.4578458063839355 5.835454157592711 4.177622562458985
69100.0 6.003067 21.252293 6.542464698332742 5.912847219331199 4.7865266996417875
69200.0 5.965536 12.736320 6.218223149160453 6.023176447266234 4.170371367957682
69300.0 6.283723 14.778115 6.926409825615683 6.511237256319544 4.0534714876894755
69400.0 6.571870 14.163175 6.699913712143064 6.392091798886056 4.168790104108151
69500.0 7.368650 15.361486 7.536436483736991 7.279481561198103 4.271959027440403
69600.0 6.598101 17.265564 7.117686336657735 6.625789018516567 4.442703588664712
69700.0 5.893093 12.645296 6.2355548989997445 5.939720054000366 4.235140409532963
69800.0 6.291378 16.185685 6.758316707266364 6.343325424262617 3.9132925686502102
69900.0 6.528368 16.201307 6.218743122247108 6.063554747923039 4.415004100486407
70000.0 6.522145 17.053091 6.877039341061384 6.470486563768925 4.025202924992951
70100.0 5.054206 14.043476 5.65593875458673 5.100266822467648 4.45832367182819
70200.0 5.265940 14.574075 6.166501749905015 5.539117175015532 4.548689117322476
70300.0 6.037351 17.191088 6.648512890884914 6.0540810336972966 4.522706901452081
70400.0 5.994702 17.514730 6.773746972621707 6.177732377089344 3.8577126261346675
70500.0 6.472536 19.641706 6.47900248611521 6.204374477430685 4.045733423336544
70600.0 6.511637 17.725986 6.89788084515056 6.457773754977802 4.360147859430859
70700.0 7.973584 22.380525 7.974976769299252 7.556783419657223 4.494926317743907
70800.0 9.471494 31.024865 9.607335788244466 9.040079991323562 3.7355907317183035
70900.0 10.148601 32.701006 9.615751858572464 9.269680724508925 3.7233170661738773
71000.0 9.547036 28.454464 9.1310046603583 8.900755168881865 4.163254665115578
71100.0 9.247195 23.445817 8.982773585706633 8.634934888105514 4.048827203501144
71200.0 8.296788 20.655448 8.385571441336563 7.948214349564671 4.144578062875534
71300.0 7.960104 20.229064 7.8351752279757365 7.750417474013801 3.900145085437174
71400.0 7.600071 21.864790 8.013432714351772 7.457697890982956 4.0633722885474794
71500.0 9.528761 26.013161 9.197573406301037 8.913785955910559 3.969726648660847
71600.0 9.254764 26.796753 8.805973760779148 8.458986579059134 3.914558480902002
71700.0 8.384871 26.545688 8.01067992769188 7.773793651927939 3.9569006869618755
71800.0 7.656013 23.636045 7.775289364593863 7.163537242802238 4.216267700220046
71900.0 7.004317 17.354457 6.974203098257106 6.648750498506937 4.3158454941417865
72000.0 7.025632 21.377626 7.130916420040758 6.466949229073025 4.407509851938632
72100.0 6.617131 18.943878 6.573682655076164 6.258699840450111 4.496388293378483
72200.0 7.899611 23.819513 7.501174089371895 7.217958825032104 4.108248047067534
72300.0 7.439178 22.627073 7.904163723912129 7.202790005575614 3.8211441118438376
72400.0 8.787931 27.766449 8.349903107228716 8.092833781967522 3.744217542367503
72500.0 6.991959 23.004314 7.153789867445345 6.515892756084745 3.8679462615691125
72600.0 7.372185 20.175852 7.78114304803805 7.267609070108813 4.038967599932759
72700.0 8.396205 24.430416 8.084512656530315 7.890361388574048 3.577987534191418
72800.0 9.655034 28.209798 9.511704104673502 8.966414846080418 4.040983986621617
72900.0 10.298968 31.147399 10.017541925699735 9.631888308766847 4.095392397317409
73000.0 8.344179 23.946630 7.985992388902493 7.725296660478695 4.351392228583417
73100.0 6.792516 17.869348 7.058684543312655 6.466400932144958 4.336451173289163
73200.0 7.890770 24.817240 7.735459827083923 7.2639499323194645 4.295654237403036
73300.0 7.824494 25.792064 7.905910418283343 7.403278809675492 4.106755381568392
73400.0 8.132305 21.764838 7.948069722436026 7.618365554377081 3.93428384993853
73500.0 8.372983 24.008086 8.382807172379096 8.094081480011859 4.080463204681459
73600.0 7.263344 20.763366 7.397391441748701 6.992089431129972 4.608686656794327
73700.0 7.804749 21.498047 8.027411948165541 7.5578389306499725 4.023767729152416
73800.0 8.240246 23.038937 8.180582772228453 7.977750527712304 4.1493801188536255
73900.0 7.783617 19.954810 8.032967560870814 7.700704331851504 4.206550274816941
74000.0 7.558786 22.993092 7.969083107132906 7.368291159610879 4.3540991168380305
74100.0 7.513638 24.631552 7.544028149137898 6.9880837040746275 4.0972782286846705
74200.0 7.872273 22.078305 8.050356626623989 7.551172498427702 3.9813849761997298
74300.0 7.350239 21.274907 7.541548677945883 7.137257445383915 4.2819377061065
74400.0 8.652441 23.508145 8.497488703282444 8.151255982602978 3.879274110872997
74500.0 8.498059 23.371432 8.384590336732778 7.937670038980179 4.521505320357586
74600.0 7.455539 21.289964 7.86902084869449 7.39404291284404 4.108614412089242
74700.0 8.923038 22.112489 8.98737614565658 8.510700970585074 3.82505930309695
74800.0 8.167140 21.112432 8.084514373426906 7.759239918827644 3.9597647792710133
74900.0 8.841611 28.470773 8.377765182578944 8.266795336168503 3.7644727394867252
75000.0 8.078153 26.793653 7.948141022593563 7.527332120740812 3.9061009498334593
75100.0 7.218927 19.832318 7.81612656636314 7.190897614540451 3.9392888194695983
75200.0 7.460858 22.673045 7.692240834586001 7.001772303057579 4.091495510092288
75300.0 7.846432 24.211550 7.99884229528714 7.4823814287483685 4.019708084278284
75400.0 6.844240 21.380809 7.0022264881358725 6.634710303187673 4.328512908112045
75500.0 7.331137 23.015805 7.560113470840669 7.112394080389478 4.280165641258545
75600.0 7.840761 27.512337 7.757752972102864 7.3518644481754105 4.135599912448695
75700.0 7.613841 18.140991 7.850572170844199 7.417626982203942 4.122197974246588
75800.0 7.804211 23.877074 8.190901864726806 7.636645609639859 3.7808548631946923
75900.0 8.323193 24.478393 8.066124210360949 7.76930893264845 4.547763233883107
76000.0 7.074291 20.881155 7.563328020506031 6.925302440247326 4.2313822444820435
76100.0 8.210605 26.759828 8.1737566586913 7.78694918972053 3.8365002375990827
76200.0 8.581776 26.957970 8.526349483706497 8.043744461057019 4.257891523757443
76300.0 7.479590 24.394979 7.405507428065462 6.972543057733731 4.177276870383748
76400.0 9.084183 28.308775 8.345937282351395 8.250849131401177 3.9639343822825452
76500.0 7.005039 24.638811 7.037090171834098 6.709617195369468 3.793184958664292
76600.0 8.052440 26.517587 8.060419717605365 7.679685077153155 4.114416747627349
76700.0 7.932533 23.204560 8.1777352166454 7.5745123515307595 3.962204547229852
76800.0 8.458893 25.670800 8.091221887968192 7.914962691566196 3.747588695511371
76900.0 8.255511 22.252797 8.268996255407833 7.900385494479846 3.887206563162124
77000.0 8.090211 24.641346 8.353151607536388 7.797669096372787 4.320706506837892
77100.0 8.227198 24.929976 8.186150274583703 7.819454629879957 4.555113670163132
77200.0 7.632816 18.116839 7.745020001361987 7.4597724694815755 4.122417733413094
77300.0 8.146078 25.500779 8.198295713657721 7.825070792616088 4.003756790745962
77400.0 7.482633 23.614678 7.627064193786199 7.14654626969931 4.729963406028189
77500.0 8.319746 24.828226 7.463776970350805 7.408361691115288 3.8812111514361662
77600.0 8.853343 26.483710 8.617668332223635 8.297874382829992 4.0028297868057345
77700.0 9.604434 25.484844 8.999003433653312 8.782675404940852 4.397940121641411
77800.0 8.884743 25.724119 8.381232138012093 8.15296160344033 4.153466418704287
77900.0 8.009788 24.290482 8.092229680198113 7.6088428185533 4.077905169066474
78000.0 7.795728 21.987400 7.860305798941221 7.548505347788681 3.902955204232925
78100.0 7.947338 22.389592 7.494604501350433 7.33833378534775 3.8864733856040266
78200.0 7.285272 22.454895 7.777123171968937 7.130862821300991 4.296072874000569
78300.0 7.697143 23.642188 7.648588986912401 7.1346836396430655 3.922126353752266
78400.0 8.565727 22.058537 8.642297578075532 8.16596747927401 4.339426226652265
78500.0 7.888497 24.444984 8.033224345986351 7.545234335463041 4.03974806866345
78600.0 7.262234 19.627756 7.2822240959799505 6.9259751252983826 3.9853663222519473
78700.0 7.145613 20.102334 7.3144587218500074 6.880504061571113 4.462936919614
78800.0 7.612604 25.458364 7.426687572813356 7.044798892748692 4.334985582727179
78900.0 7.113104 15.952258 7.586684275965669 7.1001289007232575 4.125665950731907
79000.0 6.674899 20.170265 7.070113127043779 6.645939329518783 4.519914408117666
79100.0 7.381764 18.853626 7.720919309866319 7.296525878845827 4.092002495033475
79200.0 7.958086 20.651321 7.9196881437818565 7.739032866249626 3.7601943434218152
79300.0 7.475564 24.057021 7.41482206438825 7.132430870068731 4.62505784323844
79400.0 7.900399 21.792929 7.635137013010217 7.363478371468501 4.05470706717744
79500.0 6.980968 22.799455 7.292387516409151 6.690427461185813 3.793868478530147
79600.0 7.658727 24.147066 7.463280631732614 7.088733725157447 4.09153434007975
79700.0 7.487862 20.346230 7.457495918272921 7.015056910380422 3.8897532540501114
79800.0 8.306898 21.940576 8.138385879695871 7.978493653130006 4.058192128440447
79900.0 7.208082 19.778474 7.336089891291607 7.003450939866919 3.8376804481890883
80000.0 6.064790 15.247698 6.861830231204527 6.29508084617644 4.181307488283688
80100.0 6.399873 15.693606 7.057799588970417 6.467916462603391 4.168510691712208
80200.0 7.169178 17.939039 7.822071585399254 7.2313785987250085 3.975690111653648
80300.0 7.110276 19.895794 6.869576529805335 6.690085333487896 4.40186653029583
80400.0 7.425490 23.709897 7.516254578485275 7.124519790659452 3.8444715202537565
80500.0 8.343346 24.870601 8.661874414029064 8.09266428655746 3.9218765714707726
80600.0 8.533268 25.698584 8.285387657248458 7.9742344244783006 3.985708025792615
80700.0 8.360064 21.206430 8.378057375630306 8.117391273019955 3.943532159658499
80800.0 7.144119 19.341506 7.696118358239622 7.014156185305261 4.380817711010684
80900.0 7.811264 19.774642 7.627238357561789 7.3535207441553165 4.046661581458619
81000.0 9.171437 25.982740 8.922812918696767 8.58374283565221 4.123526176516825
81100.0 9.386273 29.366790 8.949697830841897 8.631546508615058 4.40983931594699
81200.0 8.722470 25.285785 8.665578443199008 8.330527126787368 4.143798456469774
81300.0 8.681690 24.383529 8.352305832627483 8.198253518156951 4.104266328042999
81400.0 9.225329 26.815530 8.8741312973748 8.536074163059276 4.238450035765079
81500.0 9.340688 27.953284 9.401190553144252 8.866089345180322 3.8484712220537074
81600.0 8.930630 25.241466 8.735007257032827 8.417057701546641 3.9685372259510836
81700.0 9.956127 26.678326 9.836832995813682 9.442875116264457 4.090556905872078
81800.0 8.810025 27.311997 8.508711591544866 8.145739346207275 3.876636129739028
81900.0 8.787401 27.208195 8.740698501677787 8.25333859216785 4.309898246442129
82000.0 9.697018 29.206943 9.145810918660496 8.940708084301962 4.073343513411584
82100.0 10.434785 34.134034 9.835746363302382 9.579247199127893 4.124388866163454
82200.0 10.223472 32.814400 9.888626566803362 9.539337889794645 4.012772762504576
82300.0 8.416917 23.908450 8.017795023662254 7.783761427797307 3.7034634479810995
82400.0 8.645914 27.734973 8.7080890698433 8.257791990392558 4.219033853894878
82500.0 9.193064 29.840764 9.336793231481543 8.722637979987924 4.06635195358948
82600.0 8.600365 23.799664 8.56398756865338 8.217006082874036 4.135930557356753
82700.0 8.416364 23.485131 8.367778686614287 8.096804800102419 4.1265231885274725
82800.0 9.103689 29.116576 9.023194385585544 8.602883282474824 3.8053850694571616
82900.0 9.592457 26.267135 9.589945624239858 9.159386084635814 3.796047520354139
83000.0 8.741025 27.447752 8.720777869680079 8.202576854607498 4.341290721883846
83100.0 8.792484 27.276084 8.835385076940861 8.322987181071793 3.9518131516539485
83200.0 9.893693 28.269509 9.515843360210162 9.38673202613717 3.8755498425611687
83300.0 7.606997 18.965890 7.516321775631253 7.16773960739745 3.9195068511037747
83400.0 7.128008 16.928375 7.609122864696425 7.132185222472508 4.311423026433912
83500.0 7.822355 18.237255 8.233108808339516 7.929340496142612 3.9876612933556923
83600.0 8.606825 22.680018 8.811734882249594 8.32237602054701 3.960610556060938
83700.0 8.564871 27.471395 8.200299688966355 7.8479037390562985 3.975029588684252
83800.0 8.239791 20.945370 8.330990177999094 7.878638056140873 4.1468524684856884
83900.0 7.211608 19.788673 7.619744465366641 7.033376817275521 3.9529067185357376
84000.0 7.135924 20.188699 7.299634646306409 6.758080864483485 4.1240975719723805
84100.0 7.783814 19.358249 7.687050042003054 7.430634967606252 4.16025170014343
84200.0 7.573372 18.010282 7.83392361042603 7.395735082909857 3.912899980215668
84300.0 7.911689 21.607795 7.996857586643406 7.716756703187825 4.239211706031085
84400.0 6.875808 22.738777 6.783172168594067 6.449656043570703 3.937433385744807
84500.0 8.011718 25.192638 7.856397738552845 7.454726192945454 4.062153145879816
84600.0 7.845325 26.544457 7.915644206151471 7.3657302140938175 3.9578936340712043
84700.0 6.913336 19.382165 7.052141739296008 6.59419455850673 3.9938946053839457
84800.0 7.329136 18.652377 7.60919902965624 7.1645166044337065 4.173647295868856
84900.0 9.022418 25.812727 9.010921475630814 8.684995435088995 4.0550261069683815
85000.0 7.418471 20.125866 7.620226402251726 7.050971215474185 3.8685401740137833
85100.0 7.439765 21.681008 7.445627726370286 7.025992668851342 4.249383168372527
85200.0 7.676269 21.619826 8.227550207577588 7.673052497583544 3.8288398638294963
85300.0 8.031350 23.002425 7.8119846820639545 7.432987097581812 4.093927323845726
85400.0 9.572298 27.345611 9.265211032840298 8.941846175695325 3.90502810986789
85500.0 8.667446 26.368438 8.627097416871667 8.193799266484636 4.135569671191413
85600.0 7.718670 23.300659 7.302057736444294 7.067545886437823 3.9917026221120815
85700.0 8.233628 21.455994 8.504669366563244 7.983625470410747 3.8135154715503656
85800.0 7.194294 17.888754 7.556950263006113 7.181878853366456 3.750996976476132
85900.0 7.301694 18.232293 7.721732880972431 7.262330641167816 4.029661929304082
86000.0 6.621444 19.077208 7.219433494584802 6.653887958195627 4.279552877455901
86100.0 8.000289 22.346145 7.985968711074355 7.643500911662695 4.143833330439253
86200.0 8.459795 23.930134 8.233241032501702 7.940604956741414 4.30253421620642
86300.0 7.157154 18.703229 7.448461050175292 6.923466667149669 4.029373851050563
86400.0 6.986571 19.091516 6.926180516953194 6.573186876442843 4.030439534038289
86500.0 6.617600 15.276102 7.173989338193612 6.45402179590653 4.325491593525006
86600.0 6.116209 19.507665 6.781294897340963 6.068780944430749 4.084822003512389
86700.0 8.055157 20.161488 7.77007881458073 7.4721127415035085 3.856612397122413
86800.0 8.829339 25.864903 8.826358714596468 8.470722410840123 3.6956866412169287
86900.0 9.425018 28.160048 9.257529527103705 8.948262152071168 3.961058880030053
87000.0 8.630495 24.333641 8.977054324020559 8.456201170073255 4.155680786529898
87100.0 8.186075 27.885421 8.003582263915227 7.793379119464785 3.7963972990652888
87200.0 8.016516 19.109072 8.33902563622084 7.9479098357972395 4.4920104062004755
87300.0 8.057458 23.229402 7.928588005059878 7.766681417493951 3.9286199951319904
87400.0 7.933829 21.746850 8.23336006201704 7.820469276617401 4.238026465218689
87500.0 7.145570 18.437906 7.402035261009185 6.978270555771702 4.104378965570059
87600.0 8.285834 25.139716 8.217140891135005 7.931299661151346 4.3135699207187175
87700.0 7.892521 20.966151 8.01004410718554 7.626683784354589 4.186750046478982
87800.0 8.290917 25.591602 8.472117994391999 7.8328895540013175 4.429112604922916
87900.0 8.667630 27.704538 8.812763918616934 8.352925713329105 4.0480876604249465
88000.0 8.813593 22.936994 8.791659537065204 8.45449695915222 3.792126435627952
88100.0 7.658611 22.735003 7.585544823268026 7.154321980772683 3.9920944244652814
88200.0 7.704183 19.122941 7.935096166183351 7.53630292468031 4.160890696540104
88300.0 7.441662 17.097961 7.5231617043393415 7.173035322872972 3.8550295508238723
88400.0 6.868951 16.277633 7.113423640942805 6.636852702336299 4.1436144536520025
88500.0 8.226479 15.631328 8.52098612417735 7.999516821921526 4.065498164179703
88600.0 7.159532 19.021765 7.3327471277165195 6.85139002600395 3.7501873627542732
88700.0 8.357820 25.030594 8.5273592538206 8.128471387953885 3.948233130530931
88800.0 8.808822 25.087073 8.83443527362373 8.482668349238825 4.265986879313722
88900.0 8.128088 20.911386 7.690202976676267 7.59779693808732 4.007671804620571
89000.0 7.386905 19.837921 7.57518477272566 7.086470216638548 4.241043651840908
89100.0 8.342083 19.125087 8.265015396956791 8.07423829205387 4.126739156249171
89200.0 6.973144 19.577561 6.877525996810598 6.496369052551364 3.58809295623976
89300.0 7.172401 22.813167 6.924286825519937 6.6315419035157905 4.018362984753733
89400.0 7.297265 24.493343 7.652825230120211 7.1442957599856225 4.494746555323763
89500.0 9.675690 28.490633 8.914008947156184 8.656929840995364 3.872312860853104
89600.0 8.844870 27.251314 9.065539711069173 8.477591168088441 4.2888179900299095
89700.0 8.506675 21.448939 8.379845054526738 7.946727285011758 4.248293980657596
89800.0 8.577200 26.539109 8.696365197299638 8.126021951675675 4.142219784014545
89900.0 7.644998 20.405854 7.915493415267279 7.474959107443357 4.487802260876759
90000.0 9.063236 26.487527 9.081390653289326 8.73538219918215 3.859192371099655
90100.0 8.305713 27.824168 8.054303159727805 7.710419925591717 4.088555437722012
90200.0 8.825277 29.160990 8.777189582794685 8.23907860589138 3.966703870647086
90300.0 9.407592 28.211859 9.534110960292114 9.071023206064654 4.075216410404901
90400.0 10.146289 32.824686 9.822438345953703 9.42493439561734 3.9710099663417333
90500.0 8.647771 26.596729 8.39546496616843 8.059109419847598 4.024535458848455
90600.0 7.562402 18.349749 7.651659680735856 7.304835414596324 4.469809163905051
90700.0 7.790917 23.757798 7.685521231861903 7.289811214118092 3.7802426127978097
90800.0 7.456485 20.751451 7.648600392377364 7.124978134819453 4.143739728218708
90900.0 8.335767 27.693658 8.407540447776595 7.824326386161447 3.9304093913734275
91000.0 8.323676 27.069391 8.42727800659698 7.979621129892815 4.025875930303045
91100.0 8.506322 26.301952 8.130089409075234 7.730258358264395 4.065640503907968
91200.0 8.649014 26.506849 8.313247409841068 8.052227941925242 3.9625270294722537
91300.0 8.245360 22.637234 8.399669924813683 7.967963033292287 4.003376307974427
91400.0 6.682594 17.406312 6.808913053932357 6.557432780212779 3.953560050037306
91500.0 6.348428 12.564312 6.493955875147541 6.047675820329728 4.192969762366655
91600.0 8.193618 20.531908 8.034403379659073 7.749090075431099 4.318051226910522
91700.0 8.501799 24.789969 8.550555226179 8.117632696566304 4.064001033138434
91800.0 7.438931 19.203922 7.797650810397522 7.249117334424535 4.205319114523111
91900.0 8.123116 23.226717 7.575039296091998 7.495837228795763 4.062746129919757
92000.0 8.543260 25.148603 8.300420966592952 7.995910515468733 4.2604976071496825
92100.0 7.285393 25.237787 7.259766856434246 6.71558937588808 4.179333667954092
92200.0 7.409143 23.415917 7.340752672680376 6.9413649669969075 3.8365724996529815
92300.0 6.331922 20.245719 6.585916483525598 6.11943790529593 3.8725897404531984
92400.0 7.242248 23.071552 7.050545544509534 6.636157300798935 4.098975181999054
92500.0 7.554785 24.173172 7.656471280394615 7.212002311084744 4.061909903639745
92600.0 7.884614 20.671158 7.96372913988929 7.683372584011703 4.14793329203616
92700.0 7.717106 20.084114 7.976674450285163 7.544625261389722 3.853189538178503
92800.0 7.530565 21.037891 7.556878655300225 7.2148015587621845 4.166173600391716
92900.0 7.864766 20.256360 8.015546912218346 7.483055793007991 4.122350627036959
93000.0 7.630245 23.955301 7.454384447425538 7.1180153774353485 4.104746512177817
93100.0 7.386053 21.803446 7.492366688063799 6.942961018363705 3.99819945237845
93200.0 7.785485 21.630589 7.73083071148527 7.271306472925933 4.162121522914755
93300.0 8.767573 25.580580 8.446678678034116 8.123548384770165 4.2217695477101795
93400.0 7.966920 22.943286 7.944057406041404 7.6699282098455805 3.9457080737432335
93500.0 8.783182 24.363397 8.500173823116222 8.354046651957315 4.135467421589313
93600.0 9.367250 28.171135 9.473864583585474 9.042301396371894 4.005098802741777
93700.0 7.770963 23.215441 8.440419244024081 7.744811349146666 4.104195885256582
93800.0 7.722828 17.852419 8.20978901370683 7.831625925380988 3.8846960747224784
93900.0 7.817139 16.843359 8.169896215191484 7.846604393833199 3.926548746463728
94000.0 6.792410 14.729057 6.877116723537082 6.492976175506833 3.782282042347145
94100.0 7.374853 19.638771 7.728142802658644 7.289085489499048 4.593733822062214
94200.0 6.966709 20.578806 7.063830259100177 6.745924004480355 4.045934694337674
94300.0 7.722761 20.349569 7.975454169362581 7.47390867765937 4.596435197669538
94400.0 7.860819 19.802042 8.279620988286387 7.817521652493742 3.9482628076732773
94500.0 7.026619 18.207157 7.236876887005338 6.818934242795354 4.178635170409325
94600.0 7.260680 20.851551 7.32892959689899 6.97767684991439 3.910274808814062
94700.0 8.518054 22.829936 8.565050196775688 8.144721285779276 3.819777834266557
94800.0 7.686173 20.707445 7.382054121025213 7.223369603966064 3.840276039157379
94900.0 7.469095 20.435829 7.247822235081665 6.9736007577309245 3.760164886912349
95000.0 6.671005 22.553105 6.36645008271747 6.092589593062199 4.167812519781933
95100.0 7.397145 22.527283 7.769964706161914 7.170502773301505 4.309218669681726
95200.0 8.682506 25.124097 8.066644544403482 7.959289564700843 4.121886242623617
95300.0 8.257427 23.457888 8.020172418534782 7.66772074525837 4.3406521864961745
95400.0 8.514703 21.876063 8.764791724064988 8.230819832738806 4.0937170596963925
95500.0 8.441505 24.182200 8.171757802924311 7.908283494584277 3.803717831123303
95600.0 9.343318 25.419267 9.2562723273426 8.760547720156412 4.016112627460166
95700.0 10.432309 32.853326 10.388302477975468 9.930655231325929 3.906365611982568
95800.0 9.435021 24.347496 9.375114786823467 9.115196779891072 3.8933133525374095
95900.0 8.739543 24.524154 8.90928604197164 8.574892397193178 3.9355589694540303
96000.0 8.590504 26.630482 8.624661022390688 8.288545536113533 3.5998383554530395
96100.0 10.036087 29.114203 9.670873254516263 9.3404636054174 4.374093112329085
96200.0 8.863581 27.853929 8.656746854544307 8.359984320296125 3.7186658650080258
96300.0 8.977303 23.241282 9.031271975153528 8.4617599802234 4.129023863036202
96400.0 7.672287 21.385804 7.8077734839832065 7.303685826598398 4.228275144100535
96500.0 7.403696 23.322496 7.446139666293231 6.896162806311439 4.28580792281146
96600.0 7.614204 23.804127 7.549039041281444 7.250138455690307 4.249340236385222
96700.0 7.975207 23.035898 8.177337908345878 7.7500396726347045 4.214822087035144
96800.0 7.535057 18.396794 7.736723194952962 7.38936982971272 3.878553667935835
96900.0 8.157282 19.695458 8.1330788201552 7.669513253801607 3.916725960922782
97000.0 7.960843 24.114140 8.069965190944648 7.4641243960901615 3.9633399298441385
97100.0 7.651623 21.396929 7.861468282345468 7.3383060402529985 3.7479630393037606
97200.0 7.732418 22.386633 8.041708666391113 7.469070704028967 3.892001738981949
97300.0 7.554572 20.722699 7.464199890770126 7.076376007709266 4.339593190662557
97400.0 7.291985 16.917965 7.405997303272985 7.047428753810013 3.8069812703591572
97500.0 6.205924 15.549174 6.622860366813795 6.228822071728246 4.167926396415114
97600.0 7.151001 17.069722 7.279508949182097 6.907576611016726 4.180478421083721
97700.0 7.360370 16.616644 7.30876119073528 7.060938678729704 4.322744937549261
97800.0 6.250694 18.791635 6.441647574847897 6.060212138768243 3.8521063762802417
97900.0 8.640970 27.025698 8.455933058751732 8.050247137119987 4.121393705543421
98000.0 7.836783 23.397994 7.827062123916892 7.369304680202815 4.104193317941374
98100.0 7.859840 24.921163 8.144102728297241 7.60094054154356 4.487325363454811
98200.0 8.122008 26.555719 8.09556893502428 7.721876080964 4.1637879931492625
98300.0 8.283002 25.437775 8.307623261918087 7.733165151426595 4.384993184426114
98400.0 7.216991 21.706015 7.191289404329433 6.772981976335544 4.346816027707841
98500.0 8.290369 22.162046 8.336289067053643 7.866200606024127 4.236048524581207
98600.0 8.689860 23.544002 8.951475922081446 8.295406626044501 4.227448917559209
98700.0 6.933935 24.465936 7.336955969962132 6.75228572078489 4.393317111085697
98800.0 6.936554 22.206637 7.021050637624408 6.496070271647341 3.898652669917665
98900.0 7.740955 21.152293 7.917743962987844 7.556240476128622 3.8233751577909727
99000.0 8.694739 24.103152 8.8480207921549 8.432586267279337 3.5993476996332237
99100.0 8.281438 27.020177 8.819644153737675 8.116629958949604 3.569835976653565
99200.0 8.082713 26.116274 8.422808427365217 7.855990489855275 4.242590144581202
99300.0 8.033974 20.784586 7.932704153506123 7.721447103100179 3.8695214614925884
99400.0 8.429139 25.110659 8.12625717048202 7.879507233244728 3.9502812535300658
99500.0 7.740543 21.904742 7.6078879721882755 7.283870537790481 4.28263406716166
99600.0 7.033503 21.525988 7.2601106555384085 6.822969117005745 3.6533391243238116
99700.0 7.187616 22.221092 7.142000652286137 6.761530807086673 4.03603964528879
99800.0 6.488784 16.857630 6.562270404084826 6.325302435187685 3.881806057184369
99900.0 6.680810 18.526408 7.237474487835524 6.659188018296216 3.8974375312685647
100000.0 8.089963 23.602250 7.651641369815049 7.608213488635199 4.108942971767688
