# t rg re s3 s4 s6
100.0 5.136730 14.726662 4.640707870416403 4.766265645077413 1.5953699115099973
200.0 5.014937 14.427540 4.48114545052129 4.554260743098473 1.684785876537562
300.0 5.329640 16.598581 4.819352608566998 4.9463260874411485 1.8088030809930675
400.0 4.880796 11.492483 4.472426697951814 4.516644033634651 1.6783697541332319
500.0 3.854323 8.033929 3.518265267117022 3.5972322467328426 1.7095302848442768
600.0 4.733800 12.842025 4.22192639075703 4.332136711776566 1.7288946075827483
700.0 5.927794 17.827883 5.2327317748419375 5.349934130131041 1.582380319490116
800.0 4.806640 12.196851 4.430749331774972 4.482703282143899 1.7714911811735057
900.0 4.253246 9.670576 3.8949558404824396 4.001438094396926 1.6237513114655484
1000.0 4.656636 11.643754 4.311291935091488 4.316305589112547 1.6732698271901805
1100.0 4.849309 14.019689 4.406937011286718 4.470528122521324 1.6685471034379982
1200.0 5.075619 13.080640 4.529087597765128 4.623113922996094 1.7524510253691972
1300.0 3.904473 8.050327 3.688206899992074 3.7187772430755186 1.6485694152051127
1400.0 4.482518 9.674832 4.12023697885781 4.194298500506151 1.6090874015606371
1500.0 5.408474 17.091929 4.753268227770612 4.8698874382397355 1.7083154734791457
1600.0 4.532462 12.661025 4.183176863074462 4.221324406537377 1.6779923036844926
1700.0 4.180673 13.915463 3.5991179142549754 3.7557305020845426 1.5968142584410032
1800.0 5.067165 15.332902 4.569518955615716 4.696475122808168 1.8204604307519285
1900.0 4.761479 14.353160 4.322549540478422 4.425596407736541 1.790109987900077
2000.0 6.270943 17.810257 5.549978229303167 5.6370917525599955 1.777349520838969
2100.0 4.874011 12.218047 4.537558534081297 4.617095478118392 1.8232943538879918
2200.0 3.962332 10.441633 3.6825953296413756 3.7163415491689507 1.6955834050276803
2300.0 5.230427 16.128105 4.562938760475444 4.704567797884022 1.6379944514816336
2400.0 5.592593 14.436808 5.037297233594149 5.11379524774431 1.6362330051926932
2500.0 4.239382 10.511009 3.9845170724326757 4.003227984033569 1.7749452466742532
2600.0 3.987562 12.387751 3.61359271724829 3.646689471788857 1.5574487087577127
2700.0 4.926136 15.669624 4.421083439777884 4.534068714881816 1.7187802872691733
2800.0 4.097304 11.518978 3.7109802823154068 3.839738262316392 1.5605080033169656
2900.0 5.478521 17.692036 4.742329997811563 4.8628396154975855 1.6954923107802284
3000.0 4.775577 12.826846 4.4124654514454145 4.5186183220358975 1.7722951328633492
3100.0 4.705995 14.029304 4.142553075255559 4.233841805407402 1.6880435796606894
3200.0 4.341183 7.543335 4.300416415146982 4.282276724289168 1.7817502255310929
3300.0 5.062910 12.596642 4.808147678319255 4.860950628963689 1.6826335565895818
3400.0 4.987428 13.835468 4.5005838920583 4.544908184352192 1.765104746121929
3500.0 4.726681 13.781128 4.170710848439136 4.246896032673307 1.636292759533069
3600.0 4.642146 14.556107 4.026949112995016 4.103949297363796 1.6996705683180864
3700.0 4.671783 12.986658 4.13814046840818 4.20688474527864 1.5280105153670427
3800.0 5.132007 11.583247 4.681573151517444 4.688726484458323 1.6406669654033792
3900.0 4.852187 15.834095 4.101737880317711 4.22242235944737 1.6984623077128889
4000.0 4.989567 14.290409 4.501949387442215 4.564353503212214 1.7023504078515221
4100.0 4.746534 15.003183 4.109441669576017 4.199627332222471 1.631080832841542
4200.0 5.369121 17.212431 4.860107851743019 4.923710825982755 1.727783826967295
4300.0 4.775787 13.978153 4.239864351146716 4.360610695766683 1.5886334394563846
4400.0 4.695852 12.671069 4.315647228579807 4.3628318129301205 1.8581395979125088
4500.0 4.461973 14.112988 3.905589753754788 4.016769161653868 1.6473234245942907
4600.0 4.802384 12.459739 4.346092088231384 4.430271096705134 1.6231794356082931
4700.0 5.244465 14.842783 4.740541213899584 4.832210847797301 1.8387045657867722
4800.0 5.193277 13.217077 4.823524771563882 4.937262895556289 1.6864280326994394
4900.0 4.777539 12.315924 4.478956294520485 4.525166265122499 1.5910994002839494
5000.0 4.886951 14.850192 4.320259889345073 4.450768771757674 1.7296334838401728
5100.0 4.637495 12.294460 4.102270791058713 4.2094489101470325 1.7052795513501
5200.0 5.004559 11.917307 4.770146560551203 4.795596220617062 1.7096979524969753
5300.0 4.583370 14.207411 4.046995651576437 4.174106573499217 1.6525859677580585
5400.0 5.312700 16.004675 4.624639683990989 4.741738863790436 1.659077422950799
5500.0 5.543853 16.282552 4.8586645526183565 5.004284985032897 1.7290194144339497
5600.0 4.434483 11.038454 4.127528588936355 4.130734034601579 1.5841377566738444
5700.0 5.094410 12.885048 4.603597537548101 4.6834197508394215 1.7115563149606767
5800.0 5.088525 15.664759 4.615678705220292 4.702758730304082 1.738263647063058
5900.0 3.765726 9.220363 3.6610011217296092 3.6528475344140534 1.7276775230027575
6000.0 4.554070 12.242689 4.16374412031784 4.227490750881775 1.6963818292186612
6100.0 4.670023 15.189073 4.033911919972579 4.139424279843454 1.7352156797357468
6200.0 4.303261 13.006795 3.8745894757596875 4.040909850413244 1.716009665731385
6300.0 4.481320 14.767860 3.900499301669852 4.011309682590739 1.7289972455690996
6400.0 5.605278 15.324800 4.967238997580839 5.077772178198418 1.808133500209736
6500.0 4.404744 13.492834 3.960836342558433 4.037005019697954 1.6657542638750333
6600.0 5.805869 18.346105 5.118092619994401 5.193246994594515 1.7398618069619751
6700.0 4.602173 10.800402 4.305521173036021 4.331280448538519 1.6880178061230056
6800.0 5.229231 14.338176 4.82143015916749 4.932557012155369 1.7524007740882157
6900.0 3.634130 8.305517 3.5037569825086607 3.4856511438068107 1.8365749861631893
7000.0 4.937865 14.557453 4.262409189944039 4.405673534442094 1.598733247314733
7100.0 4.601035 12.806980 4.081357092456416 4.121553702166494 1.696074770127628
7200.0 4.753543 11.050539 4.472274367142981 4.520111180716975 1.6638897159079913
7300.0 5.271752 12.857384 4.817395411072479 4.837919906849619 1.7020770569880923
7400.0 4.759336 11.328258 4.428861896612897 4.43624312916148 1.784519439814467
7500.0 5.272927 14.120780 4.677130783031576 4.712102698578802 1.7150374957773427
7600.0 4.969233 15.137506 4.453759728720256 4.602787250457157 1.7012745905932196
7700.0 2.938867 4.024261 2.776939758618595 2.818809636896481 1.7104414932845988
7800.0 4.224968 12.834579 3.7995696016182725 3.8447413711101612 1.6719237736338926
7900.0 5.170537 13.013186 4.836905219265236 4.942521136088228 1.5659359935830726
8000.0 4.408010 10.113127 4.034417702622834 4.107019665459006 1.6029869200109876
8100.0 4.618913 12.872034 4.1648717988229675 4.247365515041305 1.6847993425744803
8200.0 5.016084 12.099712 4.631425333219596 4.676268042300866 1.681375363142785
8300.0 5.737385 16.461774 5.094801618073999 5.270188535211472 1.763611492692867
8400.0 5.105072 14.469127 4.640547967875126 4.661280489573751 1.6139890391017306
8500.0 4.800647 12.505390 4.366839749043392 4.420189939417642 1.6764979422839357
8600.0 5.687926 16.486531 4.995523755566566 5.031919195949875 1.6996016240551721
8700.0 3.999847 12.805493 3.6492853539060457 3.7094760708713608 1.7086585910225627
8800.0 4.629016 13.744417 4.196439441571853 4.260224148676904 1.7408902610940136
8900.0 3.827078 12.476837 3.466816590417715 3.5031333902014103 1.590858267532924
9000.0 3.557245 5.522287 3.3518813155950693 3.3535093204872557 1.7067158194136898
9100.0 4.024775 10.766901 3.68036251042485 3.768773541663915 1.6685896147225352
9200.0 4.616553 13.148034 4.25181742290625 4.357290461020656 1.6679719335803271
9300.0 5.394991 15.570535 4.8205676587455715 4.962857705300113 1.804201221346391
9400.0 4.672981 12.025992 4.123385844125304 4.239021682656666 1.72201847222049
9500.0 4.453215 12.196824 4.254488432271278 4.240509877751578 1.6610520921867153
9600.0 5.582501 15.374053 4.919331593838868 4.9361632966192905 1.7756547282307316
9700.0 4.086331 11.819142 3.5976037605221185 3.7163519801367015 1.7223883814467178
9800.0 4.459423 9.892631 4.247851317990747 4.262432852271586 1.6178173448942519
9900.0 5.062991 12.587205 4.634205549670084 4.704766733055908 1.6408482369475794
10000.0 4.720849 11.203134 4.347028052315632 4.341798879589171 1.7539627269739102
10100.0 4.009753 8.889798 3.7700830181340863 3.836699216101056 1.6317890099597978
10200.0 5.639702 16.959870 4.850472829755683 5.027163863241921 1.7435830871467115
10300.0 3.939570 11.705572 3.6486051305681877 3.677478745954906 1.6738949040147104
10400.0 4.430310 12.970302 4.011485927673342 4.167259600568665 1.7519013044918739
10500.0 4.476518 8.354381 4.2800387476537 4.29158972179742 1.6823165030742888
10600.0 4.958954 12.153096 4.476756099030926 4.498316963922812 1.7493420063606906
10700.0 5.788894 17.387199 5.134625434913466 5.216001406381054 1.7711259989915729
10800.0 5.277527 15.428447 4.644817671542066 4.7539965088717615 1.6351791158279951
10900.0 4.494315 9.792423 4.382951875013559 4.327050313031701 1.8312768910605377
11000.0 4.664628 12.810180 4.3521269385167045 4.368932416872424 1.692213260917459
11100.0 4.754549 15.442231 4.294892832726647 4.405959122191258 1.6052639392032855
11200.0 5.370850 16.031198 4.657185731807909 4.830226358682041 1.6958779043833119
11300.0 5.315832 12.666892 4.911461544294683 4.906679359739373 1.6553058977848714
11400.0 4.428677 12.891801 3.987685583874445 4.044251992577324 1.7498602450160785
11500.0 4.556778 14.165614 4.096804663148757 4.178646158857883 1.6750608277803352
11600.0 4.560214 10.233166 4.323633325658235 4.396362625843763 1.6647686623738969
11700.0 4.655694 14.106801 4.121651971516338 4.2718968849546295 1.5943980040835852
11800.0 4.851039 14.168170 4.392238737132873 4.466876279433998 1.623609316672806
11900.0 4.939797 13.116174 4.588539494135966 4.543931073360996 1.757166010524395
12000.0 5.784999 16.157165 5.180091895441177 5.301776286365434 1.722422984854387
12100.0 4.628179 11.583227 4.368805243983567 4.385623085349836 1.6920008108316067
12200.0 4.832093 14.636106 4.284271004177904 4.362162875596648 1.6126417757008933
12300.0 4.086825 10.131107 3.843489938711742 3.922059260793944 1.7165640234544792
12400.0 4.052065 11.849487 3.701960789818533 3.788676467791791 1.6833761472541426
12500.0 5.072642 13.979140 4.517300811722932 4.600224258948892 1.740339556263772
12600.0 4.542253 14.163202 3.9573192564345616 4.038445339119255 1.6250378486466615
12700.0 4.708159 12.979872 4.245936674442857 4.243779542516211 1.618002836417453
12800.0 5.281109 12.953535 4.956074388822331 4.967157824456479 1.7609274223640374
12900.0 3.725477 9.775965 3.324041953128912 3.3936428824588942 1.5722307741298172
13000.0 5.368812 16.029571 4.773767385682022 4.841513744611761 1.7333348767637753
13100.0 5.338329 17.384525 4.554941145390889 4.701023695024706 1.8057964732957124
13200.0 4.807560 13.641633 4.262663680407619 4.363119910901967 1.7779985181903715
13300.0 4.545592 12.065812 4.128574260627408 4.149558338949606 1.587565341441886
13400.0 5.081730 14.482463 4.5601346589516805 4.725309124171866 1.5666435960479899
13500.0 4.685590 12.793532 4.293934122085868 4.275287034534622 1.7411012836651716
13600.0 5.480527 17.667042 4.754574518976156 4.94199638768419 1.6741689969940976
13700.0 4.897099 11.682569 4.635359861710557 4.600069452460339 1.7592366613085537
13800.0 4.937857 14.021320 4.386458899581204 4.471505818901143 1.7559887853267107
13900.0 4.633228 12.803452 4.200211489190434 4.248869431692225 1.7353315876782065
14000.0 4.156478 10.460256 3.805328026258516 3.8844853001453576 1.643681939550208
14100.0 5.087472 13.974736 4.496722196173326 4.619043535759037 1.6835713013658054
14200.0 4.691589 11.867884 4.312034341258243 4.344722633275456 1.6677394133411874
14300.0 4.149694 11.169305 3.8252256167506236 3.8367583830080254 1.7075420243012644
14400.0 3.757616 6.754863 3.535654437381824 3.520252697826604 1.6899253252098816
14500.0 4.942682 15.800181 4.346866792990164 4.429545772335054 1.6073439402591816
14600.0 3.973386 8.199141 3.6910764946147268 3.758345363793966 1.58621052266789
14700.0 4.613405 10.574190 4.213318382575556 4.283805524300119 1.817758032313914
14800.0 4.333265 7.299140 4.151953638136211 4.130566683756164 1.7772046877168728
14900.0 5.767358 18.015946 5.078904254150809 5.210155467952397 1.7952147482935925
15000.0 5.053981 14.362711 4.449946069358301 4.573127617479046 1.6989972098015573
15100.0 4.254176 13.023999 3.777489638455315 3.9031299120768637 1.6789684018522943
15200.0 3.892684 8.754855 3.6916930118618874 3.6847784298896253 1.6465954017512217
15300.0 4.619357 12.990964 4.243379192129795 4.3144156625515935 1.8333851960598995
15400.0 4.182583 10.677151 3.889829320165788 3.944689269472878 1.4778999005465774
15500.0 4.569844 12.612149 4.152962222910091 4.202130871556417 1.7375198877846487
15600.0 3.827725 6.247008 3.5188148930387384 3.5280137434242045 1.660709689700359
15700.0 4.630927 13.008422 4.264334002597098 4.304809766267075 1.7304510302453429
15800.0 5.451619 14.588106 4.989844185717947 5.101777209169884 1.6328468211277687
15900.0 4.892039 14.267458 4.350195435082285 4.425016109393661 1.7593399347814125
16000.0 4.395646 11.585350 3.8378485801540134 3.9250977672315304 1.7017602771047076
16100.0 5.443446 15.952193 4.8712363730091734 4.949932006869672 1.7291996039056419
16200.0 4.027240 10.279604 3.6456178129452876 3.7034438605710656 1.5801232581296225
16300.0 4.513856 14.231540 4.061204206059504 4.190740801060964 1.678658434301558
16400.0 5.649862 15.062139 5.057126423765416 5.1793171791262695 1.7368379206635685
16500.0 4.795185 11.721406 4.453412149459306 4.451666400325529 1.696992535950061
16600.0 4.587889 10.115925 4.28063910080002 4.263989752927694 1.5850565369718501
16700.0 4.463994 13.375628 4.102222441292747 4.202665425442598 1.720257090477903
16800.0 5.114764 14.222496 4.578776917259369 4.683504643341186 1.6144442753596522
16900.0 4.981352 10.796701 4.513362851298252 4.6144353242822005 1.7084778831446565
17000.0 5.453429 17.498249 4.754626507359672 4.8937855013925535 1.6879522314143547
17100.0 4.136690 9.103789 3.731747314733045 3.769177610495707 1.6651142886867767
17200.0 5.417555 16.737107 4.687277305466356 4.8103370954590705 1.6798542596661772
17300.0 5.069204 15.481095 4.498507225176492 4.5649283907563705 1.67833512566941
17400.0 4.656930 14.699073 4.1610290088271595 4.239181053092977 1.7147726709651983
17500.0 5.564777 13.379284 5.15738700052057 5.213876455714107 1.741369546887044
17600.0 4.608336 11.777934 4.240159698029607 4.312583646345056 1.6463552202687122
17700.0 4.008964 11.021199 3.743346640178935 3.7608687593546026 1.692259476088423
17800.0 5.698114 18.235373 4.94846634974326 5.113388876315696 1.7951663264113087
17900.0 5.450973 17.260442 4.902680026567085 5.03364134459718 1.799789913293381
18000.0 5.932972 16.462462 5.28618176283078 5.38200889125403 1.706019436009577
18100.0 3.442135 4.862869 3.383940277502946 3.331261839082878 1.594612436578442
18200.0 5.746955 15.431650 5.345395031831203 5.388291910856544 1.6818698517065511
18300.0 4.895949 13.837965 4.471419204264346 4.548422639209105 1.6494411607750739
18400.0 4.326436 13.369447 3.8074340385213787 3.923837370190969 1.6751036581115957
18500.0 4.755907 11.575932 4.498183786720052 4.5366040191678225 1.7223220415372287
18600.0 4.282320 10.066579 4.002436486284295 4.030674070643064 1.7273821744691873
18700.0 4.854388 15.140355 4.210376648535049 4.350834875321839 1.647035249438428
18800.0 5.549164 15.967542 5.090449621388258 5.10941395734959 1.7374415674159944
18900.0 4.792245 12.909062 4.334366046618035 4.439582120838426 1.6805332859821045
19000.0 4.281967 10.624276 3.9200455385968707 3.9817054603462383 1.5937151756972825
19100.0 4.439387 12.894470 3.9955319536142846 4.107392402518983 1.7008380981826743
19200.0 5.245268 14.758618 4.586601994483362 4.679987829290534 1.683390406742882
19300.0 4.896257 14.209794 4.555753099289102 4.60997056809938 1.8092087294389683
19400.0 5.026794 12.428943 4.548626359592293 4.712166508323356 1.5935914461439655
19500.0 4.763805 11.764472 4.366184925397937 4.371006127971361 1.6817824037914504
19600.0 4.122246 10.799639 3.9581522703687457 3.9582977381668867 1.7279743444487659
19700.0 4.406258 12.177401 3.9513359404078954 3.983666205652938 1.6930118708790116
19800.0 5.154615 17.386016 4.38218867247108 4.569493683748762 1.71375696657784
19900.0 4.248379 12.114283 3.8609504005959505 3.947652408401784 1.5567883393609427
20000.0 4.653475 11.215702 4.272350774518442 4.348536847993507 1.6454699441955418
20100.0 5.002072 11.615203 4.677161899960839 4.695505454524315 1.6920472652522063
20200.0 5.254781 12.758285 4.924284484762411 4.9740219963246775 1.770089052084013
20300.0 4.791663 13.660910 4.365001073062411 4.41828255517894 1.73852995499281
20400.0 4.389718 13.752822 3.9095308060909373 3.9969605188937645 1.605472368036644
20500.0 3.350221 9.599866 3.0565385421094518 3.1332552983924837 1.7114993333592003
20600.0 4.864101 12.611819 4.352811633259463 4.467670669986785 1.6496261525290297
20700.0 5.407308 16.066929 4.90276606765931 5.019402590480693 1.7094956902636937
20800.0 4.357427 11.274420 4.074399697526322 4.097774063947502 1.6568940791710134
20900.0 4.809653 12.033945 4.413231549152171 4.460932936568677 1.6925282726112283
21000.0 4.444342 12.075493 4.068574703869961 4.162018481753034 1.5598177302219611
21100.0 4.778017 11.333939 4.391445518366819 4.4289493749968685 1.6294843256038172
21200.0 5.280054 17.064277 4.561223574745625 4.6957921938968346 1.5508475410127496
21300.0 4.521259 11.580825 4.089196606265516 4.154493965723942 1.7002339750750688
21400.0 4.348880 9.580649 4.104700857660137 4.132691156702903 1.7052859508164515
21500.0 4.570449 13.435269 4.116739731272031 4.201755205592182 1.6652746250983743
21600.0 4.385047 10.152956 4.034751861270075 4.155305134773885 1.6788444433188345
21700.0 3.660069 7.211552 3.5622466257510883 3.566691390297801 1.7343756728668294
21800.0 5.541365 15.482532 5.070093133404113 5.132661698507085 1.8241885436608718
21900.0 5.440875 15.316626 4.87931683191376 4.989312729645798 1.792052559635888
22000.0 4.007771 11.880418 3.6521167125269716 3.7683934961851158 1.575411100533494
22100.0 5.111394 15.023684 4.5747526595529004 4.597890613980097 1.7364929615162448
22200.0 5.338080 16.544475 4.809744297675844 4.918821269149955 1.7533945463514315
22300.0 5.812093 17.291329 5.051278153905177 5.178128216101017 1.7295913458010665
22400.0 4.994172 13.998808 4.489184555018081 4.629337601267972 1.6855053005754648
22500.0 4.259463 10.933324 3.8860613728943862 3.88126550349534 1.6584967649008855
22600.0 4.956324 12.919951 4.566870575780721 4.636609477678038 1.7910976562168337
22700.0 4.302261 12.444644 3.8120244502779417 3.911693998475934 1.6813084112326198
22800.0 5.323199 16.440660 4.786291825763696 4.902872242597094 1.7482309846017932
22900.0 3.923712 9.681445 3.715578189980644 3.7143760237135526 1.6839424733560382
23000.0 5.149025 14.989448 4.590760419450148 4.724352532660203 1.7158672030784061
23100.0 4.622385 13.353966 4.256012665088825 4.394465718340469 1.756076588545204
23200.0 5.017459 14.876975 4.498487538260881 4.594968154730193 1.7506128755800483
23300.0 5.056347 13.340897 4.638902009432117 4.673406235672045 1.6452123538599053
23400.0 4.832212 11.146396 4.538963785742919 4.608092998302334 1.7193674404815056
23500.0 6.067483 15.525889 5.527574908087 5.636218049369081 1.7912109983767057
23600.0 4.443654 12.447714 4.069966095966605 4.118161966525311 1.7588237760574585
23700.0 4.959664 15.766872 4.343972163508302 4.483631713978278 1.6643296532447287
23800.0 4.067722 11.818435 3.696492540695775 3.7712570323989145 1.7197415812964696
23900.0 4.683736 12.309669 4.3446654798425 4.391091962564167 1.650222967915436
24000.0 4.583566 10.649619 4.296204322333668 4.3639867817491815 1.6892004981932183
24100.0 4.718827 14.659187 4.2500586149256305 4.321446722692265 1.7049798373906402
24200.0 4.996872 14.843491 4.359765151846706 4.433754150170023 1.5352413353613277
24300.0 4.265209 11.751220 3.9376400269615295 4.017241305488825 1.638773448522352
24400.0 5.422184 14.399802 4.848965916857771 4.891224434498995 1.6722511086152496
24500.0 4.721281 13.066815 4.324694089183759 4.371879494225437 1.737212908487512
24600.0 4.916116 13.479574 4.464744391481782 4.5012963595985775 1.7241759896756765
24700.0 5.427401 15.849800 4.808499078480455 4.958687807883604 1.7043267483101523
24800.0 5.492700 17.395294 4.6437857178825395 4.8520114476040375 1.633879897963008
24900.0 3.573421 8.425978 3.464289323566537 3.4476120042967042 1.6118790679588562
25000.0 4.780852 14.150967 4.406865289878255 4.4725036089721675 1.6109274376183957
25100.0 4.180560 11.042496 3.7616431685467395 3.81180267725695 1.6345622620282614
25200.0 4.165970 10.512024 3.8138587205212793 3.9218836565218074 1.639425571543698
25300.0 5.061343 13.928994 4.400142981595943 4.522725355391043 1.7165392330585376
25400.0 4.456909 8.139943 4.249579197291402 4.2800747595580875 1.7216177543050688
25500.0 5.557203 16.565713 4.982588214580739 5.071841784996747 1.7086537816546363
25600.0 5.435211 16.661408 4.818531694457378 4.99572225248731 1.6812687253584282
25700.0 5.851750 17.917727 5.010183807704009 5.131592345678346 1.7211092824863117
25800.0 5.460466 15.429764 4.879310837057449 4.9852212185744635 1.5713668814832324
25900.0 4.676332 13.709322 4.119346859466943 4.166211140168231 1.7061349785145699
26000.0 5.299489 17.733126 4.543055587315435 4.679299996345345 1.6457042743088068
26100.0 5.579431 16.607588 5.0199488053648045 5.042724065400832 1.750780617863139
26200.0 4.816257 11.244202 4.492391186527724 4.605131335042732 1.589209033070777
26300.0 4.965893 13.340281 4.527122414579966 4.582901499898433 1.7037662581256385
26400.0 4.864298 12.283594 4.395290711346438 4.486435989538856 1.7358150404658748
26500.0 4.743275 10.942466 4.439224969591458 4.459571721114492 1.6860889884159567
26600.0 4.653388 14.509996 4.228900101568924 4.326313510108655 1.7096311794216452
26700.0 3.644132 8.762424 3.549403153165324 3.5416303539859846 1.716047089076619
26800.0 4.275374 8.328427 4.087526299241483 4.072072862056399 1.6150313218327825
26900.0 4.403230 9.643112 4.150010549672736 4.24889656501296 1.6593449131270133
27000.0 5.051056 14.115756 4.634570767169839 4.734317504515896 1.7547164791595353
27100.0 5.374759 16.303040 4.599813928232089 4.756940389371266 1.6552807257214472
27200.0 4.656317 13.536937 4.087734438630742 4.194833292082124 1.6548946525632633
27300.0 5.827152 17.194233 5.271892755450226 5.369449013667227 1.7118518894890689
27400.0 4.826109 14.384428 4.263056773778684 4.397603320081411 1.685716309454253
27500.0 5.391078 14.163003 4.89385750813028 5.047088661871339 1.728873078097558
27600.0 5.469811 15.149481 4.874314272484267 4.997267997511704 1.672756366761851
27700.0 5.667739 17.530335 4.874266349581618 4.98676151555788 1.711279474007696
27800.0 4.107036 9.410946 3.951794086266766 3.957872180991405 1.6194612430768376
27900.0 5.213604 16.592442 4.490951793260322 4.603912813100243 1.6971145487111428
28000.0 3.746399 7.947848 3.5608216672540745 3.5760240160533154 1.5371038703309996
28100.0 5.262208 15.506069 4.712614598691098 4.8230579649059555 1.7468218782035194
28200.0 4.673929 12.143718 4.156239735001245 4.223235785697275 1.5548804467290327
28300.0 3.737205 8.925693 3.4697032946180952 3.5490488760111525 1.598146757135515
28400.0 4.806925 15.019231 4.2439573353549385 4.332694665281631 1.6356985200150864
28500.0 6.108619 18.217740 5.3532171148887935 5.456053761702695 1.7345698857638752
28600.0 4.087627 7.866281 3.8974864421435576 3.896071502644178 1.7456733794157084
28700.0 4.923235 14.972998 4.278579979111134 4.475187886762793 1.5594195652372194
28800.0 5.617622 15.462451 5.123472785414889 5.202318411422948 1.7811074427969913
28900.0 3.868302 11.223080 3.6007720816054847 3.6409740994792408 1.7485081129587365
29000.0 5.346663 13.829233 4.824112025036785 4.835944566659593 1.698011716798123
29100.0 4.141680 13.033148 3.846204281621102 3.885093666041911 1.5951774276690194
29200.0 4.606051 11.409866 4.288060874935579 4.369458613710215 1.6704609974771862
29300.0 4.935796 16.778758 4.2666394786987185 4.407797342619686 1.647497862785872
29400.0 4.146312 6.694907 4.03443259275483 4.042057243741367 1.7414610039667775
29500.0 4.859912 14.810029 4.331223167229396 4.494700476410295 1.6098172597065497
29600.0 4.300363 13.464602 3.8341608111960577 3.957421669103174 1.6788780507387717
29700.0 4.392029 12.719533 4.012849412281576 4.0847112990023895 1.6759883874999293
29800.0 4.996607 16.209772 4.4623734897754295 4.534525346350136 1.7906525686392332
29900.0 5.094033 14.654476 4.646447836994658 4.6906817438778345 1.7865132369748946
30000.0 5.190319 13.574943 4.775237639862686 4.854471349430974 1.7445363497505522
30100.0 3.326848 9.041532 3.0405736442249767 3.0807915927962135 1.559835141344633
30200.0 4.480124 14.941670 4.091431117854404 4.1363705410328855 1.608876095765751
30300.0 5.183498 13.991783 4.669811390319031 4.724802872163803 1.866534202969137
30400.0 4.785918 12.107275 4.416860090090523 4.503203008662803 1.6768796110177553
30500.0 4.549867 14.121978 4.254061477221594 4.2882462075750905 1.6862834033670306
30600.0 4.256491 12.254951 3.9835231917096294 4.039749714014447 1.6263156836155075
30700.0 5.709145 18.163099 4.719902052403193 4.863100134757765 1.651782925900435
30800.0 4.557422 12.093807 4.11481031852977 4.19748466720161 1.7104197021939946
30900.0 5.113409 15.650594 4.578192979924127 4.671583517655572 1.716699417269594
31000.0 4.653647 12.261555 4.184479304331726 4.272176864857853 1.7005207694075561
31100.0 4.802693 13.613877 4.413482333918205 4.506768644708102 1.6846144945970691
31200.0 4.782295 13.214201 4.4147819773666415 4.503468223585226 1.6839865577510178
31300.0 4.560886 12.947649 4.18237358409038 4.29106111983482 1.6624243797945344
31400.0 5.144205 16.382010 4.570526034918838 4.692453207864305 1.6417443052287692
31500.0 5.176794 17.108294 4.566355964198797 4.710450672542603 1.701658228121199
31600.0 3.954729 7.977739 3.7429788194884472 3.7108372120945026 1.6441170795266211
31700.0 4.490965 12.749585 4.121937000015748 4.206062711301426 1.6748738016607023
31800.0 4.762956 13.238513 4.334301392269459 4.402375359798689 1.684713589287188
31900.0 5.217961 16.320951 4.442526661505539 4.59036852684465 1.837881450418964
32000.0 4.615724 13.718068 4.119354596245851 4.20969459934451 1.5703263689561606
32100.0 4.606279 11.409548 4.175270885156887 4.242800660937672 1.7847959896014889
32200.0 3.858897 8.550664 3.661177948354637 3.641001046569648 1.656198154430536
32300.0 4.491195 11.420516 4.079438065330854 4.233101617762015 1.4719122909944027
32400.0 4.048351 10.126417 3.867962285425855 3.8708811514764934 1.7947028238573444
32500.0 4.902378 13.189859 4.276261011777256 4.457738096311081 1.6901103921083003
32600.0 5.693681 15.571214 5.0411900801083505 5.142862794941983 1.691713648719272
32700.0 4.149313 11.522529 3.7595730803584737 3.8428395787949183 1.6922329508826481
32800.0 5.546981 17.361555 4.822720857997946 4.965551531482887 1.7524341825251393
32900.0 5.295255 17.059360 4.755992557423514 4.851326900867464 1.7604104917961894
33000.0 4.617788 15.842300 3.9552553141098623 4.092598658452313 1.607805828897607
33100.0 5.682230 16.614691 5.1217968708726165 5.1875776100813695 1.737665363323915
33200.0 4.289401 10.223686 3.9972176630766754 4.1030933617774785 1.6719535348170862
33300.0 5.871187 17.201726 5.214282106509939 5.327022659635563 1.6289588082203126
33400.0 5.172974 13.379526 4.868005641939052 4.925224808893343 1.7448320505644568
33500.0 4.016917 8.454882 3.8472895034697223 3.823083985139073 1.7084149632629673
33600.0 4.578941 11.761678 4.251282603430935 4.332224184301347 1.6186867713228648
33700.0 4.600301 13.950089 4.069493056481274 4.14504136153317 1.6227027930891127
33800.0 5.482925 17.005274 4.821945822183901 4.919311191823875 1.7425761781860112
33900.0 3.934895 10.514721 3.6484869494079475 3.7282510216403146 1.6153559575160064
34000.0 5.159504 16.397346 4.641161236153937 4.715435475321502 1.7364826096923962
34100.0 5.303232 15.349399 4.8369412912817795 4.9495863407712815 1.714294590501486
34200.0 4.615924 9.646422 4.302002771135678 4.377721014832259 1.6808271777986057
34300.0 4.460793 10.180269 4.13249936033173 4.180744228840528 1.590063410553776
34400.0 4.874698 14.925096 4.357168129959885 4.462625871124607 1.6909945086824734
34500.0 4.714103 12.713267 4.250850524842448 4.317291184794308 1.702704498752123
34600.0 5.199775 18.225722 4.343598835505636 4.452422745955508 1.8002072845037567
34700.0 5.680355 18.169768 4.953467350461468 5.117030453535216 1.691731200341928
34800.0 5.826242 15.214496 5.315782068968543 5.413670427168135 1.7637830612505276
34900.0 4.198742 11.897831 3.864480643406066 3.946802205269193 1.725460170525022
35000.0 5.297379 13.598809 4.933218821560178 4.97097363740578 1.7846748267794654
35100.0 5.217069 11.282295 4.807269515126493 4.921616451153783 1.6405000987283844
35200.0 5.006275 14.121694 4.494527302829974 4.573715958766382 1.6058078065797097
35300.0 4.053248 10.879709 3.7949905938635857 3.898073873275422 1.7378612513227636
35400.0 4.695734 15.423376 4.094926162875464 4.221296168140015 1.7576399525186732
35500.0 5.427169 14.333122 4.846290189939286 4.9510018544725005 1.7031482537860783
35600.0 5.533821 14.244816 5.164828905506381 5.247240654929294 1.7654952009936837
35700.0 4.961675 14.617062 4.369477034466884 4.43374172895985 1.7322667861856602
35800.0 4.100763 11.560727 3.7650215513655945 3.7931032491660828 1.6881207930207134
35900.0 4.942809 14.935366 4.501298074357812 4.580758193383071 1.7702158505359098
36000.0 5.529780 17.344062 4.945564285312428 5.096605293743507 1.7598314358646634
36100.0 3.832219 8.915214 3.46692204135668 3.5277888086540665 1.5830887342216755
36200.0 4.885088 14.352101 4.401401875554831 4.501083409423784 1.7857220542420336
36300.0 4.234697 11.194123 3.9591394619648894 3.9731683255117995 1.7300875628799361
36400.0 3.888942 11.070128 3.4872655733115203 3.611076713377432 1.650886203277125
36500.0 4.338302 9.184257 4.187927431404968 4.213398248722975 1.701615513314361
36600.0 4.659831 13.772934 4.2179483578977415 4.258616335013291 1.7230514422385996
36700.0 5.094289 12.798856 4.54599471263703 4.636421968258563 1.6559271310497383
36800.0 3.965625 10.690801 3.6462841198696614 3.727060619278694 1.6611994311458884
36900.0 4.888363 15.414894 4.315452789667306 4.439165273127539 1.79192700845935
37000.0 4.944784 14.063079 4.5067985591310515 4.600595816535003 1.7871319870276863
37100.0 4.520066 14.897585 3.964768835708919 4.141668901072733 1.561742749787712
37200.0 5.179378 16.243962 4.5776633596214715 4.712487406789835 1.7339322642334998
37300.0 4.032061 11.082282 3.834229358822482 3.900328739904818 1.7103870893001472
37400.0 4.707160 12.587404 4.377790709024079 4.416609437734234 1.5056974957642935
37500.0 3.951750 12.414628 3.492831181733022 3.594454515065252 1.7473286022249859
37600.0 4.921502 12.380899 4.323890066749561 4.425854075276816 1.6948285377392263
37700.0 3.891294 8.434822 3.5956971017634345 3.6721913595831643 1.5767155418592416
37800.0 5.378266 14.158973 4.7953140536194825 4.86457584240054 1.5576150081648292
37900.0 4.489970 13.177115 3.985118832130016 4.097256782665383 1.4961808491848871
38000.0 3.918501 6.945086 3.811465683397633 3.713431722383296 1.6736614834438828
38100.0 4.541406 12.607431 4.118953702607723 4.207329505444645 1.6963272108419751
38200.0 4.359914 11.666278 3.8332606355310817 3.943873000089904 1.5622507896847293
38300.0 5.439103 15.389838 4.81261919069914 4.903661464909999 1.639510132107959
38400.0 4.768519 11.597519 4.260724229439901 4.321104588649346 1.616766961935339
38500.0 4.731653 13.192198 4.249739862649734 4.295657610610756 1.6393061023339057
38600.0 4.361148 10.231700 4.156244521010605 4.1988457332037 1.828126492376495
38700.0 3.978651 6.676185 3.9447579527200167 3.9148876517053615 1.5817447676114589
38800.0 4.038659 8.274167 3.8737899042230675 3.929685551651189 1.6202953044487864
38900.0 5.219004 15.252131 4.649489364662768 4.715555037720617 1.6128653281069136
39000.0 5.266839 15.787401 4.626968629273631 4.724555992250296 1.6700915598851143
39100.0 3.897119 8.153474 3.6107182273438982 3.6502269742223232 1.7046999244534893
39200.0 4.301333 8.964206 3.963378552036937 3.9538028735776614 1.7396338035467154
39300.0 3.811546 11.477145 3.553984739003069 3.580872985946408 1.670692023182475
39400.0 5.323865 14.559228 4.843122048390821 4.866607784980984 1.7048674696546673
39500.0 5.872621 15.905314 5.373721254629006 5.392900696311564 1.702764431848784
39600.0 4.618679 13.263011 4.121576290182665 4.165186886410435 1.6070024959246856
39700.0 5.783727 17.262122 5.15216524732539 5.304223026927181 1.7898593331107644
39800.0 3.791272 10.826689 3.492038090746017 3.5599816302082217 1.6664564843331964
39900.0 4.682000 12.774762 4.352263943768745 4.378986312757386 1.6986476360398703
40000.0 4.916290 13.285126 4.376534582754967 4.445700090849269 1.6423828308455755
40100.0 5.075374 14.819947 4.468514615246666 4.5958624168735405 1.6508754873925575
40200.0 5.280147 15.613420 4.661388862778145 4.740903981912168 1.66154727560427
40300.0 5.386755 14.457867 4.834338380485133 4.8903874330197095 1.7038750366398572
40400.0 4.994248 10.206041 4.580501362695646 4.597143789920156 1.7136318814606781
40500.0 5.187180 17.765310 4.566357946268621 4.660526836136264 1.7502104929155904
40600.0 4.685854 12.916481 4.316455145767043 4.363812149683031 1.6931042520704693
40700.0 5.218023 16.000251 4.541941871286749 4.680058032657089 1.7132733461261265
40800.0 4.873891 14.949433 4.312400989361076 4.446466247294761 1.7758350610192846
40900.0 3.956838 6.924045 3.7286455257691804 3.810074478160276 1.6002558294704357
41000.0 4.788532 15.052211 4.17024368133767 4.395658491399726 1.586516304829385
41100.0 4.763273 13.765815 4.3882888546479935 4.4646585049192975 1.7341603113295705
41200.0 4.908898 12.359148 4.626924170293187 4.663459279101538 1.7687819086069603
41300.0 5.070971 17.235818 4.411155656658003 4.504517060276499 1.6974243243028948
41400.0 5.043380 13.797342 4.56292281009057 4.600861303783531 1.7555043730552853
41500.0 5.014778 15.553631 4.374556717895158 4.518930463849039 1.6209807251314654
41600.0 4.565458 14.171555 4.073373436844174 4.160122641592586 1.5610939169794442
41700.0 3.769072 6.341437 3.592291421017615 3.604484999144853 1.6993484163197436
41800.0 5.363949 16.747001 4.740152473203327 4.848579485443953 1.6373360132710428
41900.0 4.527854 13.484381 4.201822137466803 4.2758270130926395 1.6597646887547364
42000.0 4.668790 10.808724 4.189339563667718 4.308852837027528 1.657814154434216
42100.0 6.378359 19.031910 5.69428891069492 5.780238326351897 1.7402749669975226
42200.0 3.941640 10.793435 3.55911890373529 3.5895346352800477 1.5962615662572903
42300.0 5.329620 16.499831 4.631224680703327 4.725946153270987 1.6603857986023365
42400.0 5.188872 14.603777 4.661464714494255 4.787055882122644 1.6774826475980473
42500.0 4.678423 10.410468 4.291842154679206 4.34230974278315 1.6578334248373519
42600.0 5.225193 13.045902 4.663129184204447 4.772758661435936 1.7449207974045202
42700.0 5.172953 15.595270 4.571228336456775 4.65236497978321 1.6296611244546872
42800.0 5.057661 14.346459 4.5051657143629145 4.581402303118657 1.7690466968755796
42900.0 4.578380 14.830714 4.030255554010676 4.105986107764698 1.7157190311434098
43000.0 4.631831 13.560886 4.151751010699169 4.241332019285159 1.7430732030070482
43100.0 4.148362 12.328811 3.7866973724828297 3.8217568184523447 1.6574545080952423
43200.0 5.271817 16.682750 4.725747184612438 4.837457740692987 1.7289540743300797
43300.0 4.828062 13.221006 4.164782412201374 4.337311854886546 1.6244725264158046
43400.0 5.538388 13.431107 5.128183988491425 5.240532279718813 1.7521788661968674
43500.0 5.221398 14.634341 4.689211202973275 4.71689960118224 1.7276764613503988
43600.0 5.033204 13.542872 4.508787509791219 4.613643435839631 1.7153085587585521
43700.0 4.686092 11.874928 4.169025320431647 4.263905861969162 1.618422724522926
43800.0 4.449704 9.764492 4.273149484605371 4.299610384247257 1.6545970413976345
43900.0 4.640061 13.153793 4.156436884200916 4.2504937437716075 1.645505529360412
44000.0 3.418579 7.787115 3.122694716363169 3.167584147389061 1.6911665856432516
44100.0 5.055611 12.548270 4.502941460076037 4.564188407167247 1.6417954844130889
44200.0 4.795697 15.151471 4.1412643738258605 4.244936085629991 1.6909962199578819
44300.0 5.194706 14.103724 4.797038715974119 4.866394017010746 1.6371326090317064
44400.0 4.842224 12.547589 4.498743589599245 4.508477427022776 1.673725054252601
44500.0 3.947815 11.593526 3.5959330629702957 3.5866453059719743 1.7107791270900141
44600.0 4.414158 12.372476 3.9905052359853435 4.087649434126702 1.6531083177880412
44700.0 5.399663 14.673579 4.931127405921463 4.99056532551654 1.6995050465251162
44800.0 4.084134 11.189680 3.78433041428398 3.857342098115349 1.5983281673521443
44900.0 5.357148 15.354603 4.924779946818373 4.984357380151224 1.6996493539965705
45000.0 4.608186 15.350479 4.1232563876152 4.241619684289813 1.6125297450675904
45100.0 4.610462 15.632484 4.137281977855765 4.210439294035902 1.5311918141182972
45200.0 3.548815 9.707823 3.337746456218651 3.3374621915828806 1.6994543040552479
45300.0 4.921461 15.490078 4.33158066497114 4.520874709976703 1.7629548200365122
45400.0 4.306092 11.019131 3.9469473139926152 3.9989290070947052 1.7781424848314846
45500.0 4.639573 13.062596 4.321278192897011 4.322778693393992 1.7230625035738707
45600.0 4.902641 12.281037 4.516119176385795 4.5999834367607 1.6503572635400092
45700.0 4.955278 13.975332 4.551049401971185 4.615423599681366 1.66514164663325
45800.0 4.723364 11.910232 4.498095907802049 4.475214938768585 1.6518832834350745
45900.0 4.547961 14.540947 4.1078731564319755 4.264384236207035 1.6627661748522578
46000.0 6.204559 15.742109 5.607061353943873 5.646860432722602 1.814479612333843
46100.0 4.904225 12.743877 4.532793659542902 4.648510454156269 1.6839797542794182
46200.0 3.942907 8.738803 3.7122386077189167 3.725701589749521 1.6710435797935717
46300.0 5.494199 15.968831 5.12336249637045 5.154702983692889 1.7187147389855855
46400.0 4.659460 13.697295 4.198434182935109 4.316480034682697 1.6787379369488205
46500.0 5.218588 16.073915 4.548276955495263 4.6238408697665845 1.6324415810147654
46600.0 5.173147 13.249396 4.682797357102421 4.74017081369733 1.633555580688369
46700.0 5.509745 17.097127 4.8376595068812955 4.960322447683808 1.7436954060536074
46800.0 3.269625 9.838589 3.0162129029604556 3.1176167056650566 1.7224953406510806
46900.0 4.870933 16.265853 4.260958044863574 4.397378442309639 1.67688910064563
47000.0 2.879428 5.827782 2.7930679163331766 2.757705397081214 1.7528633453855218
47100.0 4.639806 11.526040 4.17414515633717 4.262131334573424 1.7456332395931091
47200.0 4.346131 11.318757 4.050670759339949 4.120958666812077 1.6923261370094396
47300.0 5.567657 13.976504 5.157096618538574 5.166159585714347 1.7797108854322492
47400.0 4.329753 10.465670 4.010815657215328 4.136701253913952 1.7374193933754138
47500.0 4.514281 14.338082 3.9752249901530075 4.070163109279066 1.7588639901447054
47600.0 5.328555 14.448813 4.737924669347219 4.867602211480122 1.782100649200279
47700.0 4.490421 11.410010 4.197236357061204 4.287510552280426 1.647868637560601
47800.0 4.739587 12.329651 4.306490867656423 4.349757488250377 1.6929337508999682
47900.0 4.833112 13.898597 4.393969032349788 4.487223017623773 1.6993513963423363
48000.0 4.229694 11.867573 3.7956620962550565 3.888992529746925 1.6643083897523243
48100.0 4.794282 13.775408 4.4066882850712865 4.516461670802323 1.6261469593970799
48200.0 4.472638 11.623151 4.1168160424461515 4.159360312065229 1.6436579217034857
48300.0 4.507820 12.736620 4.193375139659636 4.314431763293755 1.6622695854222052
48400.0 5.088182 15.897585 4.580651752289489 4.673908300934602 1.7390254765622342
48500.0 4.570824 12.632424 4.191900086042415 4.290114892384081 1.63519856271927
48600.0 4.882391 13.341326 4.4301991962776395 4.539381909315275 1.612226957482753
48700.0 4.591464 9.994116 4.366611927954593 4.391027596339174 1.69336965666792
48800.0 5.108427 13.291831 4.696564863399589 4.726484586491933 1.6872499560999368
48900.0 4.293663 7.513227 4.135800600453654 4.173807207201009 1.756497661966942
49000.0 4.514280 9.490594 4.147322014573627 4.164784976099819 1.7604555219386564
49100.0 5.198338 13.332197 4.835914544156424 4.939061563564809 1.7317999439466385
49200.0 5.654060 15.514396 5.0820800683087715 5.140057068576499 1.739665406901351
49300.0 5.342176 16.542464 4.718372777026696 4.844430455876639 1.8159258231045374
49400.0 5.026512 15.452652 4.358081081077063 4.536415520913808 1.5845508792169825
49500.0 4.442510 12.420018 3.9871287925955246 4.119180623975043 1.6519018444719777
49600.0 4.600733 14.240261 3.969016585709248 4.148520745853527 1.6439930838091523
49700.0 4.703961 13.589174 4.286393596310246 4.3678151631453614 1.705446186338672
49800.0 4.635553 12.063177 4.213190146669525 4.320669172303266 1.6123055284101926
49900.0 4.910977 15.722568 4.299411628775697 4.379514404364824 1.7326860951455891
50000.0 4.387624 11.168379 4.157434973164306 4.184230947789359 1.674834052962892
50100.0 4.080861 12.742852 3.5963966292673457 3.7692272517112455 1.6405982046355982
50200.0 4.635561 14.082401 4.178790907780629 4.201345925089743 1.7345653868353288
50300.0 4.140152 12.109454 3.74771654644284 3.791182253473996 1.6503266183145013
50400.0 4.563976 10.826433 4.183646017918627 4.231084536059094 1.6018514852011492
50500.0 4.580508 12.795903 4.1167009143086215 4.225397755038975 1.699256434645936
50600.0 4.701057 12.866095 4.113364580874116 4.207992795173558 1.5749200584455731
50700.0 4.424567 12.833782 4.053869536466932 4.181686172611928 1.6186902010742963
50800.0 4.132785 8.883138 3.872501002711809 3.9561847632710454 1.5882312046922629
50900.0 4.299023 10.777338 4.004793972521484 4.010453382637705 1.539984623352241
51000.0 5.016507 15.959004 4.386481071045407 4.524307341838671 1.625640275371173
51100.0 4.587252 13.969710 4.168737212972185 4.227239764960297 1.6113806014531995
51200.0 4.810942 15.855351 4.152130504971442 4.3265164333829125 1.7154486379667744
51300.0 4.871919 10.779178 4.566003129511292 4.566738296193011 1.6586947989326735
51400.0 4.651419 11.334141 4.261308315133389 4.4054293955126695 1.7026083990027985
51500.0 5.324783 15.499221 4.667294664007554 4.776265340248902 1.7011901152507598
51600.0 5.740895 15.942677 5.083329888141383 5.169011437917067 1.716288738600975
51700.0 6.104044 19.571815 5.2899278991928025 5.451656935853227 1.7878030590729452
51800.0 5.048263 14.425662 4.516921493271821 4.6509815888820425 1.568589984921699
51900.0 4.728747 15.696019 4.1447927636158735 4.271803037584291 1.7605664987767908
52000.0 4.657944 13.414321 4.276711356432298 4.339171335269951 1.606681473499221
52100.0 4.140197 9.868868 3.9684257450200437 3.9368891441620626 1.6817053489849392
52200.0 5.324899 16.262100 4.72730648064292 4.868115376059593 1.6952145279238755
52300.0 5.078472 16.031654 4.3755385893356085 4.537911074418135 1.5957423065677105
52400.0 3.989695 9.249184 3.6427454514451565 3.7223760388935254 1.6064343800954521
52500.0 4.721208 13.618984 4.416140583196732 4.493272096724223 1.6489810275037304
52600.0 4.523894 13.233249 4.18820476991019 4.2412610152631585 1.7559740188197688
52700.0 5.092230 16.088073 4.506284475771314 4.623927906092922 1.7401727427903577
52800.0 4.213227 9.810892 3.960820244187636 4.059318886824466 1.734219523919759
52900.0 4.614362 13.483671 4.127891735646018 4.209561947143278 1.6707220526180497
53000.0 5.030954 15.568607 4.597040067967488 4.669446307690632 1.762830269746988
53100.0 4.500781 10.971555 4.243257733701667 4.297975027050425 1.5682923375541589
53200.0 5.820286 17.941881 5.078314490837627 5.2184819635846385 1.6578987400867882
53300.0 4.789672 13.132633 4.2747565041921165 4.402307971921818 1.6778826703046488
53400.0 4.699630 13.003412 4.075290048002867 4.141000861033282 1.69753950684029
53500.0 4.629986 12.147796 4.290792171847302 4.339977153070698 1.6568471305272061
53600.0 3.690674 9.426664 3.6143205356828942 3.573112365129737 1.6705533949232774
53700.0 4.492103 14.208929 3.9305583510331137 4.091454969863216 1.701233221024232
53800.0 4.493819 13.084834 4.026569069306666 4.181602233214501 1.7058997924283084
53900.0 5.245433 15.687758 4.699973499595395 4.8377690329378344 1.7265989701574909
54000.0 4.390465 7.583778 4.274614564152941 4.269530372511694 1.667278662333858
54100.0 4.621907 13.795771 4.169047454213539 4.331952765851441 1.5731819524685784
54200.0 5.169001 14.199897 4.5356438134655885 4.572325188950729 1.653631528860015
54300.0 4.299968 9.965203 4.185620943859661 4.160170565649995 1.6957505202518848
54400.0 4.124533 11.321563 3.92351871501679 3.997577880162469 1.8167330418183911
54500.0 4.928215 14.020571 4.358024375771818 4.4318710539503945 1.646145478174504
54600.0 4.650777 14.385847 4.044144386376382 4.185105903462973 1.615445032411051
54700.0 5.018899 12.107176 4.65190600502007 4.694710142899858 1.7100297586423596
54800.0 4.691464 11.813282 4.300612577043798 4.334069055897599 1.7287194961367125
54900.0 4.149401 8.924414 3.859566957405663 3.8484981998692307 1.6595954932691481
55000.0 4.986080 14.845664 4.458646707849499 4.5972918344346025 1.70827817242232
55100.0 5.803378 17.711787 5.147687754744317 5.307784806576699 1.736146520245301
55200.0 4.213291 10.919754 3.869643221751996 3.933616172699363 1.5672077664515298
55300.0 5.909367 14.146796 5.458196013389942 5.468318463194385 1.7585732178006779
55400.0 5.240614 14.604192 4.775882990959223 4.828715325826774 1.7992427675451785
55500.0 4.112316 11.796435 3.598573968628828 3.731256424035301 1.6243055267816848
55600.0 4.117988 9.305640 3.952347047627818 3.990387285973355 1.7180498600106895
55700.0 5.083209 16.334675 4.469434750961927 4.584169319313307 1.665844159852698
55800.0 5.378529 16.111884 4.755314796511379 4.862357169985244 1.6263763290330349
55900.0 5.810709 16.086179 5.200415822049398 5.265473799922904 1.5434610977565757
56000.0 4.695051 11.477021 4.358445152572023 4.414873816607491 1.7019075467310143
56100.0 4.920870 15.106787 4.4054488896829715 4.487481803256665 1.7807650965103097
56200.0 6.317010 18.729545 5.476309227174402 5.672223878492186 1.71457115525296
56300.0 5.226779 14.385848 4.693882164672059 4.825529273876971 1.653411723535941
56400.0 4.724146 14.482555 4.188020286117464 4.2558201340446145 1.660057321440768
56500.0 4.413968 8.793758 4.221372569585636 4.1874820176866825 1.787521996071
56600.0 4.564783 13.791530 4.216913714957239 4.294768806671884 1.6750711995008787
56700.0 5.052398 14.114262 4.659651238798178 4.738063583851799 1.7545048583539877
56800.0 4.628696 13.930856 4.194260270378172 4.315951477764164 1.6045846431935935
56900.0 4.333237 12.009669 3.9672559011990227 4.068610369994291 1.7939816126645085
57000.0 4.092925 7.666969 3.9204591443604078 3.8927858979034915 1.6525375280340966
57100.0 4.891772 13.123734 4.526980198485497 4.606148133886313 1.793185547738252
57200.0 4.444655 12.727754 3.9273182706492 4.035216249132338 1.743334923164808
57300.0 4.990804 12.877628 4.5592051843643215 4.640501214282426 1.712597304088997
57400.0 4.888629 13.623741 4.398474442919007 4.488072466033463 1.6760168395173203
57500.0 5.642474 17.713080 4.9401305403181555 5.052535373527289 1.7557447562482351
57600.0 3.530504 5.071836 3.4642228150776617 3.426652797478219 1.6355625684538615
57700.0 4.418634 12.025210 4.094618839026855 4.127841494152468 1.6756257246418105
57800.0 5.003154 14.512765 4.600698824128581 4.707659607668257 1.689439882337675
57900.0 4.967643 15.213766 4.444666706158619 4.49678100372505 1.7077995896522462
58000.0 5.332814 15.255557 4.908022444307095 4.943730025293515 1.6967453799671366
58100.0 4.903748 12.429398 4.603084716380663 4.63175275612364 1.8019726736874868
58200.0 5.056755 15.736039 4.410876616912034 4.5236826127650644 1.649284040956667
58300.0 5.941101 18.113060 5.235800793600008 5.416703626191812 1.8445452243362794
58400.0 4.781916 10.007733 4.605851915673158 4.615603195102268 1.7612343849460317
58500.0 4.913727 11.358363 4.6013510861804185 4.67267232101786 1.646740973508989
58600.0 4.788749 11.238456 4.366389170292655 4.44403058834829 1.641290642941035
58700.0 4.629417 9.486494 4.363756831906499 4.430503449388472 1.661909212149869
58800.0 4.603697 13.821072 4.171723254065304 4.243967155185288 1.7066669598613173
58900.0 4.115688 8.097811 4.064106061064587 3.9851311721659464 1.8201031627682382
59000.0 4.421349 10.479744 4.12646390948013 4.205003010199903 1.6968741082844008
59100.0 4.759247 13.220741 4.171880933688895 4.281552320655294 1.7448863431595103
59200.0 4.784688 12.784104 4.334356972583278 4.424975648413708 1.6835577051615191
59300.0 5.005025 12.378259 4.576324718044339 4.638275075425572 1.7576486799284556
59400.0 4.817708 11.350576 4.284158102844587 4.368708478847698 1.6815749116188592
59500.0 4.854862 13.033483 4.350867023206223 4.463879198868815 1.6200140429637446
59600.0 4.312837 12.177919 3.878099511326285 3.9924201997388624 1.7266924244073547
59700.0 5.925143 17.392714 5.2151261210306314 5.34396332619703 1.6906486840465
59800.0 5.483409 16.900048 4.844607487103638 4.888381134795224 1.6913928787130008
59900.0 4.621815 12.306700 4.141942053300838 4.247143553963671 1.6669862686158259
60000.0 3.686595 7.649870 3.5148713438945776 3.4997428055534345 1.6560104000235811
60100.0 4.084591 12.378104 3.8341568478624057 3.8684986563316373 1.6078378705683103
60200.0 3.742777 9.562255 3.6061803961888157 3.55009566969741 1.521389102324833
60300.0 4.477372 9.052179 4.289143795924037 4.310530776498268 1.600987011929288
60400.0 5.133008 15.100551 4.680766823773526 4.772587487743832 1.8234506381554796
60500.0 5.794251 17.274561 5.173065295881241 5.267912793970139 1.6409161900707994
60600.0 4.643647 13.765333 4.312585960110014 4.364953904034136 1.6022473477306112
60700.0 4.956944 10.960574 4.640144430103401 4.679957207522124 1.7583533601123509
60800.0 3.968660 10.314972 3.595031969214234 3.5966165395171386 1.5820424562203588
60900.0 5.373245 12.818189 5.016908759197476 5.109843422518983 1.73429762965358
61000.0 4.353875 10.127090 4.021435672978912 3.9870088745736285 1.7502309139036945
61100.0 3.794606 8.888197 3.5206564381458576 3.5617624055224493 1.7377862613770514
61200.0 4.950195 12.551973 4.566974294232726 4.650023202624395 1.7227747030042282
61300.0 4.329173 7.011750 4.128471472006757 4.057515695096322 1.6787373140741988
61400.0 4.345697 9.897252 4.0806096199106845 4.098591736228203 1.7330858319072326
61500.0 3.842980 11.149463 3.3850087114963845 3.5470064608826077 1.6857423059920655
61600.0 4.645483 11.679434 4.309186686093312 4.355500144464527 1.7233334782353125
61700.0 4.147860 10.985781 3.7892418670779535 3.8516727295429005 1.617888902471106
61800.0 5.620772 17.682854 4.853483514162331 5.021569874216445 1.669051827922512
61900.0 5.348942 14.088883 4.757787941594023 4.905404089565308 1.6866854316271156
62000.0 3.934564 7.731095 3.8389649608662526 3.8089360040932982 1.6977570954139753
62100.0 4.927523 11.995686 4.532378318220286 4.573710797192034 1.6121558083394771
62200.0 4.819777 12.065846 4.283612158962217 4.369834278269167 1.6924257808425516
62300.0 4.872655 14.472119 4.364639716700897 4.459023111044031 1.6883620065032527
62400.0 3.960321 10.081464 3.699610208231661 3.7302278128732866 1.8005295776005756
62500.0 5.047016 12.172338 4.665893664093559 4.681470928515032 1.5353577096155246
62600.0 5.070402 15.203380 4.629162139350046 4.7278417372955746 1.6329264363060063
62700.0 3.757393 8.402834 3.49065336953352 3.532631889910091 1.5501985268163927
62800.0 5.555423 15.884998 5.083489119270788 5.150197375121626 1.7661512950071665
62900.0 5.137732 16.321653 4.581926930532836 4.6950060481312255 1.8530905327809426
63000.0 5.248660 13.358811 4.661063092787426 4.749640507765413 1.6770448644447262
63100.0 4.336610 11.388856 3.974427331742254 3.957407161503045 1.6593330456192301
63200.0 4.538649 12.990506 4.076301860326135 4.21953385200224 1.560948298209558
63300.0 4.866214 11.291246 4.486889184666684 4.5753717895055335 1.7511202045252279
63400.0 4.836594 11.984003 4.539839609895196 4.543742709311601 1.6884206353223905
63500.0 4.350435 11.640245 4.091657418658295 4.102214753147963 1.695901702723832
63600.0 4.844697 14.709616 4.317103377952174 4.434521547558961 1.7502603689552139
63700.0 5.254463 13.833991 4.787476380899418 4.858946827704795 1.7471943384323327
63800.0 4.371388 9.643591 4.012540398208389 4.0947789345461105 1.6527477361025669
63900.0 4.973676 15.669117 4.341201840310998 4.464209533455782 1.6312818585674704
64000.0 5.466658 15.188890 4.872339347855967 5.0004422887868545 1.6953728612782886
64100.0 4.480111 12.636609 4.047490218518176 4.161027952556696 1.696491421022199
64200.0 4.228301 11.267387 3.797400592104661 3.907568717123464 1.7117216003742919
64300.0 5.000176 12.969357 4.355800831306565 4.478783583017319 1.6341105799044602
64400.0 5.426964 15.421296 4.73479866562144 4.895826264793198 1.651693704113799
64500.0 5.126970 13.789432 4.6002728596890865 4.751903308448349 1.7078151187557824
64600.0 3.948440 10.236389 3.7181798666985206 3.7651211711505606 1.7034601642600158
64700.0 4.471186 14.697866 3.9463415899707863 4.060776972316429 1.617216524140617
64800.0 5.174582 15.941144 4.640507197485568 4.7465107846207255 1.6580993753517508
64900.0 5.468091 18.076588 4.681729913886861 4.874141933756811 1.6625924374907888
65000.0 4.597819 11.034105 4.244599837241367 4.3087694586547585 1.6539338246411663
65100.0 5.082780 12.328333 4.793436130157478 4.807499647457205 1.8105483840620349
65200.0 5.008921 14.522445 4.6201866241574026 4.665465093776694 1.6947930866053704
65300.0 4.113903 9.350418 3.9456752466007297 3.9727204046745594 1.7459061823515598
65400.0 4.970533 13.585322 4.53530274488268 4.580443862022946 1.7063885132074568
65500.0 5.005004 13.496878 4.535740094136832 4.618471657934562 1.6692882162588105
65600.0 4.377199 9.809798 4.084014989986408 4.081469099062505 1.7310526004114233
65700.0 4.370886 12.715834 3.8841163438474076 4.012155528006478 1.6113568356358379
65800.0 4.269901 12.492102 4.014239771278434 3.9861216806690063 1.5119058319616951
65900.0 5.018556 13.553685 4.552203174077223 4.594308817256409 1.761834180707194
66000.0 4.246153 9.381271 4.130902816129806 4.096497949522983 1.6802005173037737
66100.0 3.823563 11.764463 3.51808919563632 3.591212262046195 1.6429857727360828
66200.0 5.022031 15.822880 4.429342943195488 4.4881403091840095 1.7192328480898624
66300.0 5.047651 16.492264 4.385694722600708 4.508780034019924 1.6875229603267208
66400.0 3.974074 11.535941 3.651635410698469 3.7657790952285954 1.6116934051856986
66500.0 4.224184 12.055762 3.7887754645527525 3.8468979265858265 1.7557779093363681
66600.0 4.702997 12.685607 4.345134724483738 4.484024965382265 1.7463631889488105
66700.0 3.874542 7.670502 3.6961493040902216 3.741577404303136 1.6799876532116993
66800.0 5.037284 15.063528 4.608245875289962 4.634259495687382 1.6246319040727768
66900.0 5.564543 15.530728 5.005329505326257 5.097534894198237 1.7484654276338183
67000.0 5.208777 14.742056 4.610371086970904 4.648099922050813 1.5409812999274106
67100.0 4.532598 10.677448 4.294212136582882 4.2610203059794935 1.6890438638773657
67200.0 4.558947 13.432059 4.028438832560689 4.109745769407846 1.7487981509886368
67300.0 5.011595 10.700958 4.657466503501836 4.698340640247059 1.7339972555796026
67400.0 4.409154 10.824128 4.050908484294316 4.185762032588132 1.6066801671384858
67500.0 3.819546 8.653219 3.6094841114402274 3.626071322898948 1.5994828654226387
67600.0 3.649310 7.685001 3.3433648985031827 3.3942422588346965 1.6133459258794096
67700.0 4.944687 12.684762 4.501768854429244 4.588116940578568 1.6727568433726883
67800.0 4.406405 11.349487 3.968249484112719 4.052716507283592 1.8206287709703763
67900.0 4.403150 12.308156 4.1523486042532465 4.235130893813547 1.7432803453385366
68000.0 4.676980 12.985481 4.1919583401781715 4.296248617878187 1.685101863367094
68100.0 4.725628 12.393154 4.230238830673467 4.306347568092401 1.6212235884609636
68200.0 5.619714 16.151676 4.9274655998510575 5.036838881331223 1.6253878923814458
68300.0 5.779631 18.235334 4.988045625664151 5.147072538956447 1.7529219808972756
68400.0 5.200876 16.087215 4.510515144502524 4.6109772961905815 1.7431605220594686
68500.0 5.198900 15.915131 4.6066184289803624 4.670679223351355 1.7623959591386427
68600.0 4.502864 11.998461 4.191480013414637 4.216015728421939 1.6665917863401616
68700.0 5.103197 14.544920 4.582303789225962 4.710175607942252 1.7639858520163596
68800.0 4.305442 12.901927 3.8236785984907735 3.9527695613528415 1.762182782958331
68900.0 5.374810 13.732670 4.820850926665656 4.891628823614509 1.6980114769037533
69000.0 5.401105 14.412440 4.845932638988784 4.971427438382147 1.7101499721168967
69100.0 3.608793 5.830789 3.4428726654985393 3.377667323296507 1.7081146557944986
69200.0 3.820354 8.380097 3.5518491781062353 3.566763862842166 1.7557676114119474
69300.0 5.022992 11.529634 4.479628955352636 4.558248924350103 1.7532520049974551
69400.0 4.245352 12.602500 3.982650463692516 4.025650497219686 1.7102799555998125
69500.0 5.542048 17.650415 4.938073595755013 5.02093304776035 1.7975542209710753
69600.0 5.370991 14.283627 4.722467859933853 4.801172550865301 1.7483794432516189
69700.0 4.681808 12.280442 4.174128735822652 4.252887968776268 1.7463354997665614
69800.0 4.761119 13.611162 4.283079056749317 4.444295793480206 1.7199492299165111
69900.0 4.207949 9.906432 3.9366741807307406 4.054320936291607 1.8002014233516728
70000.0 4.555721 13.530547 4.115294501199991 4.145572018746101 1.7128601761099673
70100.0 4.208646 11.474972 3.8065500447212486 3.862703364584631 1.7594454743137697
70200.0 4.800639 12.083032 4.368133237429733 4.405268369405468 1.5339152266899774
70300.0 5.435049 14.733272 4.883668426317437 5.026706381698424 1.6848035513265507
70400.0 5.119068 14.245625 4.678703153005373 4.836999036404601 1.6256136514023807
70500.0 4.679591 15.717874 4.079948991440287 4.233416434756534 1.682363406464735
70600.0 4.390673 12.225282 3.9444016016183383 4.024860408404888 1.524212488079254
70700.0 4.651880 11.749978 4.302869372882708 4.396689462834355 1.6820120753885563
70800.0 3.428600 4.517218 3.2760703161035307 3.3132892637598297 1.6996702178329843
70900.0 3.989380 8.769701 3.683958705485447 3.6710316433591608 1.7011419830997352
71000.0 4.467892 12.314268 4.148357160048638 4.173382661180707 1.6159770259003015
71100.0 4.437842 13.545373 3.9107689245720505 3.9647160711381124 1.6557943703335563
71200.0 4.979526 15.734899 4.505629923991516 4.626862250669877 1.6849968362599292
71300.0 4.605098 11.201111 4.293086472713097 4.373935839421605 1.7545293496064354
71400.0 4.353727 10.167351 4.00388255929359 4.11441073897224 1.588842990390688
71500.0 5.029623 12.922646 4.487481769170277 4.509599894479296 1.673622665925309
71600.0 5.280230 14.734048 4.712806949750752 4.830115193375989 1.5723901157583406
71700.0 4.388554 12.825886 3.8969604774560715 3.9383283351851452 1.751758399658779
71800.0 4.649881 12.580500 4.203825418782752 4.296474123550087 1.708103953197502
71900.0 3.599977 8.616254 3.45813651959604 3.4097573251095823 1.5896867363706844
72000.0 5.684731 17.494727 4.995214137616742 5.142248663147306 1.7559252892740034
72100.0 4.782356 10.869686 4.394093826641339 4.467417645560746 1.6446200120120007
72200.0 4.785311 13.150753 4.228351465262152 4.30858592182876 1.7285907787021189
72300.0 5.454279 17.291894 4.809070513168268 4.930342160925504 1.6476686669295677
72400.0 5.250918 14.588408 4.727129303854224 4.796472719874137 1.6830620213883007
72500.0 5.661082 16.461715 5.052066938651692 5.208449829893518 1.6917271574218915
72600.0 4.796232 15.554270 4.150000294959664 4.25841172088803 1.5668227443682554
72700.0 5.188411 14.895517 4.555564796386481 4.639045367803224 1.72062467262934
72800.0 4.097905 10.251776 3.919262488850465 3.9037258684371943 1.7556403121144224
72900.0 4.712707 11.322712 4.3480822407201805 4.390108530666919 1.7484066906253883
73000.0 4.706795 14.896923 4.244346783177674 4.3513390793853555 1.6516932110454063
73100.0 4.679257 13.129299 4.241121980771703 4.324160904870429 1.6227414271049079
73200.0 5.576916 16.717839 4.900110442520641 5.070874664636131 1.7416165766018952
73300.0 5.238582 16.116615 4.485619944836353 4.659549767450521 1.6351143014533356
73400.0 4.933568 14.075795 4.29374988066135 4.430063068000888 1.6414763687824219
73500.0 4.061933 10.526927 3.8148050326163396 3.8387408573858943 1.6218714681669724
73600.0 5.792880 17.024060 5.196174425398993 5.275464434661166 1.692222821750135
73700.0 4.910635 13.927885 4.534242830133089 4.6269600778667845 1.8375938499212907
73800.0 3.835854 8.349297 3.7000552729877825 3.7164312238353157 1.723943502805104
73900.0 5.242753 15.874972 4.561208700128571 4.701954072619787 1.7355669617453093
74000.0 4.717440 12.920231 4.2297540068820965 4.324285755262312 1.5805445959606472
74100.0 4.751736 14.420252 4.232466786132686 4.3434270541671305 1.7682925782337902
74200.0 5.167078 14.876559 4.6511105413439235 4.731290765199779 1.6646297546833855
74300.0 5.616200 17.091020 5.009463725978657 5.111513451823729 1.7629949670930134
74400.0 4.835285 13.571610 4.416930827073374 4.480934377501625 1.6652981028989344
74500.0 3.752839 5.798008 3.5322498328032026 3.567621784820678 1.6318450918374228
74600.0 4.175402 12.347563 3.7626221477529103 3.8249263451322744 1.6825154508014821
74700.0 5.047575 12.391775 4.535671110246221 4.626592334374926 1.7156038135849585
74800.0 4.940289 14.975978 4.577388706123652 4.6327460009918315 1.7082912137321336
74900.0 5.358203 14.342042 4.992194645781977 4.991368254451512 1.7904486059378184
75000.0 4.513478 12.659427 4.034438787250175 4.103059894472465 1.760964515028882
75100.0 5.745685 16.928171 5.138331191725197 5.274797435405466 1.7784361251743135
75200.0 5.105392 15.800662 4.511243798494841 4.718838362620656 1.6796996087962248
75300.0 4.566637 14.582943 4.010631834485059 4.118478056836202 1.7433475226922799
75400.0 5.115793 11.029065 4.6008798865014455 4.64631229985836 1.6482231390758797
75500.0 5.179948 16.010290 4.735822131006444 4.807165856721444 1.7068546902457609
75600.0 4.171703 12.778591 3.733739670753181 3.8118306002195728 1.7190065337802023
75700.0 4.207473 12.624141 3.748604549204169 3.8726423487119352 1.710071237322006
75800.0 4.974151 9.420196 4.6992855107810545 4.704075378190472 1.6581966367938186
75900.0 4.826358 8.851496 4.601471311571589 4.575390606738753 1.7687717736697528
76000.0 4.933948 13.062171 4.491506879500863 4.585997522161036 1.7434038616019036
76100.0 4.910632 13.827404 4.337412114333978 4.471081322044485 1.5075795541824069
76200.0 5.124194 15.644297 4.451330578303665 4.547275017030923 1.7654514730492679
76300.0 4.209729 12.827920 3.851058904155793 3.9376984678916163 1.7269502523301725
76400.0 6.073800 18.437878 5.243661827618438 5.375493804528734 1.6815213809543277
76500.0 4.478968 9.236995 4.212180808878515 4.244525143747872 1.7089456159745784
76600.0 4.399570 12.866343 3.8391984076779635 3.96737518969014 1.6036402657367606
76700.0 5.083272 12.605872 4.70496891520842 4.754343048340036 1.7305039691293722
76800.0 5.532555 15.961483 5.068823438975249 5.167933950646319 1.7006430039354523
76900.0 5.696189 17.405243 4.988141437400754 5.138626932643687 1.6972487735332444
77000.0 5.430029 14.057389 4.974552672996595 5.053558507199886 1.695191789697589
77100.0 5.969455 19.850581 5.118053696684808 5.285595852262866 1.622309364538664
77200.0 3.845713 10.084460 3.4456446989074228 3.535707436142242 1.59253805843907
77300.0 4.542462 10.196974 4.135398707394251 4.194192967369322 1.7030010928855448
77400.0 4.612488 12.042848 4.216790118135651 4.291298349960962 1.5409940521175496
77500.0 5.292674 13.722413 4.697489995573213 4.8190613830117535 1.7382066505640252
77600.0 5.927838 17.334038 5.277102514406791 5.344347991946592 1.809981174514659
77700.0 5.389502 14.610703 4.702757548541195 4.775951580626096 1.7020941282917421
77800.0 4.731893 12.623168 4.312964185760951 4.326505399821998 1.7288961341539786
77900.0 4.722855 11.678607 4.281521292518507 4.30831636513337 1.6485712283975908
78000.0 4.684786 12.250494 4.228305482090817 4.266265057134599 1.6633027911363654
78100.0 5.980296 15.954022 5.34887851760564 5.436239211666554 1.7803009678806059
78200.0 5.157255 12.923061 4.675838894433781 4.694581949295068 1.8674705661008677
78300.0 5.277643 15.749484 4.723945045069675 4.804214010962921 1.6748120507318252
78400.0 4.866102 11.721774 4.3788612590592315 4.492227347856253 1.5785060566613753
78500.0 4.563078 12.953686 4.25299692145008 4.282717481785444 1.6597975637414006
78600.0 4.857722 11.758576 4.546467111336086 4.625083876230393 1.6214805880030492
78700.0 5.253864 15.846473 4.589506902684868 4.724546709426318 1.693206620491911
78800.0 4.746186 13.829092 4.268028281918004 4.359577267297322 1.6999838002502263
78900.0 4.873138 11.066666 4.479001668567264 4.579518507853086 1.7482052039774683
79000.0 5.268692 13.196001 4.944579141326914 4.935258152538256 1.7241969714111092
79100.0 5.260710 17.637568 4.555952975607789 4.689800502115612 1.683573501169627
79200.0 4.647960 14.017919 4.260850130921338 4.283541581429035 1.5917163488262396
79300.0 4.845362 14.776319 4.403939938861824 4.445221355146489 1.654914141706349
79400.0 5.361502 16.921079 4.659386678446066 4.848238224378291 1.7158963650456782
79500.0 5.075633 15.148291 4.437051064210459 4.5469827786374495 1.7643574289951385
79600.0 4.698546 10.328963 4.454423292143732 4.492717116565534 1.7221035495542691
79700.0 5.420234 16.167429 4.709066066382671 4.872507004997751 1.6859645425163428
79800.0 3.773243 7.892750 3.60135808351491 3.5803441502668623 1.7107110704607087
79900.0 5.188555 16.073257 4.496762052591985 4.621892464928425 1.6675315897008816
80000.0 5.163254 14.517322 4.461944187681067 4.556499063366061 1.7284085714665696
80100.0 5.464886 17.584487 4.729172021329758 4.833754200227573 1.6401958952995752
80200.0 4.225997 12.586720 3.9116984795965464 3.938241856914234 1.6133012765075705
80300.0 5.106807 15.582601 4.570871388347625 4.680317765851581 1.7401136365101657
80400.0 4.945095 16.232225 4.204106873295873 4.382913280755179 1.679077942214707
80500.0 4.231313 11.050514 4.056210812460373 4.045932271027177 1.7181653810043347
80600.0 4.367115 14.350721 3.8857278008719414 3.940992547101247 1.6140479505044845
80700.0 4.067403 9.251237 3.760236253797892 3.7818548211901057 1.651806779385432
80800.0 5.041871 13.924022 4.427109262461761 4.540398347255211 1.6255446083974814
80900.0 5.007886 14.670868 4.543120251967955 4.59153669886339 1.7864713779948553
81000.0 3.490262 6.130650 3.262323067134169 3.2677492911116 1.678147892849985
81100.0 4.310276 10.550860 3.9114210623080155 3.9600913524611374 1.6206911436993559
81200.0 4.927263 14.067359 4.343939339229453 4.502894741421588 1.6047939606989368
81300.0 5.090710 15.512640 4.481625567890456 4.553386881461706 1.7168206297348436
81400.0 3.603408 9.608153 3.2812676811343575 3.3319178025960325 1.636209279866865
81500.0 5.484648 15.868296 4.87168169519283 4.991308323051646 1.72918241469385
81600.0 5.436323 15.373577 4.9248626726711295 4.945917621670078 1.646225734976864
81700.0 4.768894 11.854644 4.467032969636546 4.495093829539878 1.5546464312603117
81800.0 5.726650 16.893866 5.113004074544461 5.186283811800253 1.7779103747560607
81900.0 4.628854 14.327773 4.072139894712093 4.327393468336167 1.6770930846224539
82000.0 4.207360 12.033681 3.912848950804752 3.9766866097561873 1.779746483888334
82100.0 4.691114 13.809897 4.095890839588977 4.200511179163075 1.668374855724831
82200.0 4.577227 13.055201 4.215383781496285 4.2695897002019265 1.5436732565900468
82300.0 4.527291 13.994383 4.068666309638128 4.1612839683310385 1.6407911264668873
82400.0 4.859535 10.858435 4.464331282413339 4.478997956594904 1.7785755325277834
82500.0 5.376814 15.403996 4.865455818085296 5.005801155414317 1.8412066571969867
82600.0 4.541646 11.130003 4.227994725815955 4.277019991274244 1.702146474547175
82700.0 5.175494 15.668478 4.62562021252693 4.7180155392320025 1.720266478436575
82800.0 5.317645 13.777948 4.980578155750249 4.988071634873696 1.7019734486337303
82900.0 5.401643 14.148912 5.01670210728218 5.123515624675905 1.6810783244195455
83000.0 4.520519 11.778046 4.22239804160018 4.267031461177084 1.6254409494209845
83100.0 4.732074 14.502302 4.1483599545269945 4.305743280268262 1.6425066449789754
83200.0 5.090049 13.247038 4.704925173381356 4.767476375160511 1.7003614747923435
83300.0 5.052194 13.809903 4.596972704712787 4.652175435314242 1.673722376507046
83400.0 4.204918 11.813976 3.7577810439218866 3.808648110831119 1.7556449402339884
83500.0 3.886667 11.586831 3.5002333476910334 3.551236344431835 1.6994281523637351
83600.0 4.987600 14.093316 4.553427858988477 4.568432777835294 1.6153667805924563
83700.0 5.228925 14.598751 4.631062624566949 4.760205724124875 1.6359777315278172
83800.0 4.690283 10.821978 4.490635919127181 4.486061967361822 1.7440561002907156
83900.0 4.770681 14.101201 4.137841717201281 4.318941849025517 1.617534750443231
84000.0 5.595630 17.157157 4.919211413005584 5.019754588967571 1.7868151782252133
84100.0 6.544739 21.099570 5.727781973247934 5.918008764540647 1.8564744466346546
84200.0 5.354949 13.539881 4.90679682591681 4.996895856939294 1.621700537838258
84300.0 5.665599 18.043522 4.95489860867326 5.073292955764085 1.6491812644054316
84400.0 5.683354 14.809657 5.110420709458717 5.177111758350736 1.7545647902047985
84500.0 4.728226 12.567123 4.206863219875868 4.309729155806612 1.4723001323928753
84600.0 5.511565 14.536294 5.021781186097215 5.12481614641248 1.7101449291882072
84700.0 4.166693 11.057378 3.766802858726274 3.8367368414577876 1.5504944223868733
84800.0 4.702951 10.269096 4.265738454087564 4.265822870930964 1.8373290898252033
84900.0 4.368353 12.341193 3.933987415761151 3.984904908768604 1.5407805446175382
85000.0 5.377217 12.983064 4.800232532672809 4.841944989574207 1.8038668528682074
85100.0 4.395682 12.663877 3.988684296546743 4.075329450451285 1.7674182244251941
85200.0 4.517009 11.859379 4.1543931203442845 4.218442864274469 1.6486672234378539
85300.0 5.645059 18.105043 5.080306271439601 5.20482911447684 1.7052157556037708
85400.0 5.036488 12.177093 4.6237426802155674 4.710941489037121 1.608509001704529
85500.0 5.006433 14.186816 4.430636746207196 4.518876354953732 1.4990016885129835
85600.0 4.876441 14.114327 4.276367785565813 4.364888966653244 1.7661428486607154
85700.0 5.545559 14.799474 5.165453642398264 5.225809245563094 1.7451195753247828
85800.0 4.724778 11.949135 4.287375419384386 4.3425245910327686 1.6769774922206566
85900.0 3.898170 9.722582 3.5885228580229027 3.607454404441676 1.6814459410426672
86000.0 4.758105 13.451842 4.459752018042364 4.521248408945041 1.7578523691197743
86100.0 5.166054 11.152314 4.741138868335221 4.7658747733474325 1.8486334139111786
86200.0 4.017551 11.080239 3.733516027283978 3.7165058875327235 1.7054370126567608
86300.0 4.829364 13.921038 4.227926894240329 4.299327303532248 1.721125289400328
86400.0 4.405750 11.781900 4.02929228361205 4.075315811878714 1.7414505520875903
86500.0 4.448092 11.178638 4.142586563639034 4.255729639241405 1.7066270942357764
86600.0 5.253795 14.675970 4.716848746931477 4.822423102481074 1.721221524279408
86700.0 3.812503 9.526683 3.5980274461925905 3.6905188774682887 1.6731995060480773
86800.0 5.047790 14.488360 4.46180682594468 4.491118285277669 1.6915843374445572
86900.0 4.386665 14.420761 3.8299758853754526 3.9838126218067846 1.6245721359034158
87000.0 4.800136 13.094790 4.468789305258907 4.51599979300853 1.641121090574988
87100.0 5.684171 15.777442 5.119324290274366 5.167609712090707 1.661951597164666
87200.0 4.832096 13.241364 4.338707378987328 4.387079611132316 1.679733945878541
87300.0 4.358774 13.151802 3.9274977077840107 4.009830662797225 1.7537586213826526
87400.0 4.931980 13.508950 4.455776760595256 4.515881360121113 1.8069042549249317
87500.0 4.910851 12.704509 4.6396572757494035 4.673533576348759 1.7383652445534667
87600.0 4.710586 11.760344 4.5033888757038305 4.532562001043834 1.786916362437344
87700.0 5.994870 18.774661 5.2287624616747514 5.3390333264386305 1.6994274572327046
87800.0 5.004585 16.277766 4.376011125607034 4.516132054506818 1.705913846378312
87900.0 4.270605 9.943437 3.8968531184178947 3.938927784118324 1.54879379713867
88000.0 4.807783 14.191657 4.405929666578913 4.478459973479377 1.6035041176443066
88100.0 4.878270 15.025478 4.27723816030879 4.4098142073937145 1.665528121623448
88200.0 4.469059 9.314720 4.081644806965481 4.069552828360515 1.7774772152171125
88300.0 4.294066 13.354311 3.81339582961592 3.9067393386158913 1.537568683757783
88400.0 5.417376 14.386191 4.907721983688182 4.988925489779342 1.7301707484948936
88500.0 5.283605 14.862005 4.743790875443975 4.800511723253903 1.7323114132460025
88600.0 4.974985 13.890387 4.575095184161893 4.63580969603948 1.8096932636838592
88700.0 4.370325 10.085886 4.242372293510252 4.2656613667237 1.6469645460881654
88800.0 5.280744 15.742082 4.657805056860798 4.7420114160934554 1.8832044991020762
88900.0 3.997009 10.462751 3.6725687047700903 3.6723149509238397 1.7766499005157363
89000.0 4.577044 14.710081 4.073834699037584 4.120854003029259 1.732253566955354
89100.0 5.327184 17.484271 4.532182430706981 4.686489983277123 1.7036750659943602
89200.0 4.019685 8.322788 3.809421899515177 3.849019471460667 1.6595532660416166
89300.0 4.370018 10.665356 4.12743671759324 4.137179041172659 1.705456212462876
89400.0 4.373595 13.978010 4.065390662076449 4.095999151503234 1.5796853170586378
89500.0 4.608609 12.253294 4.243940517348546 4.256382487493616 1.660445352335847
89600.0 5.095748 12.472729 4.462826015421536 4.5261564865776664 1.7116397296526837
89700.0 4.068490 9.377104 3.897973595271758 3.946144113552369 1.670304618075887
89800.0 3.964952 9.675053 3.71875275989877 3.7917670149660805 1.630264117861436
89900.0 6.314501 19.390702 5.491681847040229 5.637365764082932 1.6654116190164276
90000.0 4.407802 11.623851 4.129752308542616 4.2130725663805855 1.6423287876020256
90100.0 4.654749 10.562789 4.327428385154794 4.4002523355746845 1.5051602452041597
90200.0 3.578025 8.260319 3.3465434279474366 3.3700630663976234 1.5852344102130635
90300.0 5.581474 14.306146 5.060168920844301 5.111484745053735 1.7256102522550933
90400.0 4.484827 10.017783 4.187032090130517 4.176847439070154 1.6333719297829734
90500.0 5.595851 15.877901 5.038453386742895 5.11888007454766 1.7181007789511393
90600.0 3.360600 5.336926 3.119376097068829 3.121746463255492 1.734654217951645
90700.0 5.573005 18.073277 4.774181740451767 4.95255686335379 1.5818849527808112
90800.0 4.849346 14.385083 4.548819205710072 4.513865060383688 1.7277455170581388
90900.0 4.685138 13.171709 4.125091673027212 4.31291401046514 1.6920024309698118
91000.0 4.663817 13.104542 4.201745596556278 4.287454343489051 1.801594716514804
91100.0 4.423057 10.808048 4.146294839405313 4.191444565698364 1.753491262369874
91200.0 4.221913 9.953114 3.99353610780252 4.094332468003158 1.699963714702599
91300.0 5.366778 16.812131 4.626728570432216 4.756165066633944 1.71786501055021
91400.0 4.854788 13.097401 4.402212772934721 4.5281886259588635 1.6773403474383901
91500.0 5.170316 14.553855 4.71893084864833 4.76051354298192 1.7255599778976471
91600.0 5.704858 17.365304 5.0413656773430775 5.13437088645544 1.7122187275382958
91700.0 5.097744 15.601970 4.4155329715282905 4.520127700916955 1.564409554530238
91800.0 4.979725 16.155615 4.2146070923379195 4.414496126077049 1.5573176943229396
91900.0 5.396653 15.419827 4.865301343245764 4.9748061002209445 1.6275460938419004
92000.0 5.166445 17.171605 4.451609058711053 4.598895250341689 1.669856157810743
92100.0 5.425268 15.398110 4.86685496651104 4.93721075257041 1.7037337339591108
92200.0 4.711718 13.180760 4.23683294995536 4.295960197081871 1.702990024428735
92300.0 5.603992 15.657676 5.026696326261499 5.143996442178031 1.7642853245899641
92400.0 4.796673 14.571745 4.2768356824931395 4.387421831864961 1.536738366244515
92500.0 4.554234 11.299042 4.100867363376744 4.1935571659929 1.6262803873829206
92600.0 4.877167 15.629734 4.1064084250762045 4.289500415918115 1.6256087916783224
92700.0 4.934594 16.243200 4.372172362490428 4.514826915839494 1.612695998301382
92800.0 5.167360 14.520476 4.675865063581218 4.759465485136877 1.7100610874757203
92900.0 4.741439 11.175524 4.40898722514005 4.452583652980236 1.604934203016384
93000.0 4.698741 11.721060 4.490462869015466 4.473385913219349 1.594980237314076
93100.0 4.430671 11.125835 3.994322508982095 4.0255905935429075 1.746500214698051
93200.0 4.576725 11.363210 4.24058634664927 4.343650865246651 1.7569981035872269
93300.0 4.619045 11.678255 4.291422129165283 4.356847119761054 1.6765752423852838
93400.0 4.435965 11.888537 4.0778519661422665 4.178757512153648 1.5561974821213338
93500.0 5.171678 12.376979 4.619734499092247 4.745516757443235 1.7020625973721122
93600.0 5.348930 17.814750 4.693892787660042 4.865573000586937 1.6037177952378858
93700.0 4.431202 9.006640 4.195042897969475 4.318706382252822 1.6662247466046716
93800.0 4.462625 10.131632 4.14278032810655 4.142617816004816 1.7171254018058704
93900.0 5.357686 16.112201 4.742003842541181 4.8952005502071545 1.7067049768616673
94000.0 4.510405 9.717240 4.236805288469169 4.162148429952607 1.7249672772610694
94100.0 4.245615 13.030850 3.815603577340041 3.9219868272213745 1.7809862088427015
94200.0 4.379843 10.777402 3.846149608655508 3.9200668738385214 1.6677173119409314
94300.0 4.227816 9.799920 3.971339796428959 4.036413494601051 1.6548674575372873
94400.0 4.469507 9.558628 4.074659860842359 4.152957052487737 1.6553173215350667
94500.0 5.483307 13.693685 4.975565902766105 5.064085014628813 1.7427631358012263
94600.0 5.247205 16.097952 4.661692280071285 4.780817733084105 1.6463830843978706
94700.0 5.178343 15.400053 4.610211654215787 4.7856576873392145 1.636743235054521
94800.0 5.525328 17.301720 4.898649003268345 4.9729115292814345 1.6856572873566638
94900.0 5.036156 14.083330 4.5247798660620155 4.5543506666585305 1.7236891962154588
95000.0 4.514931 13.009339 4.047290499092724 4.163119919597715 1.6478581129159597
95100.0 3.828313 9.974385 3.508057983023435 3.572057142538526 1.5706282252492247
95200.0 5.245748 16.569369 4.661886330814253 4.737611684925179 1.6861047644591451
95300.0 4.073849 10.604257 3.796147702177231 3.8403504372967223 1.7249247296643369
95400.0 3.761822 9.687321 3.5802640119716984 3.5730556867100005 1.7633928128970557
95500.0 4.644080 10.408868 4.305840246529894 4.332726147472902 1.8731658511642766
95600.0 4.308169 12.860955 3.8832135201237263 3.933703003889477 1.7545111991081188
95700.0 5.697827 18.973038 4.974395852703074 5.156271194461697 1.6863133818848322
95800.0 4.625498 14.644781 4.118932262128252 4.253126339717373 1.5831981758393847
95900.0 4.747563 15.011033 4.1173506369573545 4.251939216933694 1.5902500641401685
96000.0 6.042932 16.418506 5.513610217863173 5.575053762735215 1.83481340584694
96100.0 4.564596 12.238126 4.243849977987083 4.239696503195266 1.6678798288675805
96200.0 5.263875 14.400685 4.762065144003541 4.870155239411663 1.6968238729642358
96300.0 4.186055 7.619863 3.9934054809192974 4.082438597062962 1.6867317768408319
96400.0 4.945234 13.378450 4.534840698818351 4.597713710498686 1.6891314141987344
96500.0 4.893207 14.922841 4.377789954991496 4.431218876017684 1.6374238855621983
96600.0 5.423192 15.003224 5.0197497096337385 5.182110065767602 1.6877320828451163
96700.0 4.335144 13.471241 3.9100061072790426 4.0039607009906915 1.5825680089421361
96800.0 5.257913 15.042888 4.590558559544525 4.75377202825826 1.8151034376482003
96900.0 3.751311 8.974717 3.499327998769599 3.4931849113519093 1.7236004791748836
97000.0 4.893225 16.133401 4.326130452273405 4.4620823314031695 1.6397085662348647
97100.0 4.703243 11.547098 4.330360686218964 4.414062844597583 1.712623746272787
97200.0 4.633628 12.645294 4.196518464108173 4.281873073923199 1.7015995389381369
97300.0 4.436052 10.289035 4.127836484586466 4.203404526766398 1.7874401737056895
97400.0 5.353451 14.947644 4.797755898060858 4.8654945191856 1.7724091475750787
97500.0 5.972491 17.169008 5.500860496468077 5.5604860903134945 1.6483013412022598
97600.0 4.564327 14.062710 4.10586922210955 4.237368894655052 1.6672160029955407
97700.0 5.763040 18.255336 4.953805759716698 5.115002890760364 1.6815304160384306
97800.0 4.687459 13.527351 4.139236109135851 4.2764037439107705 1.6369930829523713
97900.0 4.243848 8.276243 3.925416406076717 3.915812309674718 1.6815345187507476
98000.0 4.874812 14.861330 4.3493797284964595 4.442885217399228 1.5244021010124376
98100.0 3.802092 10.361050 3.5406510122830324 3.512430347258893 1.7082154541947325
98200.0 5.147522 15.344320 4.566156391141021 4.654883838904286 1.6288272896325167
98300.0 4.779013 14.476074 4.211147485211682 4.345972360597473 1.7193356093359944
98400.0 4.510541 14.008720 4.112887550675957 4.206162064059397 1.6941270602110918
98500.0 5.028270 13.680884 4.577417177851585 4.6661664723736465 1.7596869948492306
98600.0 5.356513 16.922117 4.791031839702546 4.924580846385556 1.7887347144435883
98700.0 3.480923 7.605962 3.1519259132781827 3.2218187473930806 1.576637916599054
98800.0 3.954032 6.854864 3.8227482376393795 3.8071856315518855 1.7027719579156033
98900.0 4.792949 13.738095 4.361921763735924 4.4613535529249875 1.7346593910790529
99000.0 4.855022 13.196415 4.236620500496885 4.342583734283982 1.734153225701353
99100.0 4.421015 12.168996 4.043612233136238 4.14664754743774 1.6425213690221103
99200.0 4.307955 11.668502 4.010573682319988 3.9966015979146863 1.638947089342648
99300.0 3.921084 10.428185 3.5853798581844325 3.6087019142102075 1.7155893658129422
99400.0 3.914690 7.058775 3.8318720512026982 3.843675202525822 1.6822049392913037
99500.0 5.538070 13.888478 4.991476437814925 5.0939058270347575 1.6010110098479164
99600.0 4.309769 10.167786 3.9519408425703006 3.9794926874897043 1.634819637002406
99700.0 3.717673 7.972931 3.523471615664856 3.5180857160537444 1.6761579537260418
99800.0 4.367462 6.819284 4.049330087238284 4.145677450744497 1.5559830988831267
99900.0 4.970710 15.524046 4.342811978844197 4.425253873112999 1.5975124974118307
100000.0 3.808722 7.240945 3.6257448854027263 3.6346521823492983 1.751320312072647
