# t rg re s3 s4 s6
100.0 8.658680 27.088622 7.769512741073499 7.833089492775636 1.6833401949819384
200.0 7.199607 14.875511 6.620296258232514 6.616802758994729 1.7410289578013451
300.0 8.928419 21.778615 8.284479837116042 8.347330387004215 1.7046424619914669
400.0 9.883908 33.645876 8.57844043315585 8.754390601498283 1.6556190833455646
500.0 7.967654 22.078813 7.22134746135917 7.320740955025367 1.7310001755431978
600.0 7.722229 17.903681 7.144785863684043 7.1821546189571395 1.6969595025450241
700.0 7.208631 14.539630 6.863092687471669 6.870561214654474 1.6443335478722225
800.0 7.238445 16.834905 6.815028836573431 6.809996669662928 1.736848578841001
900.0 8.009179 24.011933 7.345900894231687 7.4630917347508 1.6519069564804034
1000.0 9.456564 27.951827 8.613741507939682 8.654714479972673 1.6477024206466733
1100.0 8.873887 24.937817 7.909367989094849 7.991983497753038 1.7378607941530462
1200.0 9.644504 26.327276 8.736498687349842 8.776047380996044 1.7052799533307181
1300.0 8.342291 23.442915 7.6746646575273925 7.715543626389994 1.7112179307803985
1400.0 7.415249 18.645214 6.864794559772659 6.899478939865634 1.6235882832099713
1500.0 8.228976 18.084265 7.777866354923792 7.859303706382812 1.695724093026115
1600.0 8.105157 27.103323 7.249851237080676 7.3481078888010645 1.7349800646883968
1700.0 10.298295 34.787093 9.046170084390104 9.178891497779269 1.6770057538121241
1800.0 10.361149 30.564982 9.240859061551983 9.288004462892017 1.6297163267114962
1900.0 10.661504 31.667877 9.427818003601477 9.482061663401248 1.6395690268500538
2000.0 8.551254 25.554419 7.650060847482431 7.797286657050371 1.6892441014931274
2100.0 10.595991 28.622430 9.578629385934653 9.64719509320818 1.6909542613564694
2200.0 8.028501 25.069201 7.050449093688816 7.196495668668698 1.668611970524046
2300.0 8.659920 23.424677 7.7836635580127025 7.795813826712217 1.6202010781242866
2400.0 9.720400 27.906630 8.729170558227068 8.779131892134195 1.6440999777452874
2500.0 9.581150 29.709339 8.764671176819839 8.855710481666177 1.685176675543605
2600.0 8.883383 22.606970 8.122176533827187 8.142847945896223 1.6604448836270487
2700.0 9.550303 26.955370 8.575349403053016 8.687579827475716 1.6740751652505435
2800.0 11.297048 37.271441 9.821497879183728 9.971956643896194 1.721448324669239
2900.0 9.854995 27.387817 8.892101923391156 8.994212755175843 1.6959509883319186
3000.0 10.245748 31.634794 9.214118154012546 9.29297619259291 1.7014885243640205
3100.0 8.111641 22.826625 7.3502003567630645 7.417940026953373 1.6471895067562228
3200.0 8.766940 25.658051 8.02843771841643 8.108494775203713 1.6717008319567748
3300.0 7.008952 19.699646 6.444681526596699 6.501757210151746 1.6821542123423023
3400.0 9.653895 29.521295 8.526094978555067 8.632034978974238 1.6509333403969422
3500.0 9.109831 24.956291 8.486251694546693 8.604746392130197 1.6454044537929862
3600.0 9.745601 32.602854 8.781279181920091 8.84610565178494 1.6949490318981661
3700.0 8.028418 21.204853 7.336024872198321 7.412064438853488 1.687156906584314
3800.0 7.962027 23.136702 7.108484025811669 7.221565454918101 1.6430391215961961
3900.0 8.427105 21.146421 7.894929748674313 7.95483591080996 1.6888293112764716
4000.0 8.406805 21.267150 7.877193380174449 7.965736144969901 1.686593802903811
4100.0 7.683934 15.799684 7.239554478291815 7.326291736755128 1.6851600206491963
4200.0 8.137207 18.353312 7.522499424890929 7.584881477945481 1.6953598888447283
4300.0 9.518977 28.940996 8.537437395129384 8.61100863236423 1.712688130017456
4400.0 8.250229 22.227667 7.4512496692516255 7.549374635694404 1.6356800515667191
4500.0 10.904247 35.246841 9.52038191044547 9.667229854888067 1.7003931029046035
4600.0 10.145679 33.325696 8.998385730177588 9.113803349687155 1.7166498575971971
4700.0 9.710473 27.814802 8.876349821224792 8.988911588324433 1.684532675888471
4800.0 9.863756 29.800984 8.888180949942173 8.987837738781034 1.7198208456881816
4900.0 6.828171 14.184818 6.463277131488157 6.4969524190728505 1.6934813398656972
5000.0 8.341576 19.583315 7.86624935631777 7.878638323097396 1.718783576322404
5100.0 8.005168 22.611323 7.248793891144714 7.32107175595602 1.6538029494556454
5200.0 6.482273 16.676780 6.042079943650025 6.086753571720464 1.6955319270499187
5300.0 7.823531 25.372618 7.021371988203472 7.083607997533508 1.6505939464463466
5400.0 8.435750 21.759193 7.645268295125583 7.699386978886325 1.6870756091458752
5500.0 8.940897 27.954070 7.941591909515541 8.068679347449176 1.7088238106727724
5600.0 8.827145 23.450474 8.064242708618107 8.114880881311187 1.6337050585818327
5700.0 7.876752 19.298440 7.491930868944625 7.536996046801984 1.6615086188628931
5800.0 8.306648 19.268311 7.921986541121533 7.915047460064131 1.7297851776756654
5900.0 7.691066 22.733451 7.044564315884101 7.108775182465333 1.674038166977392
6000.0 8.483034 23.098688 7.819819683132649 7.864549867756894 1.6498667324131409
6100.0 8.405397 24.441393 7.7508782406352585 7.773582560414093 1.6788678866352447
6200.0 10.930065 31.800149 9.8840191897783 9.987143526253151 1.6987628459616249
6300.0 9.226576 24.962494 8.33677112532917 8.423266614889961 1.684962683676989
6400.0 9.146370 27.263850 8.162737769783684 8.234569040915382 1.665827114612537
6500.0 9.374778 24.677478 8.543433257233643 8.586112534441721 1.6175258168817626
6600.0 10.820344 33.310164 9.670986610286302 9.759077540094891 1.6986549309515449
6700.0 9.563583 25.599631 8.640779020063915 8.73323155030877 1.6972195260799523
6800.0 8.659446 27.150863 7.911059154520992 8.041763368593235 1.668374455735451
6900.0 6.998989 18.609894 6.390793127746656 6.447685155622947 1.6101912462988088
7000.0 8.769624 28.893766 7.997353275668336 8.141363046147228 1.7260653552705232
7100.0 9.937803 26.886913 8.985756276747132 9.020358937065156 1.664933305132243
7200.0 9.077856 26.185173 8.22125109612875 8.278034791158397 1.6220842419003239
7300.0 7.279166 21.566570 6.702481964351299 6.756549922472103 1.6987940940614152
7400.0 7.792977 25.640367 6.962282232587307 7.043298965588566 1.7027620004803492
7500.0 8.709623 18.168496 8.08211466309049 8.126054710721645 1.7189067924537997
7600.0 8.148168 21.125997 7.56463515836876 7.571729720715081 1.646496113624855
7700.0 9.139032 20.915274 8.614904829227843 8.58789326592159 1.674249667384917
7800.0 8.156342 22.337526 7.345457157992032 7.424244210185101 1.6629873790165501
7900.0 9.811839 30.173698 8.755558972701722 8.916456015681584 1.6529589847937134
8000.0 8.975633 30.481108 7.578154114683086 7.701152861849656 1.6180185381304297
8100.0 8.397132 24.945577 7.401853535029899 7.468799791170911 1.6711683220842724
8200.0 8.571772 22.553274 7.826075515848542 7.914729991166201 1.631714600126904
8300.0 7.718772 22.160979 7.197253405643426 7.281667516563939 1.66888942972129
8400.0 9.954818 31.055533 8.8648610520049 8.988782661151198 1.7289861519238532
8500.0 9.367510 23.708322 8.66328875825858 8.741819638832512 1.6503255047229939
8600.0 7.246947 21.918661 6.640121456039569 6.709684278180123 1.636061109255818
8700.0 6.893327 17.225634 6.2897497530755615 6.316084113050414 1.7006867346755667
8800.0 8.450075 23.495074 7.760617340511067 7.783659675069248 1.7216098546029577
8900.0 9.047761 24.060158 8.13457508874333 8.222863228548238 1.6289611379696087
9000.0 8.928916 29.101268 7.884685074290273 8.028811977808664 1.6224384781267238
9100.0 8.450903 24.536975 7.855427732045048 7.965861287103003 1.6768533435062145
9200.0 7.887823 22.269315 7.3085116009841 7.363349237768241 1.694055888382637
9300.0 8.322877 24.696782 7.650517965575046 7.7207582257169305 1.6613423899123487
9400.0 8.973907 25.580200 8.121866584262712 8.232284490976381 1.6709837309266744
9500.0 7.755384 22.938409 7.194956633742129 7.31712279224748 1.6632767674863331
9600.0 8.410376 22.828844 7.963341396455621 8.02763548370382 1.651015317601617
9700.0 8.520588 24.049819 7.6601704312780745 7.744210206200587 1.6917211836218748
9800.0 9.202459 23.612559 8.34014991560556 8.372904858295373 1.6841494523405174
9900.0 9.298591 24.781076 8.298344327079146 8.41761518635454 1.6902373234993882
10000.0 9.341452 24.347116 8.576517637083967 8.605361502562088 1.6668538996653135
10100.0 10.034683 29.439274 8.859828108330118 8.944592489207128 1.6633472065984949
10200.0 8.401549 25.165220 7.562933255084132 7.623056594283416 1.680107116058707
10300.0 8.235631 24.571485 7.390224120540953 7.497241989318226 1.620925485777226
10400.0 9.052750 24.546604 8.269780057265567 8.327434094878686 1.684873989390557
10500.0 7.163339 15.236277 6.740075278943074 6.751690819986645 1.6246180998196955
10600.0 8.147478 23.605427 7.4140485096241555 7.512007487093557 1.6252960745565317
10700.0 8.803215 24.067551 8.169871847831025 8.169837348991738 1.6045736403065392
10800.0 9.129654 27.758586 7.879744650588067 8.035376393928892 1.6599154489720975
10900.0 8.880339 22.819177 8.381016200828006 8.422572007517816 1.658688604045737
11000.0 6.380811 14.963050 6.011475121631536 6.016740489828722 1.705428377957627
11100.0 7.670769 17.934225 7.3140894176592575 7.353733009788552 1.6772088156567806
11200.0 6.214875 7.438886 6.14396714300474 6.087979340315412 1.6323050781347443
11300.0 7.338129 13.185780 7.064113167747621 7.095233177433503 1.727139072521769
11400.0 7.687261 20.795100 7.366028112747751 7.415288452146845 1.6697157785600265
11500.0 7.898467 20.454500 7.337098171207767 7.403937040033311 1.6768197768297974
11600.0 8.610974 26.654273 7.568739858547107 7.611680491583001 1.6902146433016794
11700.0 10.187431 31.750781 9.240608229333077 9.328080621817843 1.7240977950302467
11800.0 9.945423 29.318424 9.088220683658147 9.208640679088187 1.699245854142767
11900.0 8.223461 25.400076 7.380565314135259 7.4540173512728085 1.6940061993042985
12000.0 10.156636 29.458916 9.08621079556243 9.144424887982472 1.7368851247710968
12100.0 8.560840 26.078773 7.8767559517830374 7.954197271223904 1.6366322328481977
12200.0 9.534475 28.249415 8.47463760302984 8.562410454483173 1.686581646585459
12300.0 9.014008 25.801595 8.064071502319699 8.11792414798787 1.6426955360136126
12400.0 9.708762 32.434668 8.513529895035647 8.629167554482054 1.683384021996216
12500.0 8.115681 17.491519 7.661329602250207 7.724110651074415 1.7401874588505444
12600.0 7.466059 16.683414 6.85828211674349 6.878143805712173 1.7028579773795263
12700.0 8.055294 20.778319 7.43064447689492 7.456966035550274 1.7419457084905376
12800.0 8.295460 20.071246 7.627184016317851 7.6415998328825 1.6566316097760878
12900.0 8.315447 23.554527 7.377890523025434 7.48821526802653 1.6787066067176009
13000.0 8.701311 26.911488 7.5802988160971365 7.693814606857606 1.672556231766527
13100.0 9.184206 22.261521 8.363818046704326 8.432131589249938 1.688420879857843
13200.0 9.718076 28.542419 8.751931739346139 8.845376094306587 1.6665146880343438
13300.0 8.811384 27.299586 7.9752035921899385 8.111243514769706 1.659760371971203
13400.0 7.892274 22.545990 7.3334118466619795 7.485457434310692 1.6872320117245843
13500.0 8.616429 23.917203 8.080022811871176 8.109102900674207 1.6576425672223718
13600.0 9.254080 29.744320 8.192366042016008 8.3033935746743 1.743034401865007
13700.0 9.616829 25.451024 8.73237931364214 8.808504004693964 1.6554085993698964
13800.0 10.096253 29.345201 9.21283776717484 9.34368574049832 1.6525424615037185
13900.0 9.470587 26.542491 8.384368919267489 8.506935027781676 1.611338993817676
14000.0 10.821468 35.774535 9.45344099069882 9.538846056361546 1.6367746391340163
14100.0 8.662010 28.365123 7.633235011203316 7.703570882253275 1.6553395026892301
14200.0 9.933599 33.773146 8.559436883075374 8.738225978154762 1.620200664817493
14300.0 8.403584 22.839010 7.581676584484857 7.607152229201241 1.6616351920842958
14400.0 8.341637 20.958525 7.727950697238273 7.747711081475307 1.6369862610651789
14500.0 7.502934 16.667635 6.972316837008252 6.98284612316447 1.6137918406834062
14600.0 6.676993 16.261376 6.19176184253614 6.24817857320732 1.6273216174150158
14700.0 8.401902 22.704147 7.765878333182338 7.916148141279725 1.663111462578049
14800.0 8.341436 21.876327 7.916225406939861 7.979180612851431 1.6707164097883493
14900.0 8.339902 22.960146 7.604313036105591 7.6552970265616755 1.6854316004335252
15000.0 8.450296 24.750840 7.956140474923887 8.055334168004247 1.6294856069796722
15100.0 9.504526 23.844569 8.671394291226859 8.688177778218614 1.7097962514535192
15200.0 9.086854 27.552781 8.137106512728128 8.247413373892261 1.6631919618626718
15300.0 9.339000 29.383148 8.288296757410476 8.397109545765414 1.6085041310849513
15400.0 7.621966 18.343735 7.184603072699573 7.230489981159884 1.6816767353140212
15500.0 9.172468 27.794504 8.243200264873055 8.291719918837329 1.623390531613814
15600.0 7.033660 23.019845 6.285236040470407 6.36219873256856 1.6682635596611677
15700.0 8.111486 26.179365 7.288737965129273 7.393655658740845 1.6857145005054537
15800.0 8.794649 27.719993 7.714094113652618 7.8493189765157725 1.6876607607729974
15900.0 8.810769 25.479682 8.06732911773055 8.153714579015746 1.6927152573157327
16000.0 8.987432 24.468295 8.055356673904313 8.11707666437709 1.7292087427091227
16100.0 9.035897 24.138447 8.159133394279094 8.230270697860863 1.710458724590708
16200.0 8.604452 26.758012 7.632435592087921 7.787546386274837 1.610083127133851
16300.0 8.363466 22.077251 7.521367424683475 7.580223096851105 1.6903031599604068
16400.0 9.161641 29.174323 8.043916517820238 8.122287303414783 1.6297705131311437
16500.0 9.348820 29.432625 8.390962676639367 8.523485522490278 1.6443348407861156
16600.0 9.016644 29.260659 7.8913970700550715 8.049374712525255 1.6498727919383853
16700.0 6.884159 19.019465 6.164237527436609 6.282300030247158 1.6415635825575812
16800.0 7.859394 20.662213 7.321705963515436 7.333349406956078 1.6962458358222576
16900.0 9.678981 28.983596 8.634920412529015 8.759298933156945 1.6791603940421038
17000.0 8.583387 25.039003 7.667756961074025 7.764517064081589 1.6661497540016832
17100.0 7.655040 20.297667 7.22713893930654 7.243856333886374 1.6749248539290515
17200.0 8.888345 22.740928 8.19969889533385 8.231665137614769 1.7012808203457153
17300.0 10.333008 30.517972 8.991248986865141 9.103875131546358 1.6890110507356175
17400.0 9.725226 27.923156 8.574946579393492 8.653719922298919 1.734033434378369
17500.0 10.096070 30.108835 8.848052449422122 8.97607480858227 1.6589789459926734
17600.0 7.823465 22.222927 6.918411892139863 6.982422949408741 1.7050131649977278
17700.0 9.564123 29.930971 8.323734243098423 8.401359065481708 1.7304288047925793
17800.0 9.908706 32.535695 8.790031293127704 8.889669802122386 1.6116939677484758
17900.0 10.600042 31.329047 9.603821641838737 9.713644785614704 1.662092628297348
18000.0 9.440423 29.261450 8.489258122557896 8.576946620402762 1.6583269402502359
18100.0 8.524057 27.315263 7.713973360972034 7.801713729675285 1.6994721517481646
18200.0 8.358346 26.261368 7.473911004924379 7.561925275767876 1.659122199031611
18300.0 7.806322 21.959864 6.8570073137593575 6.897034609690676 1.6576672135616652
18400.0 8.688116 29.134418 7.6911495322975885 7.807270599118079 1.6453928106305942
18500.0 10.568546 31.932428 9.372638606829987 9.46030863570378 1.7398016462072727
18600.0 8.821233 25.061125 8.002506767334033 8.073237823805847 1.6816947391254968
18700.0 7.651751 19.232228 7.1349985712553154 7.1729923808666385 1.6375931435261883
18800.0 7.708989 21.034022 7.094039499251824 7.210567717650364 1.6767448163232512
18900.0 6.552757 9.678942 6.301150517117835 6.27990826113794 1.6863609342282129
19000.0 8.060525 24.698645 7.389114523753956 7.483255601392347 1.7349943486805763
19100.0 8.353943 24.596657 7.565577012093553 7.625835344552757 1.6347407397739298
19200.0 6.522432 20.102417 6.04993130937103 6.088714161401069 1.6599039255387085
19300.0 6.910337 15.528742 6.582514963182674 6.639497447922234 1.619748106221567
19400.0 8.778894 24.254624 8.063013576491496 8.133395392588895 1.656439929734757
19500.0 8.460559 22.978803 7.938906305840715 8.022136595742348 1.6626673701838788
19600.0 8.765332 20.237939 8.1693712630744 8.276078266509591 1.6948026655750446
19700.0 7.528891 16.554481 6.916091389543307 6.973761462559495 1.700613268483658
19800.0 7.196442 17.883209 6.722679012579209 6.8647684828596605 1.6332912860522273
19900.0 7.332294 18.670988 6.579965914559812 6.6044673633461315 1.7321971976198234
20000.0 8.247093 24.406682 7.549218887209883 7.5872312271078775 1.6594217057933858
20100.0 8.197204 20.845797 7.591125440522187 7.632619804145351 1.7146527300421894
20200.0 8.905023 26.011106 7.985150586275761 8.061288361395269 1.6523009532520534
20300.0 8.180966 24.025337 7.643645035986188 7.701923493080514 1.682189475956536
20400.0 9.041274 27.342686 8.093897324763798 8.13929343189936 1.6733307292463613
20500.0 8.186865 19.884262 7.505390566638387 7.526012556749004 1.6835896700561706
20600.0 8.948444 26.757592 8.013736039413796 8.058467749791605 1.714587152407887
20700.0 7.841607 21.631700 7.181268244743031 7.274390785718094 1.6455485191618389
20800.0 6.653870 15.468384 6.005877186470291 6.043405481211783 1.6668433627493708
20900.0 8.591650 24.720647 7.955362712108847 7.998219587428619 1.6649660855473234
21000.0 8.613638 17.313066 8.259676830774954 8.298065141993249 1.6821378345604547
21100.0 8.857602 22.095183 8.435191812081305 8.530872813504711 1.6884134210115573
21200.0 8.759099 24.241105 7.829956955833005 7.875958578726745 1.7110042767072395
21300.0 7.648476 21.449356 6.880995011212724 6.952664595397814 1.639822579174384
21400.0 7.297320 18.624165 6.7496473043023775 6.836772450034793 1.6228232059343954
21500.0 9.076443 26.665353 8.258783450214787 8.342726096075962 1.7065753513227349
21600.0 8.279049 25.544055 7.569696805616312 7.629313234604902 1.6535510450830349
21700.0 9.107919 24.231605 8.378125161535893 8.404827085143406 1.6522192561783262
21800.0 8.642279 30.800964 7.691104309915589 7.848770350919251 1.6801210720640312
21900.0 8.154000 26.911293 7.084955755334772 7.249801316985449 1.6666074070770303
22000.0 10.006007 31.815668 8.624464868178595 8.806324342169269 1.6586804966035311
22100.0 10.247254 33.507725 9.10067950049935 9.184839209230889 1.6806629367739796
22200.0 9.757778 27.852429 8.892906756340414 8.92723040964209 1.6337488326059213
22300.0 10.404627 31.901530 9.316325895496602 9.437056265390286 1.6989203503042998
22400.0 9.899525 30.883040 8.592606476815398 8.69835589144097 1.6739830363784807
22500.0 8.935461 27.349480 7.998064842549243 8.124524200018081 1.6530077227842823
22600.0 10.292463 30.056014 9.15360146170731 9.235685484781069 1.6744031532185757
22700.0 9.018729 25.720932 8.315066598143556 8.34391405528229 1.6733355097789473
22800.0 9.486474 25.671959 8.477847257511845 8.532190143567135 1.6443998620122195
22900.0 9.550967 31.628882 8.560467077531067 8.75834666683383 1.6789902040191607
23000.0 7.842754 23.959045 7.204134302506816 7.285528477000842 1.7121702176383313
23100.0 11.313605 34.868548 9.916292711362702 10.05094534910261 1.6860133168376683
23200.0 10.226488 27.921597 9.288832678870184 9.347752006952687 1.6683865658602857
23300.0 10.409700 27.861335 9.292437339079656 9.368996857630835 1.693005032342507
23400.0 7.838935 22.117555 7.193789190709477 7.227727714096843 1.6598624541350786
23500.0 7.365500 19.412735 6.740782943123941 6.802130948665807 1.6859641949457655
23600.0 9.617414 30.740162 8.224544133022013 8.315817749612375 1.6972780272171526
23700.0 7.686289 18.595412 7.211504826007473 7.244659043990092 1.668016275570589
23800.0 8.115876 19.012922 7.64536881586009 7.703172315401032 1.6859381444030959
23900.0 8.233722 22.933622 7.518774725368941 7.5623424237172445 1.6561672428971044
24000.0 7.608769 19.462295 6.9111640085754065 6.988162070495553 1.6860091642081203
24100.0 9.508821 25.888482 8.620612502091724 8.735341389057785 1.6876502475142674
24200.0 8.122550 19.184886 7.716910035866189 7.773172540999815 1.757914295032734
24300.0 7.722342 22.525940 7.064332312222607 7.132929302419157 1.6289424241490083
24400.0 9.084594 31.676663 7.766687928445916 7.900355617112052 1.6417669691569292
24500.0 8.139247 22.058169 7.467494465754331 7.477631429725338 1.6279045825797909
24600.0 7.488513 20.644842 6.808267003180832 6.865939192326923 1.6726230297394933
24700.0 9.725960 24.738909 8.624456063749278 8.683723293412992 1.625052367444712
24800.0 8.662714 26.786200 7.792090581063059 7.886899474948047 1.667097349754774
24900.0 8.769207 29.065622 7.7553448587155325 7.873337372706933 1.7051774954070347
25000.0 8.038685 19.991136 7.4939866847618095 7.541685828136233 1.703130428755223
25100.0 7.744653 18.438034 7.199646183113952 7.27083366552037 1.6580479722724895
25200.0 9.431738 28.371174 8.503799185160704 8.591168961645893 1.6800366866584282
25300.0 7.539374 19.059595 6.9193055129345105 6.985712708637125 1.649085736705199
25400.0 8.853342 27.197410 8.107516282188294 8.229487982070905 1.6603283565510418
25500.0 7.781526 17.848905 7.231330107757577 7.279266954141381 1.6763607797324886
25600.0 9.200313 23.187409 8.371920909456481 8.478968462750913 1.6736590064991688
25700.0 9.896767 29.988843 8.661378239783417 8.730242539552275 1.6682446995029534
25800.0 8.102343 24.468167 7.214470460559332 7.318018650820064 1.6367778630592356
25900.0 7.931893 22.166545 7.282056828093945 7.320151125875016 1.6390307807160291
26000.0 8.226109 24.830843 7.2274201152568605 7.326760533731419 1.6480584206902433
26100.0 7.715157 20.481130 7.143720729300833 7.195264047770512 1.673287770868414
26200.0 10.274677 32.161689 9.193270166719785 9.31682479363248 1.7227024217639069
26300.0 9.226219 25.489102 8.281923288096547 8.374739756326186 1.6560082403039589
26400.0 10.275079 31.210769 9.197701491044832 9.284722969477892 1.6793748985661823
26500.0 8.271091 18.583603 7.784839611031253 7.82065872867658 1.7053047841182076
26600.0 6.832893 16.528109 6.423976660995967 6.436827450458453 1.6911123489478364
26700.0 8.688322 27.305265 7.802787814846865 7.919884822247444 1.6317301625704452
26800.0 8.300810 21.823170 7.494191409305667 7.546519375126913 1.709686441751633
26900.0 8.711792 26.216707 8.018011656210648 8.081139010751341 1.6505822288095497
27000.0 9.571787 27.969455 8.56192737636094 8.625278108233482 1.7124063904704585
27100.0 10.133943 27.218394 9.258249311021334 9.32590305655216 1.7232943826113498
27200.0 10.499818 31.234380 9.265385654895587 9.382064231277147 1.6899615701604398
27300.0 8.684141 20.232881 8.19016855978832 8.190849767983465 1.6598002282364217
27400.0 8.605225 18.350758 7.90256486514837 7.9325212976718795 1.6292359499294813
27500.0 10.154364 28.473447 9.153239617510854 9.262067867172942 1.6912526169893243
27600.0 9.062276 28.342862 7.859512629049154 7.9605479278255995 1.6828497517136818
27700.0 9.306322 29.616483 8.322030487770176 8.416262297472327 1.6734505746628063
27800.0 9.931133 30.889334 8.892294489252382 9.042143634980265 1.695568700011597
27900.0 10.250948 31.139573 8.920246886447465 8.994720209210962 1.6345325992873743
28000.0 10.217052 31.435501 9.226926806024675 9.258653333156259 1.6650715035931047
28100.0 9.713700 28.769060 8.741426795578995 8.821454929265427 1.692108678463604
28200.0 8.464758 23.304516 7.797694840777475 7.855179494943479 1.6472264367287897
28300.0 8.589998 24.039997 7.7553280533343365 7.832975333215291 1.6852814371660616
28400.0 7.665042 22.363951 6.858162552150818 6.910917484403351 1.7010933724129607
28500.0 8.826781 22.641897 8.286487427658525 8.340373252096338 1.6799067102712633
28600.0 9.304456 23.258231 8.520700202494698 8.61861143064935 1.6676933965055079
28700.0 8.144782 20.714849 7.619764084952013 7.613683684153341 1.6048027112966223
28800.0 6.423914 18.890463 6.048423267322446 6.121494614524141 1.6944521791149296
28900.0 7.995980 24.536322 7.136818138855099 7.186699458774434 1.6696559313719794
29000.0 8.601618 27.507649 7.638612731154393 7.716765037902545 1.6414881413359381
29100.0 9.970812 32.536141 8.769547900306156 8.946167649277779 1.6707721752021092
29200.0 8.523377 25.256999 7.563376471370995 7.6610364725806726 1.6834784898332664
29300.0 8.416127 25.586272 7.732802856268689 7.804103869553283 1.68303606538316
29400.0 9.605575 30.896590 8.345693011810013 8.45030855530664 1.6771993937547762
29500.0 8.887867 25.927324 7.860638877437447 7.914265152830742 1.7282493721151633
29600.0 8.557585 29.222133 7.3966379828134095 7.5070982603299266 1.6592617596532029
29700.0 7.503684 21.652588 6.933037107157089 7.047004953195315 1.6810603654644356
29800.0 9.515837 25.148308 8.939899334840467 8.988195436823569 1.7351241322648265
29900.0 8.600114 25.390256 7.699169572721433 7.785369479065885 1.6951554959626973
30000.0 8.013896 24.203120 7.3066430177804245 7.374988140794827 1.6127174118364715
30100.0 8.830024 30.133359 7.888439448432865 8.009984354195678 1.6381697475829988
30200.0 7.944469 21.315233 7.579349150664616 7.645579577577564 1.6810544045237665
30300.0 8.549591 20.241330 8.020109888978116 8.00748428259805 1.7091420363973606
30400.0 9.244097 26.706483 8.359654100549259 8.407903194483747 1.7049740156422997
30500.0 10.264642 29.126102 9.265104370447236 9.335773086560302 1.7117232544035883
30600.0 9.499509 25.394609 8.758603625817488 8.806122221455631 1.6581123611601456
30700.0 9.570482 30.310077 8.669241262938385 8.81078557386245 1.683469328398323
30800.0 9.483824 22.472198 8.747011052186545 8.792116881606084 1.6536789538367704
30900.0 10.784928 29.598096 9.655645129562313 9.746149814427516 1.6608574345542826
31000.0 9.606276 26.932383 8.53040413432701 8.628988639307467 1.6724126618171753
31100.0 9.530539 30.778578 8.39537742782536 8.452914842672794 1.6864291022118965
31200.0 7.280731 21.968872 6.513429399712536 6.533317006130324 1.717571216883264
31300.0 8.546029 22.634346 7.704382734698725 7.75809706643968 1.6380622512520993
31400.0 8.264799 28.371715 7.25042240098441 7.361786256533121 1.6984618936603249
31500.0 10.062602 30.809228 8.894646007587376 9.003896675731228 1.7234779878271744
31600.0 9.069111 26.506982 8.12372770023281 8.186515299531456 1.680789115382677
31700.0 10.374424 30.093903 9.338209281060783 9.409531324484139 1.6749593120964623
31800.0 9.638048 30.069289 8.424889444482266 8.543632507667827 1.6915598087033108
31900.0 10.231243 31.524468 9.159429994128338 9.284804408977768 1.711324526235759
32000.0 7.836115 20.817564 7.224957240843007 7.304473892528954 1.616000870693432
32100.0 7.693820 13.536838 7.41945151578162 7.461024992859335 1.6469667049601573
32200.0 7.193503 17.635279 6.755513433346742 6.769358237804644 1.6834469996905532
32300.0 7.923672 23.137923 7.292971875250231 7.322615904359124 1.6866576031457723
32400.0 9.556957 31.172796 8.491181153613258 8.619383006583075 1.665246683162207
32500.0 10.453650 32.981099 9.086698696820477 9.247584246623635 1.7030383615275029
32600.0 9.179291 30.711828 8.0219974640187 8.190130899112702 1.67537914231153
32700.0 7.639395 21.495747 6.998732772325524 7.0902616485494585 1.7219548628807462
32800.0 7.746200 24.334438 6.691740704331598 6.794593291652112 1.6807983996747857
32900.0 7.488622 23.923510 6.9079132581405895 6.99431620497038 1.6679160391768049
33000.0 9.672645 27.831389 8.765730952865702 8.86563129899098 1.6928571890982866
33100.0 8.482896 23.931207 7.824017789723348 7.9039960716802975 1.6572819585987657
33200.0 8.665365 24.613268 7.652150466838071 7.737533455501139 1.7232171231025144
33300.0 8.517040 25.044853 7.843334480628168 7.949300857371909 1.6665393972568192
33400.0 9.359414 22.175291 8.56335178565057 8.623628135167632 1.7155377963102356
33500.0 9.172094 29.872918 8.244750778653186 8.364656081917545 1.7142393711743154
33600.0 9.634918 28.363739 8.732894617104337 8.819900584974224 1.6516867279027323
33700.0 9.671849 26.133140 8.867894194637664 8.892643404933173 1.6964062723186366
33800.0 9.905685 28.772825 8.9282103232129 9.002425211749898 1.671106472092241
33900.0 10.013349 30.295900 8.812746436488668 8.881859970772163 1.6582321970452762
34000.0 8.521724 23.679385 7.723504530412137 7.789363509910282 1.6764472711027945
34100.0 8.487252 22.689236 7.7898392055888825 7.816608988109118 1.6457479801018082
34200.0 8.439222 24.319576 7.733564020102432 7.808420460470531 1.7144505138008481
34300.0 8.315896 29.320137 7.265349914629972 7.350390370065488 1.656926054888191
34400.0 7.569763 21.222922 7.083951205775097 7.203399282990025 1.6603982413511176
34500.0 6.347013 6.909282 6.1471466591035995 6.1491298526100335 1.6317806812912854
34600.0 6.998605 18.208532 6.628291619924867 6.674130371756878 1.6294643940900444
34700.0 8.466618 22.664425 7.67043991274193 7.763102498107948 1.6462077649186955
34800.0 10.254403 29.448196 9.28332216827405 9.379766537672715 1.6850907374912547
34900.0 10.156156 29.559786 8.997430137424978 9.11815426377874 1.681383897934911
35000.0 9.527163 31.537805 8.312055760654268 8.482669955350632 1.6922022694751524
35100.0 8.084476 24.981050 7.335064099025092 7.406329245967096 1.6824826242460498
35200.0 8.627070 27.579632 7.750124523455365 7.856321910779632 1.6558107904350237
35300.0 8.837707 24.545309 8.132541653857219 8.205061279288786 1.6912764463259387
35400.0 7.678139 21.023285 7.133272650909292 7.171204302601327 1.673036729986422
35500.0 6.332436 18.709179 5.669321932840357 5.707275828828213 1.6190413388183746
35600.0 7.877431 20.423875 7.419866791927378 7.495688480721898 1.645712322123619
35700.0 8.585215 22.770638 7.775243074507956 7.848939440359486 1.6709272946179183
35800.0 8.818799 24.046839 8.12081839639483 8.183844724976966 1.6963044786413566
35900.0 9.258884 27.854141 8.5337886323817 8.581226448584436 1.6936829032263776
36000.0 8.704616 26.756696 7.709637444529101 7.817015455051871 1.7412303683246555
36100.0 7.729966 22.488704 7.101957449137317 7.186448732853242 1.6973451682200311
36200.0 6.928951 23.528200 6.107344518038291 6.190207580401218 1.6675611888801862
36300.0 7.744098 23.253771 7.076018991568849 7.163108087481034 1.6893757187813543
36400.0 9.683615 25.471034 9.019120389095924 9.125698682829844 1.7017131441746733
36500.0 8.381897 21.687389 7.874990512483307 7.944459262372057 1.6582290378319273
36600.0 7.163571 22.944955 6.614154447860435 6.706924408989701 1.6351222926849525
36700.0 7.959145 22.129116 7.3139302611357575 7.327302267010743 1.6914201829964688
36800.0 8.797478 26.402683 8.097745947363874 8.210350961543204 1.643401230022422
36900.0 8.729047 20.728434 8.06186633945581 8.150928714245543 1.6268558350843587
37000.0 8.563311 25.105418 7.801688173621041 7.8332606598571335 1.7262593828390083
37100.0 10.226939 32.555694 9.106615603080387 9.230163029323032 1.6446487981130342
37200.0 10.704295 32.781466 9.387593398892788 9.535292448043784 1.7159615363695266
37300.0 9.811598 28.623079 8.850650235527091 8.930787965331215 1.7227793245625151
37400.0 9.655604 27.534178 8.910734707359076 8.953226709127541 1.7227052858137373
37500.0 8.681059 27.346025 7.817717094771236 7.943757467344767 1.6608475295865837
37600.0 8.871299 24.881633 8.07768958277411 8.150572164742034 1.6092412528463562
37700.0 7.726983 23.879727 6.860938956877798 6.940125917285344 1.6312509992489965
37800.0 7.295823 21.193805 6.593413977048618 6.652284196595274 1.6647505942712921
37900.0 7.696407 21.102606 7.231910523615138 7.31904732008153 1.6564848238471506
38000.0 6.651357 13.467235 6.422870822177162 6.46856721971059 1.6490187984188445
38100.0 8.100586 22.492799 7.386571080701903 7.463213207700305 1.6557913882732305
38200.0 8.759612 25.357716 7.88070220094867 8.00792447231165 1.6266513025149056
38300.0 8.202027 15.532722 7.893150092912062 7.912685933241277 1.7465633758712107
38400.0 6.738743 17.138727 6.315352447103446 6.299089682959206 1.6537015497049579
38500.0 8.222908 25.281913 7.253426484359121 7.337387285036727 1.7055739189817176
38600.0 7.296828 20.915356 6.767908640967222 6.865269462275767 1.6882006832260215
38700.0 7.187536 10.764405 6.985043965111049 7.025774497860115 1.6950199617595998
38800.0 6.940444 18.998975 6.534778737928895 6.625482415465368 1.6676950694367754
38900.0 7.420723 19.728674 6.921593257000743 6.942409376494723 1.6382610093548458
39000.0 9.182078 26.724349 8.21501860724096 8.308489683824257 1.6891695350823994
39100.0 10.161417 27.988414 9.322580894469361 9.35445494123636 1.6831586458616365
39200.0 8.778904 25.039332 7.736409662440696 7.834587707696767 1.6386748156610869
39300.0 10.346649 32.083458 9.053623536370852 9.160212504522757 1.6914175702590015
39400.0 9.428760 31.169570 8.243446559182082 8.375814139722635 1.638452756947247
39500.0 8.870900 27.168917 7.896358858626866 8.022828570803876 1.7208047424415922
39600.0 6.764601 15.917584 6.357738096330554 6.443145170079502 1.6261126650065296
39700.0 7.516018 15.734722 7.223160274444734 7.268071459228333 1.661658999157673
39800.0 5.942938 11.841422 5.679160658474344 5.718023707920174 1.625435593233191
39900.0 6.156639 12.343685 5.891037971409916 5.925649414468094 1.6445661139627652
40000.0 7.020548 16.279534 6.667007398602301 6.667334652299644 1.6118496756624
40100.0 9.696105 24.497704 9.07227541411025 9.099318059465437 1.6972914237259655
40200.0 9.115488 24.555345 8.233316469601313 8.310580171956303 1.6413887395443818
40300.0 7.986588 19.301806 7.1475563554660315 7.207446641441531 1.6700404195167418
40400.0 7.674927 18.876075 7.179484247873914 7.237013741800083 1.6718843824617837
40500.0 8.366363 26.534479 7.2860802002751655 7.363518284745079 1.6338764054366026
40600.0 8.065902 23.584793 7.563613912633024 7.632026726506055 1.6249577229688952
40700.0 9.067829 27.353116 7.986983038228136 8.112842432434409 1.7014150196268742
40800.0 9.966212 32.319756 8.698893337233116 8.780559048477484 1.642116518095533
40900.0 8.880801 27.766407 7.751849013784969 7.828549240134946 1.6326418220473313
41000.0 9.826511 29.103062 8.681475772864127 8.744206003440192 1.6859785638819
41100.0 8.484360 24.311924 7.595376186930887 7.6675657208759755 1.63741372333143
41200.0 8.406463 24.999380 7.810791635698382 7.8556925528129105 1.6829675856869615
41300.0 8.186266 19.317561 7.50503652155388 7.503297517230414 1.6641302160262983
41400.0 7.912294 21.203265 7.286440795354611 7.350725242057306 1.6383273517196681
41500.0 7.950700 19.308529 7.40496975674052 7.453435018353482 1.6444451257642017
41600.0 7.467118 19.565843 6.978370919226688 7.025024965281906 1.6781642080713541
41700.0 8.450170 17.320835 8.064991042571366 8.089030269923908 1.7011828373815328
41800.0 7.266196 23.918346 6.56869991808484 6.6130604444142 1.7216095526110322
41900.0 9.128126 24.970663 8.59588567753948 8.651741782413069 1.7199759973444109
42000.0 7.225452 16.163485 6.856338161201741 6.9079248701793645 1.6593369257677173
42100.0 7.128080 19.516807 6.453550230472098 6.502265832112769 1.630745993260096
42200.0 9.884350 32.555462 8.839893154401356 8.965337109077202 1.6530866095551497
42300.0 9.589027 26.102517 8.801404982216798 8.901587668482327 1.6960697763967039
42400.0 9.553345 24.393239 8.83158442121537 8.878759635282407 1.6460864199668817
42500.0 8.582599 24.451910 7.749192206771361 7.816764701844576 1.63478154575828
42600.0 9.194589 30.200970 7.951290585712527 8.081947745277176 1.640985565829965
42700.0 8.140421 22.352216 7.326293755182795 7.382069261049358 1.6510080011372545
42800.0 8.241134 24.087763 7.541970693394113 7.574944617447621 1.6349704701532606
42900.0 7.969247 23.171059 7.258780616490083 7.3345745834289335 1.660688756053489
43000.0 7.662120 17.873313 7.23028201454066 7.262657445547552 1.6960425303776223
43100.0 7.533317 17.838887 7.19721745470361 7.2588540599296945 1.679765978391546
43200.0 9.545236 24.484180 8.698894937748902 8.781459193660888 1.642207298107954
43300.0 9.627556 26.733664 8.681966584331803 8.788757587179155 1.695599091418447
43400.0 10.361833 33.296153 8.748340389332006 8.88377807613744 1.705090494031004
43500.0 9.405626 26.384973 8.404339363301574 8.488019448828268 1.7185531386719397
43600.0 8.766023 25.088668 7.877182755253608 7.973496375703847 1.6284148271479482
43700.0 9.547629 28.038696 8.646849884018772 8.682187442519902 1.7325489332882162
43800.0 8.112173 23.129374 7.581499212874337 7.622360847346892 1.644692976839311
43900.0 9.411475 31.345540 8.099417091602184 8.209304005085972 1.6881770632014486
44000.0 9.509938 27.631434 8.534231165995603 8.644609718488068 1.6619877542485813
44100.0 7.731612 16.547645 7.161603019929649 7.150570811935781 1.674818358591293
44200.0 7.818430 16.900569 7.351418087601042 7.404481038374822 1.6643531342465963
44300.0 9.567341 32.317579 8.392656438782065 8.592711725477365 1.687218117475223
44400.0 9.225944 28.405796 8.12234871955699 8.204822531054967 1.6578081828766629
44500.0 7.746923 20.964842 7.013597057725397 7.072147487809308 1.6935572808877308
44600.0 8.047431 19.551207 7.7194880329183215 7.774313957086541 1.701663885389413
44700.0 8.032989 20.805970 7.579093309573051 7.619999566803663 1.6837678766917086
44800.0 7.010441 19.234330 6.563534530229273 6.587996604347358 1.7233875721661236
44900.0 9.207677 23.067069 8.248581315951617 8.325413036226376 1.683892053745501
45000.0 9.290404 31.868791 8.188524580213116 8.279762058276567 1.7007893367935065
45100.0 10.555847 29.346226 9.561857539602938 9.622984791030694 1.6496013698151952
45200.0 9.032633 25.895882 8.326659888140165 8.41035122219721 1.7112679207409693
45300.0 10.292564 32.422103 9.03144255645134 9.096353987991009 1.725618854230047
45400.0 9.583902 29.776825 8.290375028576747 8.396878420316911 1.618031854752217
45500.0 8.938518 20.449863 8.437701773500276 8.50330925810378 1.721046286140776
45600.0 8.873569 25.288926 7.988597310475771 8.124624625105046 1.6378809086574129
45700.0 8.508995 26.540153 7.663224443880217 7.739616215284813 1.6855700061835999
45800.0 8.342312 24.956795 7.477596954365141 7.5765442667307115 1.626838270063232
45900.0 8.604103 24.811974 7.8237178906624 7.936659428776017 1.6913650082596008
46000.0 8.524798 21.156986 7.793260525759388 7.8167335713405 1.6518471051700903
46100.0 10.173749 29.670731 9.13439759299161 9.207066496360259 1.6470829603902244
46200.0 9.588550 28.477162 8.585780276349157 8.635294427837689 1.648098579922809
46300.0 9.837673 29.241725 8.815442763382205 8.944534549839062 1.6958962969006781
46400.0 10.425405 32.515554 9.063143594432347 9.165217977092025 1.6878828384946598
46500.0 9.516884 26.935247 8.674030850646538 8.711069219265747 1.7423846399595138
46600.0 9.319090 24.459009 8.458689859953356 8.519679866645848 1.6660816224764448
46700.0 9.081703 24.955725 8.190452923453721 8.262377838477365 1.659983631563392
46800.0 9.720077 28.738882 8.704836415682795 8.805179003806003 1.6958889772600956
46900.0 9.655834 29.477909 8.528765302712353 8.632501855438205 1.6553404945533217
47000.0 10.077307 25.933870 9.235062946142493 9.312458627312488 1.6527489931609287
47100.0 9.014421 26.763233 7.906319911696654 8.039347930261469 1.68438325732621
47200.0 7.637164 24.959577 6.7477413390696785 6.85575896109704 1.6197353831860637
47300.0 8.249772 21.996443 7.396948511774953 7.464547813369314 1.6848105074159372
47400.0 7.614127 22.802297 7.013892328624378 7.1222380605824585 1.5912827089803387
47500.0 8.897061 22.941805 8.363388075255006 8.379974521632477 1.7065299471198652
47600.0 8.625363 26.968227 7.887450532622514 7.966253707260432 1.6595914480383192
47700.0 7.884293 24.290685 7.344346858782434 7.392849706520855 1.6658473845417991
47800.0 8.100970 23.850411 7.463154195032367 7.5298643322768966 1.6980412751665215
47900.0 9.169332 28.758703 7.98848260314917 8.096681116316912 1.6662943039733153
48000.0 9.580343 29.299625 8.561908124214417 8.62694369332151 1.6572716176011353
48100.0 7.860260 25.044637 6.977368450568545 7.039208153837378 1.6385838059332876
48200.0 9.333720 26.380609 8.477531980533836 8.58175672088493 1.6728388076942384
48300.0 8.630689 23.389774 8.112612482068835 8.151227034148413 1.6754298229538245
48400.0 7.808775 19.695510 7.162820220757003 7.248833431945772 1.6616450055113139
48500.0 9.036531 23.327266 8.301607482931256 8.380460134273637 1.6420500176464192
48600.0 8.040031 24.217601 7.29384596039182 7.367994319036419 1.655581729729256
48700.0 9.267871 27.241006 8.285442310949374 8.363020099117021 1.6527807339187628
48800.0 8.026833 19.734723 7.5684401801965535 7.621001850066605 1.6812658140614414
48900.0 8.250229 20.384095 7.795966227209002 7.851000638275514 1.6898270197876502
49000.0 8.531732 25.819333 7.7065360826496905 7.8497336387693455 1.7497829856079012
49100.0 7.558959 14.202341 7.2411331363787115 7.290514173630858 1.6012255156964743
49200.0 9.455377 23.786507 8.882257831417828 8.943297190878614 1.6778559464298213
49300.0 7.577720 18.269234 7.14634171493633 7.158764460327453 1.6693483636738933
49400.0 9.087594 24.848829 8.13978205627183 8.155029658187106 1.640671385109542
49500.0 9.328344 29.883615 8.2726557015029 8.448931456384758 1.681183787223183
49600.0 8.783735 24.564515 8.073188773452234 8.18810720657292 1.6873400872726985
49700.0 10.114414 30.055807 8.97225285963437 9.04437399625632 1.6927821274923731
49800.0 8.242412 22.951351 7.51663888892508 7.583284964223187 1.7005997600519231
49900.0 9.188184 26.397764 8.549366363437906 8.639602835407434 1.7651214260827424
50000.0 9.215209 30.412650 8.45343295929069 8.519368573191315 1.6278685136327595
50100.0 9.642232 24.938482 8.869792102828503 8.943749181486114 1.7432136349464407
50200.0 10.265755 30.110726 9.23746169062087 9.360001329675615 1.714042887812275
50300.0 10.439145 33.558329 9.330666838235286 9.408257607275786 1.710366652969257
50400.0 8.518282 27.327911 7.494701828069875 7.604277244594013 1.6673778325897137
50500.0 9.668592 27.133865 8.85864407980804 8.921314242048565 1.7617064237348221
50600.0 8.835811 26.534003 7.836036007914524 7.900038460969633 1.7293957664356818
50700.0 9.402113 25.171581 8.507119843227118 8.581578389456624 1.6254272456879564
50800.0 7.883846 19.647108 7.358746918933191 7.411176099279748 1.7324073036155216
50900.0 9.424852 25.960196 8.60155451404136 8.613360829859802 1.6624519734352223
51000.0 9.129913 30.571162 8.015701848724255 8.113946896067903 1.694044428261915
51100.0 8.480698 23.541401 7.920429588084603 8.012232917154641 1.6569129923178427
51200.0 9.124317 28.737223 8.126752806771155 8.247455619959709 1.6485475353519587
51300.0 7.315841 20.666376 6.676916090122137 6.745436064873909 1.6321547455143155
51400.0 7.650234 15.534638 7.104674735513274 7.163497643220164 1.7308289380616395
51500.0 9.102855 27.729819 8.113384453855149 8.259945451062881 1.6297859416413083
51600.0 9.205391 26.895859 8.139639039176476 8.230875160960249 1.6309316302885317
51700.0 8.675970 25.593038 7.89815359765821 7.998360409953237 1.720584218693617
51800.0 9.333881 24.637282 8.70283303947888 8.748843594659176 1.7049411765909581
51900.0 9.009252 25.797516 8.146225218670718 8.221443307430654 1.6847247116738622
52000.0 10.163547 30.144998 9.111305445776884 9.190184576958652 1.6777790340892114
52100.0 7.744215 23.533783 6.96502337847643 6.997457749755063 1.677194248992771
52200.0 7.486761 19.964094 6.614084689501285 6.662024553456659 1.6373461381615628
52300.0 7.607689 23.241779 6.85229956172741 6.914320823961009 1.6768855411861798
52400.0 8.301902 19.499731 7.878466921143344 7.9828364494536475 1.6876282292216211
52500.0 7.320697 19.110393 6.842801931808526 6.85487778341454 1.641726877596293
52600.0 9.019113 29.173009 7.766876334361772 7.894098613031479 1.6686980832389142
52700.0 10.116138 33.649998 8.947262410846825 9.064737193576821 1.7115158395164933
52800.0 9.376777 31.300880 8.238213587970897 8.353396543817997 1.7392366024476948
52900.0 8.929624 25.844066 8.092251634410259 8.201400225897261 1.6685516057758263
53000.0 8.403523 24.489374 7.605274942536579 7.697745996950719 1.6891327516506134
53100.0 9.269605 25.210142 8.515212159282159 8.593873912333764 1.6583077687706502
53200.0 8.539706 22.040870 8.14525253212198 8.166726091309897 1.6421523082286043
53300.0 8.072854 21.735387 7.32555535098623 7.412628424714223 1.687399337332949
53400.0 8.131974 22.884216 7.308638427526766 7.390425763274969 1.6760087009613343
53500.0 8.269059 22.442881 7.692152433444885 7.70311256150507 1.6693907378442823
53600.0 7.238120 15.908911 6.901278019220695 6.962084164458507 1.704911650501051
53700.0 7.955732 23.200518 7.409747293353499 7.440264730723654 1.6953428351034876
53800.0 8.484035 26.496667 7.856301646213859 7.948746955076466 1.7525577819195362
53900.0 8.403185 17.611625 7.8654234203898215 7.868118039617275 1.6633994034906385
54000.0 7.508999 17.291022 6.96036770003019 6.989068378254476 1.672437142739282
54100.0 7.969672 20.693217 7.474534111500942 7.5679937745652595 1.702936071924176
54200.0 8.607119 22.595296 8.098173711398388 8.212987551099465 1.6223033242982856
54300.0 6.864371 14.363222 6.498715894234563 6.497195680927486 1.7319629247219883
54400.0 8.234728 24.101121 7.646413797729536 7.66556598267466 1.6850099142047406
54500.0 7.856618 26.661403 7.138096281094171 7.218758632614017 1.6633055721019014
54600.0 8.455239 25.074644 7.771573008431694 7.81275477780366 1.645551364765408
54700.0 9.491552 28.110854 8.539040448010176 8.615266080208224 1.6751216550636951
54800.0 9.483431 27.785910 8.535137674599717 8.599276551978134 1.6997344600676694
54900.0 9.604576 29.181858 8.402789452965617 8.457203554049517 1.6187538732922329
55000.0 8.842453 27.835334 7.727899646506703 7.82356707081378 1.6712779018959911
55100.0 9.562783 27.020662 8.536313385841275 8.657403135508327 1.710081668312211
55200.0 10.104994 29.310788 9.085351432154496 9.157862401945945 1.6840253099371754
55300.0 9.546033 28.445738 8.565850915375654 8.6689258317487 1.69993365131905
55400.0 9.923540 27.257347 8.882139666447811 8.944434894162685 1.724712987307315
55500.0 9.253511 27.294947 8.346935098122623 8.414275966469908 1.6585311348735465
55600.0 9.782863 32.562402 8.67410427016092 8.759526758509782 1.7022662393054537
55700.0 10.614797 29.263094 9.629548142601772 9.675296931830625 1.6720516303475847
55800.0 9.659055 26.876129 8.908538155154504 8.987732957392623 1.6859844810682507
55900.0 9.219706 28.568972 8.276336759979019 8.368907694823616 1.6253651588921934
56000.0 7.481026 15.974526 6.827966228024221 6.890401365586595 1.7124313432422644
56100.0 8.861250 26.195589 8.123300063645665 8.2253945998802 1.678526284253671
56200.0 9.047749 25.218274 8.37736468122118 8.383236412865623 1.6687593063620638
56300.0 10.221413 28.510248 9.267478481330345 9.333483550437501 1.7042783536917452
56400.0 9.718521 27.612474 8.801657287545506 8.880823243680592 1.696549631432687
56500.0 10.036283 32.109243 8.775074501785149 8.921286310967002 1.7254893264203561
56600.0 9.208338 28.439242 8.139951287678901 8.231220694608856 1.6556031387642074
56700.0 7.885638 20.588363 7.30994674452326 7.385760481014562 1.7125082705682753
56800.0 5.990292 14.087636 5.582020110061325 5.669965665070177 1.6082273961301832
56900.0 7.207744 18.449318 6.754457909429433 6.78540319823538 1.6705855870697706
57000.0 8.986088 27.117114 8.124487955131569 8.173813379582556 1.685687890373371
57100.0 10.039078 24.860420 9.094871959679347 9.171937969984924 1.6700401216525604
57200.0 7.701578 18.349535 7.136085879999309 7.205679886591378 1.6782051022003723
57300.0 7.005941 20.562797 6.591634453946879 6.679926710149398 1.6790782164972033
57400.0 7.499421 18.092478 6.957691514559658 7.070766383878067 1.619799782250997
57500.0 8.677312 24.782915 7.923667519597883 8.00804744044319 1.6596985612842088
57600.0 8.434422 26.629752 7.461259163258498 7.541666577714694 1.7218551556956965
57700.0 8.879439 27.664093 7.933317345527157 8.046730996340242 1.6734589862292422
57800.0 8.050524 24.677210 7.393220954527449 7.460451073925377 1.6957720564049867
57900.0 9.584533 27.340448 8.403167160839594 8.475158824711036 1.6802069863184985
58000.0 9.482063 29.165434 8.531525318761764 8.602484622656442 1.7088663183804504
58100.0 11.019771 31.787930 9.634641692504667 9.733662377695973 1.740273142903447
58200.0 9.086990 25.703361 8.332661925549836 8.391669445574587 1.6546542067800494
58300.0 9.433032 25.404613 8.53759314845936 8.604668604565731 1.6397586134266657
58400.0 9.101252 29.380949 8.070147702364089 8.14575621260572 1.6820613915195386
58500.0 7.609760 18.440857 7.143599505619489 7.174951146854883 1.6840289882283501
58600.0 7.120109 19.638666 6.458191682882967 6.519022256603015 1.733442764890134
58700.0 7.895007 22.445606 7.270881736170346 7.2795666997356925 1.6117883870662835
58800.0 8.677249 26.669612 7.69692416823836 7.793391794370879 1.6796183556983342
58900.0 9.168215 25.621857 8.170812781096258 8.215912373690708 1.7104920235378918
59000.0 8.365986 21.807118 7.822131760378865 7.859482687876607 1.6775819155264138
59100.0 10.202920 30.395300 9.037230640529813 9.092648088196256 1.6879413420174496
59200.0 10.148754 32.112351 8.732636271022953 8.802482259488649 1.6898961899076084
59300.0 10.668955 33.014927 9.277757495133125 9.36474167910321 1.6958065839293706
59400.0 10.171864 30.959602 9.019470610432514 9.139293930157342 1.6952818860426584
59500.0 9.735293 21.585593 8.94354613587588 8.95649579332768 1.664715494481841
59600.0 10.360879 29.447501 9.367766313273682 9.443850983203806 1.6721903067535666
59700.0 9.411270 29.575401 8.374316545704906 8.493030215064891 1.682903465757188
59800.0 9.631860 24.885569 8.861223814932154 8.86644787302963 1.6310850181356609
59900.0 9.758945 29.144142 8.975810203302645 9.012604154481668 1.69585102761498
60000.0 8.666331 24.187477 8.000505177751398 8.106809501274235 1.6891230927796916
60100.0 7.236030 18.346998 6.669907336683532 6.713270558362469 1.6845199303834804
60200.0 7.513119 21.140630 6.900984818545508 6.967050106719726 1.6641632825561865
60300.0 8.686433 24.134013 8.008137145280013 8.101144857201254 1.68438833127435
60400.0 8.213876 24.882704 7.18295143699775 7.240854970312997 1.6648598419291047
60500.0 9.084285 28.347892 8.074094837234682 8.191302068361741 1.5795686088362493
60600.0 8.196268 22.453219 7.553420485472773 7.560147082649496 1.6665866826486087
60700.0 10.466781 33.249212 9.17920731879275 9.30997995253195 1.6961586603526555
60800.0 9.327245 29.541773 8.408458716823967 8.523320553223805 1.693968789602634
60900.0 8.940450 25.996551 8.129784669825824 8.207468006896047 1.6557133601406866
61000.0 8.222066 21.259254 7.5294726959746585 7.5474629863835725 1.6682282729152196
61100.0 7.446676 18.752573 7.042104934099092 7.080120149225969 1.6875027652836778
61200.0 6.602198 15.907979 5.974345789754534 6.0172956144342855 1.6864919840667132
61300.0 7.260914 18.913062 6.899045579258283 6.9550208433417104 1.6569905362975021
61400.0 8.069920 22.105916 7.444409741558496 7.502813819780847 1.70960249951916
61500.0 7.890665 22.194039 7.120250680830134 7.202855011342967 1.691626673587468
61600.0 8.139871 20.544414 7.538290015181343 7.587529114124123 1.734204929270467
61700.0 7.989713 24.340741 7.133802450428227 7.228609941388999 1.6947150470848777
61800.0 8.745248 24.417884 7.707830831026686 7.7668834808373095 1.6576850868404363
61900.0 8.266392 22.186089 7.4938253877237235 7.590400104416292 1.6807010324832015
62000.0 7.575730 17.770206 7.119974923418863 7.141646289674859 1.7064704067444034
62100.0 10.097123 30.606098 9.050567968143696 9.155722185026478 1.6414469310493223
62200.0 8.418143 25.128665 7.4818786264095785 7.5708654131671285 1.699135183884795
62300.0 7.760458 23.781681 7.03806048457731 7.130273166127162 1.621493325560046
62400.0 8.842404 26.089322 8.007601213079145 8.113318599591917 1.6852559096156863
62500.0 9.827857 30.019049 8.766103192483845 8.84329228259654 1.6734995709069487
62600.0 8.992683 25.845140 7.946689934690235 8.018498451112624 1.7126751991552875
62700.0 10.027020 29.782207 8.808579750841492 8.887622026433464 1.636448819732858
62800.0 10.359957 32.518160 8.96684331872714 9.07969040643545 1.6614712249548564
62900.0 9.043170 25.855658 8.212239350417988 8.268467918620113 1.6895177231789182
63000.0 8.610906 25.485824 7.819518993986151 7.872180945992012 1.7039287054214816
63100.0 8.190544 21.283701 7.7362449551524115 7.8196135947632905 1.7510481932815265
63200.0 8.665582 19.940141 7.869200039858461 7.96348014593163 1.6294793627714166
63300.0 9.695626 25.320215 8.848364191142089 8.908223102246145 1.7169641683982841
63400.0 8.139325 20.221902 7.61310827738925 7.661759944261413 1.686668953383881
63500.0 6.585291 18.894795 6.038277872559794 6.087786662637877 1.7387222725357028
63600.0 8.965839 24.421036 8.184277434456336 8.276152950159112 1.6907684581478142
63700.0 9.290878 28.323254 8.500255721112593 8.557182696530607 1.6376292752210506
63800.0 9.426612 24.402928 8.489123071190237 8.55654284990449 1.6524353923314588
63900.0 10.140128 28.476988 8.891216136948552 9.031854859716649 1.6894327799954787
64000.0 9.453077 28.484316 8.422035805936703 8.534574024789224 1.714274847916266
64100.0 10.027117 28.570776 8.889231194998693 9.004410342087501 1.6426367800456538
64200.0 7.679041 15.734568 7.292978471533145 7.343655991878211 1.6249434082435679
64300.0 7.800081 23.227701 7.16109568582364 7.2849131719717874 1.7068627534788874
64400.0 8.884053 26.965931 8.054132250211246 8.156140634478275 1.6846858967967318
64500.0 8.993812 22.537753 8.369992133416014 8.38795052847193 1.6625421762644665
64600.0 8.933194 24.287852 8.026025278106637 8.07222005650718 1.690751569054582
64700.0 7.769960 22.300064 6.977566917144133 7.071973099870203 1.7068915029187344
64800.0 9.275040 28.414676 8.527938049047002 8.622947647968218 1.6706539489067325
64900.0 8.223263 21.770305 7.468774103391882 7.501643820544068 1.6368491965126883
65000.0 9.264397 27.708166 8.120265377774619 8.19888775079851 1.715760187081192
65100.0 8.507203 27.533170 7.441085868354573 7.539988872177805 1.6797239086257472
65200.0 8.655983 26.404135 7.639759275421217 7.690652842352692 1.6900264337397926
65300.0 8.935707 25.412690 8.004797631214563 8.128151988675759 1.6577178066045837
65400.0 8.880107 26.299041 8.087737547193104 8.17707647754316 1.702195436009739
65500.0 7.716653 19.693002 7.019552568386556 7.094962197906906 1.6802936167695428
65600.0 7.748742 21.802796 7.239595111842626 7.237226997462589 1.6559274446531214
65700.0 8.020510 21.654539 7.360816022345568 7.398236232391575 1.6715695764533887
65800.0 7.651928 22.810394 6.919180274599549 7.009505807008566 1.6761202134966848
65900.0 8.807808 27.450763 7.819864976301567 7.9012612352254505 1.7021403192870723
66000.0 9.748661 28.666761 8.765061283851102 8.822026130960008 1.7358492964091876
66100.0 8.558319 23.088975 7.847617111165346 7.918020659222881 1.6721789710588195
66200.0 8.623167 26.622089 7.728137196278671 7.846816435227389 1.6553866004864377
66300.0 9.045276 29.292189 7.86586171760293 7.946443953976411 1.6766684874427114
66400.0 9.146339 24.661979 8.359717381446792 8.461669739941392 1.6996282312438218
66500.0 7.384283 18.802031 6.932490056930526 7.0106434075523305 1.6826780477228502
66600.0 6.569962 14.544906 6.197302140788874 6.232543629970313 1.673684422934066
66700.0 7.485883 23.293939 6.790356157747806 6.849773854996038 1.6704381943691844
66800.0 8.993531 24.448858 7.938968993009064 8.044378121665394 1.6611473671517498
66900.0 8.332258 21.639000 7.7354087413963954 7.795998479619543 1.6821842079958316
67000.0 8.681225 23.411810 8.273499209081255 8.330930840615155 1.6644781998855012
67100.0 8.092223 21.604178 7.575030400353475 7.6285287693426564 1.6760168971768519
67200.0 8.112241 18.148137 7.6758518288290585 7.675833766499526 1.6509458199161569
67300.0 8.517787 22.556995 7.735736981744452 7.820853132006582 1.7077694053643404
67400.0 9.324817 27.212208 8.447333737201662 8.513026018486974 1.6875606725669217
67500.0 7.649684 20.754116 6.918054638497214 7.029602922273267 1.7279772961804034
67600.0 7.270815 19.602571 6.834182220239499 6.901259880060239 1.6429143034428018
67700.0 7.654292 17.340353 7.229879205657062 7.280676442152976 1.7227725990167477
67800.0 7.476800 24.351426 6.680145894369131 6.765338254913751 1.6672458825480116
67900.0 6.996592 15.345507 6.6849757383273785 6.6801992211995 1.6570423607057623
68000.0 8.724213 21.564389 8.108183282653219 8.126326963413486 1.7173523523681118
68100.0 10.413037 30.480467 9.237255090572667 9.324504249112756 1.669575194295281
68200.0 8.011094 21.404354 7.525725073686742 7.5504982794468445 1.6910699442314099
68300.0 9.357007 24.661001 8.656221547010606 8.75162189446987 1.6550534109884025
68400.0 8.341770 27.850737 7.425249363461222 7.562202478488396 1.6766435947537621
68500.0 9.097259 27.349436 8.070328061617518 8.161548684932102 1.6362341080569078
68600.0 7.885116 18.074313 7.339949751877416 7.430088486401939 1.6706909264523895
68700.0 7.002346 15.590764 6.519217951669625 6.5645738618919145 1.7548366365628332
68800.0 8.835691 24.392702 8.151261929132689 8.26918193948867 1.6584984227318982
68900.0 8.656738 28.447854 7.81174247177275 7.882237080213827 1.7117379489590536
69000.0 8.526056 25.646131 7.619084148252316 7.706352699347182 1.6794515520189703
69100.0 9.694239 26.105331 8.751168600326558 8.825264337528239 1.6929600447565145
69200.0 10.433150 32.246245 9.156607672050207 9.285353185781767 1.68044646513756
69300.0 9.799663 28.680869 8.724888480432083 8.844668658749457 1.6581279647388143
69400.0 8.755684 29.170849 7.510384463825885 7.604415943576569 1.649351653376965
69500.0 9.112773 26.782067 8.193509445188948 8.241442694704649 1.6780710760685145
69600.0 9.480141 26.879935 8.461999013164625 8.544481444396899 1.7089559028861383
69700.0 8.061780 26.745978 7.08371703529262 7.193792699211717 1.6695330771007584
69800.0 6.807367 17.007031 6.313694318601182 6.3824809027018 1.6510739182834837
69900.0 5.464588 17.335845 4.9136165425347516 4.9683403447074665 1.6637974906295172
70000.0 7.885048 24.076932 7.1198123632846375 7.212656579579414 1.691585124651281
70100.0 8.853753 22.656356 8.118553987259224 8.146352104996225 1.691997661025286
70200.0 9.411870 27.849551 8.425218021641182 8.534491070686034 1.7016916742627353
70300.0 9.940911 32.497585 8.801602717587642 8.94502614562443 1.7269712428681288
70400.0 9.985134 30.097173 8.922777432642267 9.03838748592081 1.6928776395923486
70500.0 8.758821 27.739999 7.735803774928853 7.863463099386374 1.7275315543016974
70600.0 9.249161 28.178687 8.256021053761499 8.397374875479267 1.6263082584234205
70700.0 8.819263 27.209852 7.7867543847008225 7.8482167706559745 1.655407387679836
70800.0 10.726710 30.755159 9.491290321665714 9.572708816400748 1.6777799831907998
70900.0 8.998483 25.089584 8.317036944575998 8.354105792493117 1.6813764172735541
71000.0 7.160052 18.312047 6.514654492747499 6.600554680771167 1.711911511680433
71100.0 7.940481 23.825747 6.984034938541688 7.0432015951360345 1.6445053759089434
71200.0 10.342972 32.132574 9.10112379017719 9.19560839704746 1.5941851916810326
71300.0 8.998503 21.694079 8.250166899890482 8.297204642897045 1.6942049537733637
71400.0 9.011459 22.957991 8.1963574459462 8.272946850595316 1.7446130589978932
71500.0 8.919407 27.800093 7.93402024190023 8.021616987287409 1.6822557336086337
71600.0 8.130942 26.413636 7.338957371854798 7.388194259809804 1.665281035999788
71700.0 8.374203 22.812026 7.66058784913024 7.701745568196204 1.7036661831261632
71800.0 6.762129 14.463671 6.433635248258833 6.469296707657526 1.630094092729864
71900.0 7.976327 23.197530 7.3431939466766885 7.406413712880221 1.6587700092513558
72000.0 8.852008 26.217853 7.972854314501141 8.053183222406792 1.6903907416346133
72100.0 9.237380 26.179124 8.478007650414213 8.564864861974186 1.6667693474093794
72200.0 9.435406 26.805947 8.617417700276162 8.698031057901684 1.7930528624261775
72300.0 9.537095 29.580534 8.278327053711495 8.37538170614192 1.6003402328866596
72400.0 9.048207 25.520268 8.11949663788055 8.157626998229283 1.713485652895831
72500.0 7.751810 23.982122 7.1149220463099985 7.187545453508634 1.6400975797326447
72600.0 7.957851 20.493618 7.248763890290176 7.341690446231983 1.6801914872319672
72700.0 9.941535 29.777600 8.806127371661939 8.903135198170022 1.681114934460832
72800.0 9.346189 27.732314 8.429357766163383 8.530523833983768 1.6911976161608286
72900.0 8.198340 18.406800 7.671668850166584 7.683867975999234 1.6479984870392064
73000.0 8.633181 25.519957 7.86618795927629 7.941229226356148 1.6207435282757168
73100.0 8.929698 23.694727 7.940382879146134 8.012060527712023 1.696196499860681
73200.0 11.123669 34.971563 9.83389967759096 9.916024489803577 1.640758580076763
73300.0 9.880670 32.269975 8.749653128875435 8.872919581299069 1.6330381320850715
73400.0 9.058114 29.601766 8.02871257863872 8.098142011328651 1.6355589967853503
73500.0 9.375367 29.223294 8.436944637256493 8.497457676838392 1.692074124802976
73600.0 8.301937 26.267918 7.391989594861027 7.482761073236063 1.6288813980419043
73700.0 8.749781 20.165965 8.227065470748379 8.249918166339377 1.6530845518103001
73800.0 7.064929 20.886930 6.627800973033791 6.701178636401609 1.6505931441331663
73900.0 7.644030 24.892669 6.832425062539626 6.939337533171343 1.691143381532209
74000.0 7.434667 22.329859 6.768210708133719 6.890196911554776 1.655675755357535
74100.0 10.197611 29.560347 9.005386313010844 9.082964512844036 1.6509675559867731
74200.0 9.662626 30.602482 8.34671236166961 8.444059459146736 1.7053332741195608
74300.0 9.337753 26.623661 8.323319004316765 8.402299628347926 1.7322020138532332
74400.0 9.827901 31.338676 8.961842252655778 9.04924928808852 1.7039716618735383
74500.0 8.921492 25.110810 8.221079380739537 8.313708128469568 1.687436840400707
74600.0 9.463545 23.115787 8.789070540874885 8.81918084032426 1.6408443888838629
74700.0 8.851585 27.003136 8.024582518088435 8.113093213739365 1.6301621452579618
74800.0 10.092531 28.278210 9.123735443659541 9.198041143695873 1.6161866534061677
74900.0 10.248641 30.757530 9.036533929136283 9.184908829622856 1.7044957341074125
75000.0 9.728025 29.174683 8.608876571122225 8.742599574200096 1.6998192203459483
75100.0 8.780730 30.110760 7.593441167984029 7.701307938553367 1.6594618519210664
75200.0 9.054180 24.061578 8.219298922237197 8.256241876243328 1.6744275341338433
75300.0 10.003773 33.374709 8.612361065175456 8.786150983644065 1.7446832934874001
75400.0 9.269666 28.201264 8.28331912158154 8.347385618220454 1.6587941232884438
75500.0 9.828584 32.450313 8.717589303815975 8.819933514628776 1.7025623493994628
75600.0 8.946485 24.368393 8.226442874629397 8.268235675732617 1.7419751454346601
75700.0 7.986935 20.027772 7.53532146415605 7.534519563265492 1.6590297804783634
75800.0 7.792213 16.846714 7.455380612920474 7.467612907262936 1.6592735370061524
75900.0 8.268096 22.347568 7.6232487175003545 7.6768588835141935 1.7407527493328638
76000.0 8.984727 22.890085 8.074026078811054 8.179465218473918 1.7052380094383928
76100.0 8.046263 20.073589 7.308321221245548 7.391668761762109 1.650040737368582
76200.0 10.080249 29.050579 8.888709720530805 9.01351327819904 1.6808946332238643
76300.0 8.292086 26.842001 7.342305539555362 7.46950637741235 1.668464645279015
76400.0 8.665272 21.739896 8.116928531000303 8.194295760052194 1.650121584564604
76500.0 9.435357 29.527949 8.51491580049536 8.575091209162553 1.6882295262848006
76600.0 7.885542 17.336106 7.462178098088408 7.534922247967718 1.6870818824823905
76700.0 8.352507 23.199518 7.58639623224155 7.662933708534976 1.6813080886146679
76800.0 10.027044 31.969336 8.993544827659376 9.07011782963148 1.7230801801729294
76900.0 9.768317 29.428957 8.66967966339526 8.720165223833826 1.686908207306455
77000.0 10.297895 32.308112 9.013619914347931 9.121243231696857 1.6639526030883343
77100.0 9.168727 23.004311 8.61731657773605 8.680518238486012 1.6241823083681255
77200.0 10.925745 33.482987 9.912420538941088 10.014602607860391 1.6715192060125266
77300.0 12.042718 38.177002 10.563319469431024 10.706407257531268 1.7231095097818838
77400.0 9.886927 30.313881 8.845240979402 8.941241225832606 1.6564880792115504
77500.0 9.048897 23.849585 8.426133054588577 8.490627799046562 1.6468993464679689
77600.0 6.963528 16.518290 6.6971649328111145 6.721180412902018 1.6757418447224888
77700.0 8.302076 19.366140 7.689137623475285 7.7542506763069925 1.6619905132793058
77800.0 8.245015 22.891753 7.633290051484736 7.710344137640635 1.6639414924440377
77900.0 7.209093 20.265572 6.5327655167005005 6.574218485065488 1.6761002088381596
78000.0 6.951714 17.987499 6.545790756849273 6.6352438153808775 1.6065655456815997
78100.0 8.180966 22.952508 7.599340965286432 7.677412715135077 1.6597770734166402
78200.0 9.270234 25.685690 8.388236907805954 8.486698624208577 1.6916980651188955
78300.0 10.017468 33.247794 8.767003068955406 8.910988185586147 1.66248728508956
78400.0 9.228301 25.098580 8.523913693318269 8.63017063218649 1.6465251814053186
78500.0 9.328284 22.395204 8.449118374332903 8.541889496671285 1.663806225033153
78600.0 7.771827 23.795585 6.850246048252693 6.928780312581814 1.6487005949687028
78700.0 7.479348 22.287347 6.749291424204895 6.794720844397277 1.6469796810804724
78800.0 8.654186 25.999731 7.610270946307695 7.725879336454774 1.6804207382929652
78900.0 7.325988 18.581579 6.635459252198683 6.707142899541536 1.675165426817774
79000.0 9.152361 26.948559 8.132974583345261 8.2815992988452 1.670002138420484
79100.0 9.230186 26.584555 8.398392225602008 8.464115924826286 1.736824352461274
79200.0 9.382616 31.038776 8.300451182660032 8.410317125539576 1.6733385111897425
79300.0 11.586430 38.022455 10.094911380640362 10.192994400437394 1.724117758412992
79400.0 10.216499 28.362640 9.217415021966525 9.2631272632651 1.6724843289697913
79500.0 9.325409 28.588282 8.381624044379585 8.494284758426488 1.6849596948642578
79600.0 9.948324 26.330718 9.019337349187639 9.153065503452758 1.6871946943545095
79700.0 10.236475 32.445633 9.266658220306429 9.353598360355623 1.7030641249617058
79800.0 8.658226 21.105835 8.204378659642405 8.213645332973428 1.6435982537414293
79900.0 7.901944 14.340846 7.31138190838794 7.247468456280837 1.6595608770777974
80000.0 8.584654 20.857909 7.730600600630387 7.771618500187864 1.6877180029709797
80100.0 8.475859 24.751849 7.850322489669713 7.930960121913767 1.701278078641171
80200.0 8.360099 20.005521 7.620775766555386 7.653077053715609 1.6956976779553876
80300.0 8.220882 24.799776 7.420164051880248 7.505682277822817 1.6798537383728667
80400.0 9.044471 22.679874 8.167500495562233 8.260916911113688 1.626924230302808
80500.0 7.907684 19.179353 7.324520423108586 7.327849188516926 1.7149292040904112
80600.0 7.813927 22.766684 7.184718124689135 7.232890950559909 1.660257654760586
80700.0 8.412926 26.784747 7.591090942335297 7.721894111903599 1.707574804041974
80800.0 7.992477 22.297546 7.442130574082366 7.56108669288909 1.611964312256773
80900.0 7.807016 24.313345 6.786808711369974 6.874325158603965 1.711305292271774
81000.0 8.139867 21.568754 7.58154647993235 7.572018664874708 1.6575505342804275
81100.0 8.177997 21.108635 7.660241559656649 7.762504780534321 1.688849108371432
81200.0 8.050037 22.702972 7.54932692062726 7.593304650974279 1.7143908802048413
81300.0 6.923604 20.972850 6.3211216895869935 6.408847517709197 1.6651840609772117
81400.0 7.856592 24.141909 7.095016434307417 7.186210402948062 1.6813408657137299
81500.0 8.124769 21.622967 7.368214740550428 7.4175226020492495 1.6768323519806392
81600.0 7.512397 21.591740 6.858672755319368 6.964450221991984 1.6952479265628997
81700.0 8.594863 28.109224 7.567796934352792 7.678935736032966 1.6474364678171003
81800.0 9.442586 26.848780 8.725148745808374 8.825441070509964 1.749638132016266
81900.0 8.564266 26.076690 7.5879124401024605 7.719403767267909 1.6584620908441774
82000.0 7.938345 22.965059 7.24360294589893 7.265825023706069 1.7122702042757827
82100.0 8.545035 25.728774 7.847142879061925 7.992882979058156 1.6561986174014625
82200.0 8.817595 20.717998 8.290858641321597 8.334820983395245 1.645376502910401
82300.0 7.505162 23.597677 6.812496340970749 6.899856274004633 1.6720489287579037
82400.0 8.037251 24.883141 7.019476054103343 7.142179303191959 1.6430088498382582
82500.0 9.051783 24.402071 8.307126300969307 8.36173308442643 1.663694057875844
82600.0 9.186660 28.561193 7.882612127707557 8.017777867314722 1.6835148761115544
82700.0 8.332386 21.633531 7.745682483765567 7.783277580591227 1.6349634142534804
82800.0 7.141630 17.642271 6.641969006238392 6.697378827893627 1.6887685543644675
82900.0 8.673145 25.205657 7.819494000955318 7.907108568194172 1.68940391954122
83000.0 7.238007 20.947473 6.656260735677419 6.662918757024807 1.6670317612939423
83100.0 8.055666 22.551504 7.276148284780294 7.358812040353084 1.6711674290073326
83200.0 9.958094 29.973008 8.925475182593416 9.040137911375172 1.7086395438598125
83300.0 9.974144 32.354550 8.808080969912748 8.927106810803446 1.700868348536325
83400.0 9.006548 26.203340 8.097955204811937 8.197928764341496 1.6816151079256534
83500.0 8.711442 24.629621 7.956670229747549 8.016217074075266 1.675800601299097
83600.0 9.439874 27.554125 8.625149735890696 8.695900847838486 1.6857080435304514
83700.0 9.232184 25.416956 8.508005082712161 8.66418885483628 1.6609702907309714
83800.0 8.814049 23.962992 8.075055712980005 8.067800326221457 1.714554689702892
83900.0 7.854975 22.233544 7.281662320313066 7.386569474537682 1.6696043977228343
84000.0 8.769166 26.448038 7.864860066860785 7.959684693608663 1.6441281139891488
84100.0 10.942632 34.296975 9.778465271493188 9.845365792769453 1.6489090817531864
84200.0 8.342220 24.919437 7.747239850419232 7.798102417272492 1.6918670913953235
84300.0 8.516855 25.039346 7.813251300024818 7.905657892381786 1.640676701765378
84400.0 9.254662 26.622017 8.415461482958667 8.47463810396105 1.6355081882776359
84500.0 9.223136 26.831650 8.253839740684231 8.343861314028981 1.6449920266503988
84600.0 9.140262 26.819238 8.096501359093335 8.178338193563688 1.6667087733105665
84700.0 10.586551 32.516819 9.21285587050317 9.374874321881098 1.6423890373680143
84800.0 9.556718 26.644513 8.512272413405592 8.594550855567773 1.6455407230423444
84900.0 8.344587 23.088938 7.575049749785198 7.647352740886443 1.6728558363696948
85000.0 8.976016 26.302274 8.023885609028403 8.065181229604054 1.6455637820772375
85100.0 9.285336 25.221751 8.52979806840913 8.59130914414422 1.6994190324402318
85200.0 9.246167 28.347787 7.959111955966459 8.102768763812943 1.7163113271442287
85300.0 9.356205 29.680005 8.201352974645438 8.313139814345442 1.6274847333578806
85400.0 8.458139 22.509292 7.597981524379195 7.702773735659442 1.646287550957115
85500.0 9.280611 25.473414 8.444404692811654 8.507639298857995 1.6677488885824479
85600.0 11.125199 34.686619 9.792179874063683 9.876829867085306 1.6991531182550021
85700.0 9.670668 28.334373 8.503885002551808 8.587415124045194 1.6397188260217155
85800.0 9.133567 28.732745 8.147716551860638 8.27913723639078 1.7315128611310098
85900.0 9.471439 29.215086 8.559329188900815 8.699697071796002 1.6988953953944588
86000.0 10.054499 29.187062 9.112687790487406 9.179214069979258 1.6914936569528745
86100.0 10.007317 31.316694 8.808931152900296 8.90306552960205 1.7144428287499884
86200.0 10.534392 28.492757 9.471126868710295 9.561866928608442 1.7134997228679965
86300.0 9.445512 27.082720 8.496990487590672 8.586262518763062 1.6120051951591998
86400.0 10.987927 34.157532 9.831874105068291 9.971476848446363 1.689614988807925
86500.0 9.501319 28.882358 8.21589816094975 8.324169770192904 1.6635864766264787
86600.0 9.545601 26.890288 8.543792842630806 8.615739295960688 1.697480459690044
86700.0 9.428179 23.437759 8.558774344878124 8.608015510134997 1.669026314653184
86800.0 8.065992 25.371538 7.1773530472169975 7.2930179867631155 1.7179627869612837
86900.0 8.484393 23.294145 7.867643112629087 7.923281518124393 1.6699676572223257
87000.0 7.875613 22.702090 7.225690384536737 7.326921320400899 1.705659548476745
87100.0 6.359320 15.890337 5.956097170452662 6.055400336523904 1.6371455877529464
87200.0 7.793772 15.582433 7.3301511933717425 7.35255276422498 1.6646823783070954
87300.0 7.910106 24.364232 7.272235219457557 7.305594681708091 1.6312246562055042
87400.0 6.884247 13.154269 6.51175398924491 6.525355728804508 1.6810401878560364
87500.0 8.618174 21.674811 7.854297131218687 7.890056533354073 1.681534509353219
87600.0 9.146835 27.505519 8.421397907716665 8.473644229885194 1.6930948632912974
87700.0 10.061196 28.404828 9.055484033725689 9.14448317916707 1.7102614337670055
87800.0 9.449848 32.687927 8.24815571103432 8.33654849245743 1.6337389195309042
87900.0 8.475532 27.686703 7.515826381249714 7.593050756363071 1.7014518166973809
88000.0 7.995352 23.399990 7.188084350336646 7.2648895281648045 1.7494063296245244
88100.0 8.045167 22.467665 7.268081385729074 7.316250500678373 1.7116731596592085
88200.0 9.041288 23.896615 8.357539015150111 8.39682135167863 1.692813489557013
88300.0 8.412901 20.374901 8.025535825867484 8.020725648732673 1.6625785056226567
88400.0 6.998483 16.294463 6.691755885246368 6.725014297872705 1.6727620191404768
88500.0 9.132298 26.383930 8.275762079335259 8.379191300543992 1.6565697805345858
88600.0 9.757028 32.594412 8.64752766283372 8.751283799309382 1.651050481026996
88700.0 9.818908 31.061739 8.717401038230037 8.824630438954411 1.6752289468825727
88800.0 9.524082 28.805428 8.464663956786293 8.55075888245916 1.7198829838716259
88900.0 8.736747 25.546384 7.958256879298342 8.023260625119 1.7161006089713882
89000.0 8.606360 24.182057 7.627948441109242 7.72478489304399 1.6291518292165035
89100.0 8.368600 25.477105 7.580731383532203 7.642767120206737 1.6410846566027335
89200.0 7.643502 17.308287 7.134065001462799 7.166436243287183 1.7160824508090768
89300.0 8.452920 21.887087 7.930494980810546 7.9342671279354215 1.6798515016601427
89400.0 8.706786 25.945677 8.149593331647988 8.147320674311219 1.6251644954272357
89500.0 7.347218 19.118530 6.788093253065344 6.8491639725643525 1.6677650700736646
89600.0 7.840075 17.781641 7.340112407288001 7.38834229800777 1.6608807983063663
89700.0 9.033148 24.340290 8.28171700367593 8.352316039912207 1.6624850295496851
89800.0 9.066065 25.544962 8.194345280425324 8.287341803648665 1.623218861733364
89900.0 8.780333 21.791060 8.096663406638084 8.15872387764055 1.6772822296953074
90000.0 9.814618 24.470221 9.177427434747084 9.19958465681637 1.6600827054116631
90100.0 9.415544 26.678721 8.459064047468216 8.523417671023287 1.6646340570047156
90200.0 8.037347 16.582154 7.5462195925085105 7.526068799071216 1.7501800169394033
90300.0 7.852888 18.804104 7.264225359471582 7.311051840214705 1.6720861025873373
90400.0 8.622753 20.997983 8.106353185598643 8.105265526357615 1.6741342020689314
90500.0 8.344564 19.928392 7.89307016575833 7.969518417402828 1.6706824183944136
90600.0 7.824336 19.981923 7.104807420988353 7.167915153299857 1.6647727701918515
90700.0 9.883832 25.725242 8.872920483542027 8.954471828988057 1.6387298007620588
90800.0 10.652599 32.588579 9.53397222972251 9.632641564278712 1.6322506215471473
90900.0 10.171640 29.635668 9.087430907154756 9.264459181861227 1.6869576370250525
91000.0 9.174268 27.018363 8.355497915288357 8.42808269206751 1.695685600852049
91100.0 8.227899 26.501510 7.281042751891672 7.324308339167991 1.6209588798642183
91200.0 9.271549 27.197073 8.246255305504087 8.354550300275067 1.668440793306288
91300.0 8.015098 20.439771 7.428362378809646 7.530535736100957 1.6689214462539286
91400.0 7.708901 24.465908 6.662998702233735 6.738462982103741 1.6633648862502322
91500.0 7.409200 22.172504 6.781009509374028 6.8647977723133655 1.6377917603547774
91600.0 8.140943 21.594949 7.644879086670211 7.668940669074472 1.6824602859716955
91700.0 7.884781 16.078052 7.4185902758931315 7.41464353826315 1.6824436890262544
91800.0 8.626813 22.931797 8.023323117418041 8.092251810562606 1.6732974585588016
91900.0 8.752357 25.795970 7.981807036410031 8.06497728140234 1.7125463829252203
92000.0 8.905099 22.645051 8.278309883366003 8.342297758197828 1.7189635577626001
92100.0 8.690802 25.389365 7.739435047891373 7.819333603410092 1.6675672144655165
92200.0 8.753586 24.947909 7.728639879071123 7.854147314136016 1.6356422328592342
92300.0 8.359469 23.856038 7.597418222934645 7.635957902986368 1.7258308346877531
92400.0 7.344830 18.886215 6.982628737070341 7.05211564714909 1.680135326073617
92500.0 6.335154 14.223926 5.950313567194418 5.984667100686177 1.608712292939933
92600.0 7.911978 21.219701 7.3991568163441395 7.490062704925137 1.6758909010762693
92700.0 9.079372 20.525068 8.57257755387188 8.591511558084662 1.721800427599619
92800.0 8.630861 23.406070 8.258546681475869 8.287634236912496 1.7208581999948283
92900.0 8.986873 27.887857 8.122215289479604 8.22912839317151 1.6733768700961358
93000.0 8.509581 25.147467 7.651590307499957 7.6959496595212835 1.6709361357341617
93100.0 8.657945 25.965471 7.560575966929617 7.625987017812924 1.732230253472666
93200.0 8.943344 29.215176 7.739004251388673 7.847757236689946 1.6652170996083908
93300.0 9.031492 28.262693 7.927573668870679 8.025258285434377 1.6530580209192673
93400.0 8.711406 28.813376 7.7023606608187105 7.86697346563221 1.7262333743871505
93500.0 9.072831 27.874930 8.17301751159211 8.307403493872801 1.6605839184076348
93600.0 8.405634 25.047082 7.585004590665357 7.690139863201249 1.6136442939939477
93700.0 9.873007 30.980511 8.660473431698577 8.741374925949453 1.693298652881727
93800.0 9.901450 28.736952 8.758816580386952 8.830523370215705 1.6916325491939272
93900.0 9.442221 28.577259 8.506350436751532 8.629468882695434 1.675869017917411
94000.0 8.375382 27.921368 7.220389970749806 7.287757858919497 1.6112694144310329
94100.0 7.789573 21.780218 7.127528295099271 7.21868158553707 1.6900370578032724
94200.0 8.539935 26.983510 7.402099430955281 7.507111423254987 1.6184334174243544
94300.0 9.435896 27.078511 8.442547072570367 8.454078151185824 1.704981262820289
94400.0 6.978843 19.578025 6.348675173203358 6.370153905908226 1.643376378602684
94500.0 9.315664 26.183853 8.451288125617488 8.470040407210748 1.688619588877756
94600.0 8.599551 25.182184 7.845297556157843 7.92894439081673 1.61827558315369
94700.0 7.658799 16.380505 7.216956888336699 7.268955826436275 1.7017811493766295
94800.0 7.039034 17.904812 6.634527651270229 6.734442466837213 1.628741415969339
94900.0 7.754474 19.067419 7.4043365784544655 7.4472837031825465 1.6469817300781293
95000.0 7.418227 20.553314 6.903379487843241 6.897795713819671 1.6786806148254365
95100.0 7.357041 21.315767 6.8449004629018315 6.853545963694671 1.661120534314059
95200.0 8.689491 21.977061 8.212385301732798 8.315895545717467 1.729546109574586
95300.0 8.221906 20.790113 7.724724112419533 7.791576609326339 1.6760668239467007
95400.0 8.905961 26.654997 7.938046673977635 8.082741567917328 1.6360550112413403
95500.0 8.429900 17.699104 8.02240988343429 8.043079912422785 1.6884304598151552
95600.0 8.212424 16.093458 7.889463320649237 7.885101547069226 1.6915699765090904
95700.0 8.274570 22.317311 7.209833530412444 7.242723607831052 1.6719692336610084
95800.0 7.189381 19.573325 6.761851362141501 6.850363061633331 1.687654094071283
95900.0 8.939811 25.666270 8.313136737534048 8.41478797895674 1.695263625456676
96000.0 11.372026 36.984535 9.994137443459282 10.19070857324757 1.6712402283228474
96100.0 9.863262 29.350896 8.762730162841494 8.854868203940871 1.7128604395983957
96200.0 9.059547 26.667871 8.0024096150148 8.06905694522551 1.7130101721011604
96300.0 9.348212 29.041143 8.080244034487988 8.200047992634483 1.6321977128076806
96400.0 9.605160 27.501459 8.720956796801584 8.79913572853753 1.6576393314313576
96500.0 9.010106 29.190802 7.910675970606508 8.035975565099603 1.6836261554416247
96600.0 8.842555 24.677710 8.150373063440597 8.220682729888507 1.689508842382119
96700.0 8.786770 21.102340 8.185644520047193 8.218131317712798 1.6747089069267853
96800.0 8.248623 22.997780 7.619137010912011 7.6957469120919715 1.683691374473232
96900.0 8.579632 27.738313 7.560116385761303 7.6779391674194475 1.7093881966912294
97000.0 9.679777 29.480156 8.46058119258905 8.538186417956146 1.6802883234542014
97100.0 10.097342 25.041643 9.133951421977955 9.152743774137065 1.7126765101128052
97200.0 8.365617 18.348389 7.745957777942436 7.743792779917789 1.6486909816987627
97300.0 7.576972 18.027323 7.026916473449647 7.062065662106635 1.6087931895718126
97400.0 7.389207 17.407389 7.0818350402628285 7.042492880245469 1.6601984288190286
97500.0 8.517649 22.889569 7.9589751087975635 8.062626005500327 1.6981060548878422
97600.0 7.989746 20.063208 7.279662017325259 7.351727724093998 1.6920218126042574
97700.0 9.077814 24.060742 8.095264164507753 8.13893361493215 1.6537954151956078
97800.0 8.892219 28.760319 8.031486045426414 8.125649151239386 1.6907160195487647
97900.0 8.075831 24.852839 6.908956922579623 7.077438324033624 1.638779782693555
98000.0 9.871517 30.013306 8.587923194721846 8.703766813202746 1.726905247106536
98100.0 8.884068 25.889244 8.014769474894605 8.151393446545994 1.7124160664633694
98200.0 8.357159 26.675254 7.35500668562458 7.454492631474453 1.682060573180682
98300.0 7.575578 21.387418 7.0305330279926945 7.054095904866066 1.681479196614694
98400.0 8.423037 18.535989 7.833472409010289 7.861959023750371 1.6276636157761053
98500.0 8.407743 25.722146 7.612229641758092 7.7223367008366655 1.6552259676271455
98600.0 9.182178 28.188275 7.931006174362087 8.076428850710244 1.6789914689711918
98700.0 9.467154 29.834855 8.397308934885878 8.479986196004655 1.6665014544138494
98800.0 9.023727 26.885380 8.132687108097931 8.196542732339088 1.6841751580466484
98900.0 8.949915 20.838816 8.231227971949355 8.244591926016314 1.7260223009481797
99000.0 8.949819 26.291106 8.005879055858772 8.07302985181352 1.6862252909737876
99100.0 9.113574 28.552416 8.198432851570855 8.286050579696427 1.6886118284989808
99200.0 8.594330 27.640333 7.521922733567283 7.632660306646924 1.6983032636413702
99300.0 9.551075 29.331583 8.319180802148068 8.44696655591275 1.682603957090887
99400.0 9.740561 32.853771 8.425200692885138 8.561114551217171 1.663041984733868
99500.0 9.313904 27.766441 8.549167908696056 8.63573543858733 1.7259290856275853
99600.0 7.546517 25.560410 6.362818879730263 6.53959718847877 1.669153814313202
99700.0 9.411610 28.631225 8.219508847064715 8.336522172890152 1.6598724407788292
99800.0 9.098363 27.563909 8.003788200151769 8.102598744368267 1.726888583337586
99900.0 8.449192 21.561395 7.942132211562574 7.946235101198374 1.633884890032833
100000.0 9.059059 24.048089 8.464210784215124 8.510571025298882 1.6406697140266098
