# t rg re s3 s4 s6
100.0 7.658578 24.313840 7.178327766031457 7.09230754188879 2.251816505135763
200.0 9.013355 23.099974 8.845119197990007 8.667677164306925 2.397701227300032
300.0 9.060931 24.895230 8.291144384979923 8.233755668968309 2.329661019410689
400.0 9.207774 27.134336 8.502509924895246 8.410213666058239 2.3361399882366833
500.0 8.561157 26.072232 8.190105633529962 7.926755827756294 2.2997922367422503
600.0 8.675371 20.639418 8.517309343730263 8.292307326680563 2.1473104684859505
700.0 8.278444 24.039469 8.039666333560525 7.855664753903974 2.228556648683156
800.0 9.422273 25.905607 9.01650174388614 8.97254907655028 2.3110693197004055
900.0 8.171529 22.574325 7.815616578622444 7.732921205844166 2.31321389180773
1000.0 7.843335 17.085547 7.530976057276862 7.529398785231004 2.244201734256066
1100.0 7.910229 22.004532 7.5370435249241945 7.478359215006131 2.308144666929831
1200.0 8.312522 23.159764 7.9497905984173585 7.822258556824857 2.5034006130284654
1300.0 8.393990 26.608930 7.506181975244539 7.488651317630212 2.09491666357283
1400.0 8.482269 26.298099 7.684355895284914 7.686018921568998 2.149788097563431
1500.0 8.026443 22.075823 7.454596988374455 7.4610212454462435 2.189733805718883
1600.0 9.216312 29.520826 8.55154395765689 8.436935971143079 2.421093904086039
1700.0 7.995531 26.349383 7.377860196147573 7.1240665045480345 2.263846174210349
1800.0 8.586901 21.438616 8.109151861086486 7.904976939607237 2.128994043752603
1900.0 8.764972 23.665816 8.104105283882252 8.062208359120106 2.401777398946651
2000.0 8.634415 23.235217 7.933194214712428 7.856080677028854 2.3095761591468027
2100.0 9.507598 30.854529 8.316401514372469 8.23030041893058 2.2314775660969364
2200.0 9.383617 29.126467 8.660316008304779 8.459799377133203 2.3169451194563404
2300.0 9.626017 27.963128 9.054827597557896 8.861448902250247 2.3826214562540677
2400.0 9.306081 28.014938 8.891267694092626 8.590981094507288 2.3444304650120875
2500.0 9.606454 28.403407 9.045099914808704 8.822653325938832 2.3063552707334924
2600.0 8.467674 26.590915 7.723494825061357 7.576869245398986 2.324755148721499
2700.0 8.614414 25.874215 8.073349928597416 7.809996644756249 2.343853285415884
2800.0 8.543214 25.063122 7.7821699811143334 7.694740073527603 2.3450325802178353
2900.0 8.941055 28.384568 8.150738279074094 7.991325313048766 2.221246505283257
3000.0 7.360000 18.731827 6.934592612129887 6.892248108653062 2.364454477414558
3100.0 8.317578 25.354282 7.916533404303896 7.758691896999698 2.1710427213633148
3200.0 7.960636 27.405037 7.235376369888519 7.120598442306311 2.1243156765498163
3300.0 8.793846 28.113679 8.18214862648791 7.96376139811527 2.2500623381097515
3400.0 8.363713 23.501499 7.798646840418314 7.6885830092085214 2.3544988041612847
3500.0 8.525516 22.579739 8.078866084958326 7.948449079921336 2.2121317527221467
3600.0 8.631429 26.402961 7.922707633664137 7.72599658809812 2.2085969914945354
3700.0 9.067103 29.772947 8.127237411438815 8.118628202659105 2.1729537131217493
3800.0 10.642550 31.019053 9.730058243771925 9.603683193768996 2.3025988366016783
3900.0 8.698304 25.831424 8.030106645811472 7.920953959792302 2.2538906522043067
4000.0 9.181406 24.130749 8.58981582857048 8.544389783219719 2.2299750349296046
4100.0 8.673494 24.347681 8.669395036250602 8.334277654305382 2.151887774111768
4200.0 9.804601 30.224032 9.02160502589691 8.85447728042213 2.2738782739773096
4300.0 8.925478 26.231099 8.39281714967561 8.17362516154962 2.1071597424992743
4400.0 8.945739 24.576756 8.418340445198995 8.27307195820541 2.2901294893190647
4500.0 8.707186 28.127499 8.165763245525788 7.955811935791079 2.280870742378621
4600.0 8.531541 23.144303 7.865848138028007 7.793783410027679 2.3577179693773345
4700.0 7.915708 22.315550 7.580053667332231 7.4540957543457935 2.2423005910282843
4800.0 8.402048 21.590939 8.09384445528932 8.00743938527046 2.314451325475672
4900.0 8.857066 28.531184 8.007155477124304 7.90475789354725 2.2695747851636723
5000.0 9.823745 28.374535 9.128621088412439 9.122343454400529 2.2774469650104923
5100.0 9.471844 28.213513 8.641451277372001 8.55102727180825 2.1842013393922484
5200.0 9.356341 30.466906 8.626152823481661 8.437834942498911 2.3716509372309598
5300.0 10.007356 30.024250 9.073457208470012 8.98034901033011 2.4253520419338725
5400.0 8.663159 24.757353 7.896058207958302 7.757102315370283 2.350278190102553
5500.0 7.936261 26.154428 7.286277298703336 7.14727049818476 2.2283041215021386
5600.0 9.257426 26.848412 8.700644603273814 8.570575611643655 2.3058967476635126
5700.0 9.526651 29.472921 9.241104235109978 8.936736577262874 2.187035868571091
5800.0 8.577293 24.541415 8.134192276856073 8.092196383176887 2.3009886548133154
5900.0 8.728250 25.664544 8.431710590503993 8.18808272114091 2.1552643708072186
6000.0 8.509415 22.933211 7.890805934896303 7.776178461176617 2.372932344582932
6100.0 7.575272 21.649050 7.030102515747333 6.945290222051588 2.396343151892495
6200.0 7.280643 21.362828 7.017845904570579 6.849171834643525 2.0207551738567053
6300.0 8.866464 29.290159 8.367211761727367 8.16276662893453 2.3510418350924
6400.0 8.910478 22.504398 8.674696457875001 8.428764571390118 2.384646875316893
6500.0 8.790433 28.242371 8.178362353291995 7.98440062319021 2.290559240399385
6600.0 7.786781 20.351277 7.312832819254249 7.253341281911555 2.348306643860991
6700.0 8.640651 23.327292 8.3162910959298 8.241091838854834 2.408294978506763
6800.0 8.198020 18.194063 7.942662270793493 7.809971280503849 2.2132762165145725
6900.0 8.658896 28.816152 7.996800513623994 7.778401456136614 2.33425493883625
7000.0 8.495641 23.790986 8.226459788647663 8.015595681860077 2.3470194618415796
7100.0 8.445409 23.827724 7.905719172414356 7.7449131135243405 2.3447155162867173
7200.0 8.963826 23.111470 8.602925581866478 8.404889815807605 2.259712991492553
7300.0 8.900483 24.681557 8.415047942884684 8.235826404285856 2.2909402506705425
7400.0 9.197327 21.804278 8.959987812032677 8.752941541861915 2.3345390979793534
7500.0 8.490358 23.735933 8.023334906169778 7.933705631206056 2.1136178252143174
7600.0 8.979003 23.216961 8.234355344279967 8.187892679604158 2.1843190931961827
7700.0 8.372428 25.483684 7.771239337876425 7.598987522060646 2.3677191209592476
7800.0 8.470222 28.807570 7.76905630486316 7.591417702418508 2.3909532092402186
7900.0 9.878552 27.051040 8.778924257013895 8.786151766470962 2.3379315504146696
8000.0 8.821562 28.892329 8.203900151265202 7.961567922055127 2.1832625985092484
8100.0 8.315891 24.667647 7.803243520330303 7.698320505370092 2.1715055024676424
8200.0 8.557794 23.815457 7.949382976007088 7.851319641443331 2.2464495595521266
8300.0 8.619652 21.801872 8.340174024830988 8.21487912903872 2.406123187272491
8400.0 8.877208 25.694190 8.403311793066969 8.243607895789642 2.1529971555490555
8500.0 9.858293 30.013257 9.537503771944417 9.242879559759476 2.334622947232119
8600.0 7.772501 22.347222 7.475544403369554 7.35598389558043 2.400659616331856
8700.0 7.914394 19.321199 7.48050283731198 7.433678170886328 2.388930120563458
8800.0 8.508381 25.622571 7.906981264733913 7.8469870755208175 2.2808967439312378
8900.0 8.030317 21.527365 7.654529240886423 7.482755791392382 2.2883200134905506
9000.0 8.054320 23.664011 7.610175434599573 7.42461681095696 2.3890961764328704
9100.0 8.325430 22.713400 7.91253144259617 7.746526338680964 2.354414629193856
9200.0 9.601594 25.527744 9.116608722945951 9.086513396956917 2.0453298122660657
9300.0 7.704110 20.436313 7.366499218071384 7.195833653365292 2.3909157305478703
9400.0 8.468379 24.647921 7.85813541619123 7.779158500581024 2.2991932774708395
9500.0 9.224698 29.541190 8.41796443894542 8.239356692841472 2.4099052818264983
9600.0 10.186784 30.583262 9.34625627507752 9.14233421231716 2.231564427770015
9700.0 9.343892 24.538102 8.994607691456467 8.742257230477378 2.2866439860800782
9800.0 8.668184 22.856784 8.161359594859016 7.995050719473249 2.335110734932203
9900.0 8.750061 28.383650 8.123629734496314 7.873064746220665 2.3116355275309513
10000.0 9.772530 29.050089 8.931777814159087 8.986362988424277 2.178411731353418
10100.0 10.302649 30.450743 9.600611719092331 9.486839260449539 2.1859590810545333
10200.0 7.231461 22.174090 6.774377783762429 6.672644472151351 2.2468891284831742
10300.0 9.996826 29.641165 8.784829990799233 8.791293983991425 2.248898541244368
10400.0 9.059638 25.720332 8.569030432412973 8.361525509077886 2.2273527927523387
10500.0 10.084199 30.457174 9.416794539009523 9.257740435677011 2.1954228929885127
10600.0 6.741494 15.780345 6.591150022692554 6.481423559605082 2.261330976866089
10700.0 8.386746 26.553242 7.821661929058742 7.594108860566913 2.250616659613763
10800.0 8.081625 20.573704 7.832948536529905 7.64366736016009 2.255008754029259
10900.0 7.719507 20.036448 7.159167509884317 7.064879052271894 2.312341208847915
11000.0 8.077329 24.876256 7.57767012431036 7.394814832993375 2.1606330689692204
11100.0 10.490108 30.016057 9.557059139655083 9.392908883052382 2.299166317971632
11200.0 10.557393 35.193036 9.612769981706464 9.480820624083728 2.2044006928778606
11300.0 8.743527 27.010771 7.664170592248429 7.60797110280927 2.258227119072528
11400.0 7.687558 20.948380 7.389130363484617 7.217703099958538 2.310596252093412
11500.0 7.198311 19.921355 6.875474082948697 6.761416456153784 2.38874154037634
11600.0 8.648140 26.824870 8.04694750849344 7.934205239966571 2.3580229028081248
11700.0 8.755937 29.707954 8.094651174280006 7.906738746344716 2.2893500229857247
11800.0 8.385118 20.544760 7.926794764451668 7.849604125609455 2.393398571324423
11900.0 8.600252 21.280167 8.066922486027243 7.856137468401106 2.4251140215840024
12000.0 7.912867 22.837504 7.250488967586465 7.16635523255224 2.3308980530576346
12100.0 8.163873 24.704498 7.698698077877808 7.545944372932354 2.2313508930771033
12200.0 8.168466 19.130524 7.711151394839616 7.5343485978678055 2.399634591367618
12300.0 7.582045 18.170185 7.1842629630519665 7.110394910569077 2.3011774374729734
12400.0 7.786813 21.421468 7.524755121767088 7.320120223233141 2.445013795953654
12500.0 9.915137 28.471517 9.028263706491819 8.819785927742334 2.3716615450404146
12600.0 9.608995 30.365268 8.856786724865058 8.675266446306892 2.285910471393864
12700.0 7.660627 16.659374 7.29999829530486 7.220117087943485 2.2775938910029216
12800.0 8.925100 22.424367 8.421008297991579 8.26086409100838 2.2508409587870717
12900.0 8.403026 24.316423 8.199654343647943 8.019990973830144 2.3281681366170672
13000.0 8.231907 22.755827 8.138601432528757 7.861056454140749 2.221665993252091
13100.0 6.511524 15.412697 6.215046915263261 6.153782972930648 2.2217088145060924
13200.0 7.979455 22.362777 7.637177574314477 7.564235840229551 2.2708031896702288
13300.0 7.798415 22.649014 7.600372351220195 7.501438464592446 2.341196547152986
13400.0 7.807292 22.095853 7.345884895178744 7.352359300808785 2.360607720929116
13500.0 7.523675 17.056247 7.2058864991422285 7.063163320188113 1.9952372930117224
13600.0 8.930808 25.884670 8.24282662944518 8.094525198142717 2.191057600261714
13700.0 8.614926 27.009608 8.247958009984934 7.911530757694248 2.231841077743579
13800.0 8.857373 28.844575 8.423612642451015 8.158260630308225 2.271955378096832
13900.0 7.911615 23.253955 7.314162382313214 7.266355077067734 2.305188772416179
14000.0 7.750424 22.913978 7.146418203950071 7.1595512599463635 2.2594665308503266
14100.0 8.663596 22.730395 8.16363553702031 7.986507963588211 2.0844811275140556
14200.0 9.510908 28.416186 8.964216256993048 8.86366418384881 2.224741686185469
14300.0 9.265052 28.933274 8.394033351414926 8.273013611361485 2.198843418553187
14400.0 9.300259 27.486066 8.855519773383648 8.634499128585801 2.2770195922949052
14500.0 9.380290 28.050293 8.769188036122754 8.521482248083954 2.4119637891554144
14600.0 7.710048 26.365738 6.866844744200305 6.780947525663098 2.139981528332757
14700.0 9.718248 26.936422 8.831293623369312 8.85765869391272 2.3076291575047074
14800.0 9.856451 25.814048 9.196341081459483 9.05393375381072 2.188831882581766
14900.0 8.513048 28.692567 7.744949432697051 7.747003093466799 2.3175929497643346
15000.0 8.871070 22.989670 8.082922639122858 8.011507749112145 2.2258093667465846
15100.0 8.902350 24.399503 8.74937698049658 8.47544691665753 2.3641904180615456
15200.0 7.932407 20.099722 7.655867660301773 7.5024233752551375 2.176163357256009
15300.0 8.035856 24.332777 7.913072009417324 7.705289155128316 2.074219164407624
15400.0 9.200361 24.313789 8.603718850758085 8.435067971763415 2.2505329095943587
15500.0 8.873861 26.664188 8.2787768751428 8.040788094668974 2.3240960564885826
15600.0 8.724876 24.810347 7.94520592256144 7.881626147533573 2.3816803222570413
15700.0 9.434929 27.108277 8.562887935965662 8.527308690506352 2.3462637399240314
15800.0 8.071207 22.227590 7.547627165840838 7.455609716650308 2.282561700676528
15900.0 9.344515 27.488531 8.50662356222229 8.40314507489023 2.288830852829668
16000.0 9.061383 24.356618 8.544205381050562 8.410995124553846 2.129506109330264
16100.0 8.242289 24.135795 7.8692455091703275 7.778253724897424 2.2105457908103814
16200.0 8.609962 25.548661 7.972721189854427 7.910351291245899 2.4103679746441786
16300.0 8.003467 20.309469 7.844661587033234 7.7193655206124 2.2532903432279983
16400.0 8.035713 25.143080 7.588091041983846 7.412732011183624 2.4013468381046175
16500.0 8.670565 26.899564 8.083970998745464 8.00875221185638 2.2600319952778043
16600.0 8.235009 25.833757 7.6975470268132 7.609506051462539 2.204325152162149
16700.0 8.676973 25.531728 7.955833998989615 7.878474193048233 2.3597878050222056
16800.0 8.630385 25.379100 8.113390625735502 7.965124318044756 2.3742936930406353
16900.0 9.142876 27.279275 8.479812693032377 8.30061492163927 2.217679797655101
17000.0 7.977949 21.498272 7.434757060084591 7.2141746159017766 2.240349875935038
17100.0 7.976702 20.913687 7.697688610601231 7.607208803424176 2.3287246120283545
17200.0 7.966430 21.259844 7.771830783152137 7.612103382123057 2.3951362841716715
17300.0 8.881482 26.315501 8.226489181064158 8.086764476978193 2.2328777196454612
17400.0 9.156971 29.911908 8.390519036756565 8.14685756472026 2.2805836638816532
17500.0 10.043206 30.266005 9.225828831970814 9.11263081768358 2.3172871602357623
17600.0 9.174162 28.722520 8.387555724901402 8.180916295645751 2.2337055227391542
17700.0 9.751714 29.315931 8.838475428481297 8.742430323345808 2.305329778591186
17800.0 9.333081 27.137916 8.674899905019242 8.458593230336387 2.354474397892577
17900.0 9.948335 30.817802 9.126613548634724 8.955676355154832 2.4105747604108045
18000.0 10.364571 32.186677 9.516746430087595 9.304577060132695 2.2875244479665913
18100.0 9.154315 30.256525 8.270410678556793 8.176544506452526 2.1247345595066482
18200.0 9.903382 30.276301 8.893718560131155 8.78229864584916 2.17793930315787
18300.0 9.633978 27.828455 8.90278302145523 8.787781295920865 2.3457338269993864
18400.0 8.839269 24.523751 8.532881836924481 8.33704329659321 2.2549912089341655
18500.0 9.308714 25.905395 8.617309870260986 8.530362638554 2.2578376201117307
18600.0 8.940181 28.192638 8.296274145318367 8.092349529333914 2.0893969243765196
18700.0 8.444752 24.948864 7.866908189572135 7.69486549332108 2.4095436171978326
18800.0 10.020456 28.201601 9.501038502551154 9.203819135080908 2.2645261546095936
18900.0 10.716673 29.461796 10.044774186390015 9.875383251969675 2.4355320645996277
19000.0 10.779475 29.186827 10.045567003428683 9.858860017102973 2.280682269485299
19100.0 9.457865 28.135911 8.930362921407749 8.713506525073422 2.4560049282895724
19200.0 8.859352 25.431171 8.1780995344804 8.04714007574058 2.49713360607195
19300.0 8.989132 24.197862 8.176192705300608 8.032393760346986 2.1421533488871383
19400.0 8.686157 26.727297 8.140639332010723 8.087039226586855 2.1675492671597727
19500.0 7.945341 23.172462 7.530006932781872 7.453626365984311 2.3539111040744327
19600.0 8.913764 27.850594 8.456473043161644 8.218131191891063 2.162546888290919
19700.0 10.099984 26.784806 9.588267942656017 9.431973982682493 2.1364843407961445
19800.0 9.554722 29.614754 8.850231389581102 8.613172481627787 2.2876105522978096
19900.0 9.656693 31.800530 8.838683972144656 8.700225064796093 2.1748021149472323
20000.0 8.752914 28.722496 8.232154606735095 8.046502605051135 2.3145928605182347
20100.0 7.423629 19.336607 7.024432418092264 6.8877033927346245 2.345467059543418
20200.0 10.354543 33.965038 9.509758582981226 9.27362329106108 2.2748358237887523
20300.0 8.801399 25.546367 8.080924233894496 7.998549047087552 2.2987112538618946
20400.0 8.164412 21.567783 7.9110542641462525 7.611612287102261 2.1890948774875727
20500.0 8.302071 23.409811 7.9410152238924185 7.841194704173559 2.3372561444572577
20600.0 8.500330 22.324655 8.03096966831929 7.921034703707418 2.3020802633682624
20700.0 9.037494 24.438761 8.454410519441952 8.170285212509393 2.356721088102721
20800.0 8.860280 26.231360 8.184696503435296 8.03661351164123 2.289566419817157
20900.0 8.823151 25.273218 8.444666901537609 8.287743338385459 2.422267675326643
21000.0 9.541524 30.839709 8.813961401305992 8.574199122400081 2.370045134992868
21100.0 8.591142 23.122088 8.250827680814826 7.9795317152955585 2.454528357941068
21200.0 7.367763 19.307640 6.496428182390673 6.494796501453175 2.2018981518335656
21300.0 8.570486 24.616279 7.998238604592621 7.8278132372172555 2.324525076145177
21400.0 9.700239 28.202706 9.133476964473106 8.930089970045252 2.2588500681027015
21500.0 9.219878 25.937287 8.648950539943788 8.565342886852362 2.3918328676857623
21600.0 9.216466 26.472894 8.775093250787327 8.561393930762039 2.381459286636351
21700.0 8.636602 22.710476 8.103424493595089 7.919216929559603 2.20026744133146
21800.0 9.153680 28.731296 8.422436216085197 8.235639391444938 2.236729149797314
21900.0 8.985673 28.545019 8.239970769281587 8.129810171319459 2.2119937351620558
22000.0 8.602916 23.931581 8.149578474805883 7.992459327867033 2.3949509321794973
22100.0 9.214764 27.516392 8.774478065002398 8.63971964875217 2.50931039368312
22200.0 10.047505 31.372251 9.137313027861273 8.973024352538545 2.3125676697727418
22300.0 9.353310 28.515828 8.635459486456272 8.490409191328748 2.181929226092175
22400.0 9.209617 28.272185 8.411756683726178 8.295818930693391 2.114134597966346
22500.0 7.905720 23.776825 7.379144738211975 7.326204000376578 2.2270551191936265
22600.0 7.517092 20.704087 7.066590223901785 7.03716488701704 2.19723597121963
22700.0 7.627610 23.674548 7.322664152391003 7.154197202496682 2.157242370495035
22800.0 7.852269 19.866368 7.702307485361554 7.465085597874957 2.356185138075588
22900.0 8.919526 26.656929 8.448860457832465 8.218578396492084 2.4350319615869047
23000.0 8.926581 25.999967 8.297627520343237 8.31368464256623 2.3418070892482663
23100.0 9.803161 29.773845 9.257569090155238 9.031798698000772 2.128587773853521
23200.0 8.742699 27.766390 8.333255133489414 8.046956087894126 2.0330633751450775
23300.0 7.971896 24.687108 7.345439367940258 7.304229615242397 2.180763603665957
23400.0 9.279164 30.628116 8.213855680317767 8.14427478868195 2.226072604601733
23500.0 9.639906 29.870111 9.157715583318398 9.000881795506373 2.1911890925655997
23600.0 8.538932 20.251962 8.12844333166183 8.046284941108457 2.254283286769401
23700.0 8.525613 23.098755 8.242524259876607 8.01719157574358 2.3273004869614566
23800.0 8.475806 26.236321 8.002558784716127 7.822773543351022 2.18036142155318
23900.0 8.927618 22.762856 8.394237143904315 8.436396324597032 2.118453315806654
24000.0 8.327955 24.793893 8.164130606250627 7.9743146285920306 2.2053307744020465
24100.0 11.113445 32.465692 10.553428454073927 10.438106632982528 2.312996306815265
24200.0 9.393708 26.350152 8.744184441462313 8.50019270759683 2.199725706490316
24300.0 9.262902 26.423123 8.803776059789106 8.66793226823205 2.229725805840517
24400.0 6.797510 12.753971 6.6964065644371935 6.576404200634815 2.2354622200676832
24500.0 7.176089 17.213833 6.854317472535783 6.666056411270229 2.4013941765558076
24600.0 8.223640 20.761567 7.594999144289731 7.585499555483587 2.1034102195452276
24700.0 9.115937 27.498386 8.742846326376107 8.524533446984728 2.132710637033782
24800.0 8.221645 24.305515 7.6135784342328545 7.5458123854618995 2.189079319208649
24900.0 8.390243 21.479447 7.934420480695016 7.763789076308796 2.181244793206537
25000.0 9.491589 28.447581 8.835368086477658 8.5524340594691 2.312551898405291
25100.0 7.461317 23.767233 7.225955849291454 6.95996775643446 2.2858993444051117
25200.0 8.560126 25.043648 8.108500414634925 7.955291195814049 2.2948679410334165
25300.0 8.463755 24.792750 7.820384728284397 7.677145255214369 2.242609143298401
25400.0 8.564417 23.117450 8.008077057354537 7.859480018438329 2.327426271027655
25500.0 8.418667 22.534254 7.973492562850567 7.849728481605559 2.326592086505565
25600.0 8.470372 26.316235 8.046325412770724 7.736767176090157 2.2302663886511214
25700.0 8.274784 22.852649 7.773193127830407 7.7057101623389315 2.309671383526106
25800.0 9.746624 27.086935 9.052344607143679 8.89529568438123 2.210432657154924
25900.0 8.204615 20.807682 7.8360735619891715 7.716664854380246 2.2515757638340994
26000.0 9.566996 27.300437 8.944129821954489 8.828047335617349 2.181244533470508
26100.0 8.097874 19.635784 7.642745554115935 7.693019850781082 2.138010933573259
26200.0 8.639009 26.268812 7.984822944160703 7.820811137037488 2.1952295500879986
26300.0 9.999345 28.508369 8.972264186660059 8.899286647473517 2.053208758719287
26400.0 7.403597 19.371584 7.140820184954242 6.9785660666606155 2.302643712965529
26500.0 7.791146 19.594412 7.717879224554638 7.5256576688386 2.263525988233253
26600.0 7.713997 18.005338 7.54100259552664 7.376436046274658 2.151783431086551
26700.0 8.159268 17.515063 7.654282072150615 7.677886473672698 2.3840258786243713
26800.0 9.492230 25.722577 8.94430722630103 8.732301557230711 2.316996154249008
26900.0 10.515306 33.326076 9.85587758703386 9.601743153711105 2.2200683982367613
27000.0 8.565993 22.300477 8.108767884232778 8.095226348141587 2.242332209755556
27100.0 9.075076 25.607017 8.436171358276434 8.23872620523037 2.4789114656220983
27200.0 8.184806 24.728536 7.513473512111221 7.298769733326993 2.1784374841700243
27300.0 8.912933 25.432198 8.30047801633369 8.271581067404046 2.0947862167042617
27400.0 9.515772 25.844352 9.082123244189553 8.970935036355353 2.169053001843963
27500.0 7.469595 21.361416 6.855919107499007 6.706944695593232 2.2750967883468136
27600.0 8.412511 22.024618 7.825823187889197 7.809910130321962 2.1075276971345254
27700.0 8.451578 19.348575 8.115351395197582 8.01488219605105 2.087679819814157
27800.0 9.190937 23.334216 8.871037568380368 8.637064342958622 2.148468125220544
27900.0 9.826604 28.988524 9.050186271513239 8.983513099144131 2.287256619512259
28000.0 9.992850 28.233551 9.334502695603142 9.144524625645134 2.3816844063760847
28100.0 8.973456 25.317704 8.329735830383974 8.272052519769492 2.238978847613557
28200.0 11.097511 31.314493 10.220089774549201 10.039680979967967 2.2075560912359773
28300.0 8.890726 27.497408 8.233346792826035 8.147403680624581 2.182355034161452
28400.0 9.985272 27.869118 9.213840666521284 9.00741138381883 2.304300742426518
28500.0 8.147446 25.022709 7.797334154005156 7.5121548520981625 2.3128468803600293
28600.0 10.409113 31.864289 9.441831078255372 9.322807768658445 2.306054385277305
28700.0 8.870250 23.368126 8.262376868153419 8.039880956589673 2.152708040580037
28800.0 9.279011 23.564113 8.587894235295472 8.417606763783215 2.1034649153082148
28900.0 10.193992 30.692898 9.279449428628004 9.135366054633637 2.2414241531570354
29000.0 10.004565 30.735833 9.423179155355458 9.318360051615805 2.0364849836030743
29100.0 8.800656 25.307698 8.132067538681117 8.045629307570788 2.2924299512770427
29200.0 10.620208 32.416573 9.689784113491076 9.526477163732116 2.253080309287717
29300.0 8.078151 21.346146 7.687877705905495 7.570253547509514 2.2390870726625285
29400.0 8.478685 21.050845 8.28585262276126 8.15521086996034 2.2701316364570925
29500.0 8.998211 28.442606 8.489856228059567 8.301036287361827 2.336917935816961
29600.0 7.956031 22.612719 7.448591917065086 7.279675207728561 2.252208462657539
29700.0 6.937410 15.840894 7.004009933500803 6.843384563680635 2.2726190572198375
29800.0 6.355911 15.364107 6.513075937483177 6.2920616134362275 2.2955150662619213
29900.0 8.865489 25.920870 8.407714795958684 8.239875599806851 2.420841370471664
30000.0 9.571883 27.447037 8.760565007942402 8.641057837859133 2.1345422712109294
30100.0 9.304062 24.833332 8.812605823069728 8.591466234628971 2.424909222889866
30200.0 9.604841 26.557133 9.001323092161643 8.817561761873527 2.1562132492448733
30300.0 9.271204 25.063952 8.655493083525606 8.61597014307139 2.193992554611639
30400.0 10.894993 32.773589 9.942046197457083 9.83828174680804 2.1900245503317124
30500.0 9.504919 26.508904 8.864446377950669 8.633317653442653 2.3693411959300983
30600.0 9.205771 26.607461 8.470055436710489 8.431833107993379 2.2002205488899045
30700.0 9.360647 28.808570 8.670368562531682 8.5289879686697 2.245181269107672
30800.0 9.945794 27.567422 9.337627127477791 9.252101126652825 2.2583941066767173
30900.0 8.503457 24.060048 7.756586873108392 7.627612462592851 2.157406586769221
31000.0 8.328049 25.538687 7.96098967355247 7.755947042373134 2.206960811005909
31100.0 9.133243 28.289231 8.620808467878966 8.36596467096342 2.277014822300862
31200.0 9.314749 27.151744 8.831496982865668 8.669638819935033 2.3178436445140003
31300.0 9.767457 25.829548 9.128791726851523 8.90842907108794 2.2420336890716044
31400.0 10.223315 32.057998 9.4969162299493 9.294986413206118 2.213578163575357
31500.0 9.820418 29.348297 9.018869759695 8.791305994575962 2.249886976383959
31600.0 9.787065 29.220601 8.857744056075239 8.737303180361588 2.363870757118187
31700.0 9.712979 31.181543 8.835828007353177 8.649746447980935 2.030587853238688
31800.0 10.218897 32.556096 9.557149825749438 9.257081273723896 2.27007128133778
31900.0 8.389777 21.070822 8.09287407166341 7.997538016572579 2.3039586224503847
32000.0 9.113675 24.704140 8.672615857579565 8.494046882364767 2.2518006861076545
32100.0 8.987958 25.528086 8.2634577175544 8.115449714921665 2.3745546589861366
32200.0 9.243807 29.932089 8.399554475083004 8.175892011271538 2.25164621872428
32300.0 8.982772 24.837126 8.209515472012164 8.17410001255502 2.3046608458727653
32400.0 8.357161 24.046276 7.737098546257797 7.641470365955972 2.221285482442874
32500.0 9.498082 26.916066 8.854489202613506 8.768147197484726 2.193690257170752
32600.0 8.127706 25.128353 7.636290850788505 7.45007841867584 2.151850071024316
32700.0 10.029654 27.427871 9.355222092605606 9.14569635751184 2.184384375102765
32800.0 9.012310 25.932675 8.40859136989922 8.375120404258604 2.1351940630189232
32900.0 9.991282 28.529427 9.153036708366834 9.043434512907936 2.3155669939940418
33000.0 10.836408 34.821613 10.116140286689404 9.869348538004608 2.2900079798491877
33100.0 9.933650 30.204128 9.191484482668839 9.042133504151739 2.3392317800085505
33200.0 8.026790 20.258414 7.6086243111438465 7.476245837293045 2.3004094024976918
33300.0 8.078322 21.557097 7.803622113101296 7.616314683934654 2.1637913854696005
33400.0 7.621498 16.039847 7.6685287963908495 7.437312040235875 2.337526614455019
33500.0 7.569742 16.793705 7.3912932423952595 7.331766671951552 2.418243925785898
33600.0 8.058479 17.731070 7.77111574208868 7.626600737691674 2.226615705314249
33700.0 9.297822 24.858994 8.676531337475303 8.494531177405735 2.5356302502507333
33800.0 8.648248 23.735332 8.225577010957647 7.9629909233147975 2.344758447007464
33900.0 9.554347 30.825509 8.721631842225962 8.634733403457254 2.2093824345116766
34000.0 9.841020 24.909787 9.427374839937297 9.249325504103107 2.3548303192460938
34100.0 9.148380 25.362377 8.511434558625252 8.408907246981745 2.13294801416716
34200.0 9.084771 27.658090 8.208346103635455 8.043649679977499 2.227008634939197
34300.0 8.777431 28.932665 8.362966407645912 8.017617385425808 2.2860843388413428
34400.0 9.744910 27.218837 8.81452839988587 8.75210209809791 2.443426767751958
34500.0 9.128772 30.804429 8.37538028120774 8.228019978845447 2.1189043570128274
34600.0 9.306585 27.199345 8.78646852232977 8.508056967988201 2.334177937783915
34700.0 9.617661 31.439522 8.932497917980648 8.72542148048617 2.304646021696619
34800.0 9.603207 33.302547 8.726269641230916 8.50305728418249 2.203796878598294
34900.0 8.312456 23.667822 7.662131526710149 7.627574971224955 2.1462433728761363
35000.0 9.759498 29.003034 9.249885278193002 8.973763556810113 2.3037719456317833
35100.0 9.170869 23.560964 8.528406614287755 8.483318083750683 2.409741291446006
35200.0 8.112792 20.604845 7.7149264883028845 7.604939447855783 2.295465580597151
35300.0 8.206076 26.133538 7.727958997341449 7.5008544290235175 2.380262148734133
35400.0 7.637375 21.364203 7.086666025323057 6.986656516150051 2.4245130348087147
35500.0 7.539973 21.324344 7.012479246803452 6.987045086931567 2.2712695858696645
35600.0 7.551125 19.131008 7.303031599207948 7.156384031785684 2.3004940057271375
35700.0 8.850327 27.005336 8.187780690416034 7.9350945605774985 2.2541112590923675
35800.0 8.309573 27.947615 7.62880238431391 7.4582039604854415 2.247535483867756
35900.0 8.707509 28.528047 7.981243109083913 7.922806213340439 2.20682795890793
36000.0 9.775101 26.516865 9.18388469967227 8.990023866035212 2.321684769035285
36100.0 10.101504 31.426851 9.389455261727568 9.12778660475749 2.474450319394964
36200.0 8.553987 24.336546 8.002917701811212 7.773422533058862 2.2153950479603406
36300.0 9.058067 27.076168 8.310388697036636 8.11454873032081 2.2601677884344644
36400.0 8.703487 23.312145 8.344919073644629 8.174093772295675 2.2562022348625663
36500.0 8.632039 21.542098 8.238074848373751 8.141919388620707 2.4315704845718358
36600.0 9.070959 23.523256 8.67653066151769 8.482852792519477 2.3224519308550104
36700.0 9.237814 24.413349 8.787512528611959 8.662195609487322 2.23730766782497
36800.0 8.912148 29.066902 8.27066601945091 8.047554712430575 2.2545301498815578
36900.0 9.492433 24.959958 8.68675130212585 8.6405240422103 2.2857409969555196
37000.0 9.772993 30.230475 8.73628357901996 8.645053249554415 2.1661136172696684
37100.0 8.432580 24.707991 7.9023725480951486 7.797125200685018 2.285184100398637
37200.0 8.645311 24.695004 8.18429873932188 8.026693220920327 2.357669554180199
37300.0 6.864029 20.515310 6.415655817491329 6.221641789599027 2.4388948021630483
37400.0 8.196971 23.994447 7.716968633519576 7.654048890405455 2.2245868248851273
37500.0 8.796073 24.509193 8.22175840611626 8.059290610168349 2.2484321482098255
37600.0 9.667720 26.739054 9.007636878434477 8.87573496235664 2.2022691097898592
37700.0 9.252932 16.057892 8.816923182988212 8.795016154137912 2.126780227049445
37800.0 9.046366 22.399692 8.364348619995098 8.270105451033439 2.3530210675253533
37900.0 7.861040 23.961547 7.494655454240313 7.359730197799795 2.3738649417569655
38000.0 7.216784 17.164495 7.249953065633884 6.997906833938814 2.2098742932998534
38100.0 7.024637 17.833749 6.800047043301547 6.6310147977990175 2.2224494847558924
38200.0 7.133718 21.966838 7.155719759851039 6.831411513744273 2.331736337681796
38300.0 7.371538 21.449472 7.132753299013056 7.0061822148250466 2.4180409926748774
38400.0 7.879147 20.450479 7.487954217456693 7.472285228024998 2.230030128481385
38500.0 7.781419 22.015086 7.5097090138887 7.382388313602197 2.3151557408870387
38600.0 7.212140 21.164384 6.959541500376622 6.839825715114061 2.234415956149314
38700.0 6.716652 13.729822 6.6895126821790445 6.591358368138217 2.355524551110262
38800.0 8.994895 23.640221 8.5745567959185 8.413156445164274 2.177476779003943
38900.0 9.658607 25.931142 8.74055619222858 8.723474475327246 2.238334782792773
39000.0 9.295624 26.155962 8.508236296933969 8.334492947567723 2.397411664869341
39100.0 9.510012 27.073085 8.940729587543206 8.762699678002209 2.197036852089292
39200.0 7.464715 22.356633 7.056341300972632 6.9206096301178235 2.3628289364703314
39300.0 7.076131 21.748097 6.681208170024567 6.5326825378203015 2.436503815570892
39400.0 8.475515 25.497635 7.931089179798656 7.81560491048095 2.2470823304693686
39500.0 8.866335 27.090268 8.208707950392323 8.024442819795107 2.4453379487358524
39600.0 9.640177 28.533539 9.10573041502346 8.92383252187759 2.3533141407137372
39700.0 10.004264 28.186584 9.39032710094371 9.14122400035581 2.1720790601201463
39800.0 9.679692 26.646044 8.923990047034742 8.76239757090347 2.396318464081448
39900.0 9.411857 25.348078 8.819685011790206 8.618146317846952 2.212785237805946
40000.0 9.489052 28.444344 8.786441392625509 8.589800257072003 2.44159366833348
40100.0 9.420335 30.583136 8.624623044374557 8.466326407537968 2.258934717493273
40200.0 9.696311 28.576224 9.061076483186023 8.861972115479846 2.282532530358646
40300.0 9.341517 28.639930 8.677808479709821 8.513609146659885 2.2683441253781274
40400.0 8.362725 24.450949 7.749569676374541 7.609580670343786 2.4027232705518995
40500.0 9.040448 30.317789 8.63536121060425 8.421694170663386 2.254349814643448
40600.0 8.422227 21.318067 8.18333665621095 8.090529247286986 2.3683733522250017
40700.0 7.612963 19.484854 7.284577104708912 7.231000785569982 2.413628047855141
40800.0 8.459030 25.467693 7.505017440896989 7.466327409151772 2.179474501926351
40900.0 9.358519 29.830735 8.680159215169397 8.451292006736406 2.2793090081718312
41000.0 9.398183 27.320560 8.459345840334983 8.404505015284611 2.302875926146233
41100.0 10.065696 29.803421 9.498071564447734 9.3052630933681 2.2224132273920065
41200.0 9.080122 24.838538 8.440725244188018 8.30759043513098 2.294634051632067
41300.0 8.887620 27.212967 8.328877160251881 8.151123857858618 2.100879388179979
41400.0 8.822189 22.896642 8.419342017748246 8.225841436053743 2.1493148112180824
41500.0 8.248159 24.335122 7.423635995710076 7.348008365559606 2.301586263285842
41600.0 9.268561 26.974045 8.436104204225389 8.418390208454191 2.3163099134368927
41700.0 8.662327 23.904890 7.887053924578022 7.843129445921285 2.1870576099758305
41800.0 7.909252 20.707142 7.362375034180214 7.258699716132351 2.3104090571978744
41900.0 8.172622 27.193178 7.660785644413345 7.443112060650517 2.4025388606156506
42000.0 9.592412 28.033596 8.962943058743404 8.820307485905657 2.2937377627559403
42100.0 7.211847 18.278126 7.005343137412489 6.819103683975193 2.4434394598597886
42200.0 7.818192 14.758423 7.885489055712063 7.6139499498424215 2.3670005172620727
42300.0 8.440917 22.947745 8.143756214754415 8.080020772415375 2.132606722526161
42400.0 8.506709 22.744234 8.096869704890869 7.929362642805294 2.1571950418445014
42500.0 8.365816 24.471133 8.059768178681537 7.898707119882966 2.1171739422590585
42600.0 9.312637 26.891469 8.51872482398998 8.418048235297059 2.165758645958234
42700.0 9.689640 30.297946 8.843750496398455 8.726052020124206 2.1596625626585855
42800.0 8.336068 25.260226 7.721356839287358 7.553880422526195 2.352677357416308
42900.0 10.187946 26.440753 9.422630047292701 9.399356825061702 2.242820957020386
43000.0 9.084171 25.948867 8.559083362327614 8.322344470782882 2.3521729262227558
43100.0 7.838620 23.840838 7.590344454988426 7.219722044599211 2.15408826008139
43200.0 9.052849 25.270211 8.61688682827971 8.542194577343215 2.2432021198047982
43300.0 8.870583 23.706945 8.566417013181741 8.49582495212275 2.168351165392956
43400.0 7.590836 24.404017 7.059275876225855 6.973207749354802 2.297109937019019
43500.0 7.351698 22.240068 7.0473890649872 6.872987943837264 2.212942931399033
43600.0 7.259063 20.635280 6.912863193049983 6.7690404463285345 2.280246213643526
43700.0 9.715230 27.146950 9.128891532777146 9.029650219425228 2.361325698654888
43800.0 6.876027 19.079634 6.609122840370069 6.38737031883607 2.3458168272142927
43900.0 8.081499 19.174758 7.522113579658158 7.408743026447659 2.1230608198724217
44000.0 8.626339 22.544416 8.018566054924475 7.929978068611025 2.131022797473687
44100.0 7.436622 22.087545 7.181852607768276 6.920275475219628 2.36035370154127
44200.0 8.218775 23.801389 7.420983853356923 7.354954013425296 2.1953389625480315
44300.0 8.860239 25.747047 8.579945471958347 8.382347250419254 2.233553463676695
44400.0 7.892537 22.886243 7.788481145281058 7.54192922796474 2.356383096518458
44500.0 9.627451 27.513031 9.202993366758285 9.036017915848689 2.132680104272688
44600.0 9.838957 29.133005 9.317861160921527 9.014688631254762 2.2100737880296326
44700.0 8.185022 21.641386 7.594018891712553 7.536085241956677 2.5315019065042366
44800.0 8.613194 27.587012 8.02501506087353 7.813626410288885 2.433680082182999
44900.0 8.908621 29.607468 8.218664280352483 8.039480390536019 2.147210578097921
45000.0 8.727888 26.328517 8.000888057432132 7.797635578877727 2.3192953569611454
45100.0 10.313529 32.415928 9.445083571541254 9.300849000696887 2.2957820009005685
45200.0 10.118608 29.969192 9.30246652783085 9.148599013925748 2.2646152511991287
45300.0 10.475075 30.647891 9.705568600345984 9.567248486521674 2.2126160751858297
45400.0 10.494418 33.108667 9.641401089216423 9.446576130219203 2.1856045792584435
45500.0 9.676656 29.484251 8.989010236140462 8.817219017151096 2.3422892048713093
45600.0 8.615412 24.759733 7.900725856195254 7.802169074899223 2.2469314312173814
45700.0 8.740745 22.852007 8.237606547103224 8.01200615447568 2.341446609138013
45800.0 9.055421 27.068017 8.616580168699175 8.456462072741537 2.4049898086822417
45900.0 7.706023 22.321110 7.296877582752552 7.199396466309289 2.2958377528113414
46000.0 7.670069 26.070153 7.009499443735589 6.854696986675051 2.386152305597194
46100.0 9.550339 26.812464 8.710655249542839 8.598947173699962 2.247782940979123
46200.0 8.160898 24.149960 7.605656859883258 7.388214020609236 2.1916616747546818
46300.0 8.730027 23.182467 8.275161172575856 8.081014097687353 2.306993001300664
46400.0 8.697981 29.715660 7.755859033778936 7.76428398084932 2.287429835974452
46500.0 9.660669 28.098363 8.889616455004935 8.79682239544826 2.1744083631868394
46600.0 8.259415 25.992463 7.725571788192141 7.534125566987817 2.4988508484568377
46700.0 9.859682 30.128011 9.040420905671589 8.793664096047703 2.223868006522383
46800.0 8.296350 24.630411 7.883357216150358 7.595019397585172 2.309852902081283
46900.0 9.691700 29.048614 8.87808947924902 8.722449685628904 2.1668498395851206
47000.0 8.852062 23.459686 8.385977149089882 8.232982411580045 2.3854595752747643
47100.0 9.182581 26.198240 8.646307375597274 8.370649690526212 2.5276529557614134
47200.0 9.200292 26.654205 8.663521959462722 8.41863583259805 2.1494873463749014
47300.0 9.114900 26.434891 8.314686414987928 8.139136761669453 2.1274464736832126
47400.0 9.060346 24.007817 8.516799404608404 8.355685210077903 2.2972286781829854
47500.0 9.796757 27.017397 9.024577389178544 8.9115817040022 2.188171219742691
47600.0 10.282030 32.112748 9.647864636877111 9.423740231964082 2.116883721529467
47700.0 9.577110 30.270878 8.667233325776456 8.565766662694399 2.2536101811784928
47800.0 7.900927 23.957065 7.3414198161038335 7.264628670983653 2.339884534196541
47900.0 10.235797 32.272933 9.497022909343661 9.135001630285062 2.509762456968863
48000.0 9.443618 25.515810 9.027135927917953 8.868140238345068 2.3021138086090613
48100.0 9.648152 27.139266 9.03982949061466 8.94776984035176 2.276685951955205
48200.0 9.108814 24.686135 8.416419576861626 8.216217085224775 2.3327625639360967
48300.0 8.497641 25.075302 7.6801732632325335 7.584291997757817 2.430553896546172
48400.0 8.119369 22.726176 7.578526187410259 7.439376309310449 2.177331610594178
48500.0 8.968863 31.048653 8.020630672874278 7.820956865583385 2.355084881573747
48600.0 10.694900 32.887379 9.926910605086597 9.714324877570792 2.1594019986553907
48700.0 8.466572 23.597229 7.841818736176897 7.7321460221064084 2.4690930863634444
48800.0 9.466498 29.051341 8.899958397804347 8.779182170548575 2.4161124702740735
48900.0 9.259531 24.137713 8.562277065797014 8.473422765043999 2.324466300729834
49000.0 8.636373 24.186457 8.115561010284024 8.03159019196554 2.0680964068937095
49100.0 8.659690 27.688014 8.25319871486259 7.92670498317862 2.191892482296001
49200.0 8.151915 22.319381 7.8061860646702055 7.611653943439158 2.1189195780232875
49300.0 8.207551 21.339129 7.82742943768456 7.651382240087228 2.1810119147122564
49400.0 8.274588 27.194304 7.89741299309525 7.701800485210476 2.3300679150663464
49500.0 8.919173 27.651235 8.485521947206777 8.272111828840199 2.245431640382343
49600.0 8.005473 22.273043 7.59355695157963 7.544668374878687 2.1982204528896623
49700.0 7.939272 19.432613 7.768201792341088 7.585315320385947 2.362312670105847
49800.0 8.235712 26.274340 7.704874783605849 7.546284915376501 2.1349767216132305
49900.0 7.871178 18.417035 7.425331984176268 7.340657627323611 2.091678708863594
50000.0 8.259939 23.857408 7.939512439786736 7.806067390361615 2.2813956126716106
50100.0 8.014461 18.439211 7.560885161106323 7.409288969947663 2.3585735701182915
50200.0 9.510132 26.776275 9.08807549014429 8.940642503998058 2.1254387973924485
50300.0 8.197420 26.980047 7.9540923785028115 7.62783853594176 2.1599509792726064
50400.0 8.635206 22.557135 8.356265208803647 8.18435229284698 2.2378226139229684
50500.0 8.719336 29.187354 8.131630814842264 7.954593095072998 2.3191158815492416
50600.0 9.337300 27.408418 8.636174438019596 8.62564326666886 2.3580360892825674
50700.0 9.693577 27.203128 9.117042542438046 8.999793554562107 2.052724321783442
50800.0 8.040182 23.685382 7.727210176737368 7.562280375714552 2.2360996981339274
50900.0 9.153040 25.342905 8.652882147659803 8.477714132926463 2.1836124038512525
51000.0 7.883952 20.137467 7.811968700271457 7.571004063867648 2.1993199367708045
51100.0 8.091944 22.133095 7.63368989970592 7.462007668924484 2.3791289028865914
51200.0 9.090464 29.348375 8.42128409205544 8.169742599739767 2.1777104051945297
51300.0 9.794603 29.024165 8.873476108201812 8.782920701054586 2.1906650460430255
51400.0 9.760643 28.648444 9.002729371345131 8.793744531383782 2.176870300249067
51500.0 9.133879 27.366663 8.542204406349015 8.375350246138064 2.309391065880449
51600.0 9.086241 27.760376 8.655091782278458 8.450914055505121 2.2753060646512044
51700.0 8.436127 27.161621 7.719533553044696 7.599630660045454 2.1287935428508007
51800.0 8.972102 23.854827 8.594414799480326 8.448532261962008 2.3658379938529173
51900.0 7.442667 18.217031 7.191429029623546 7.009447900766061 2.347332140601647
52000.0 6.970165 13.292661 6.93323810196585 6.828071359525614 2.161401166935339
52100.0 7.747234 24.339125 7.3088992478958925 7.073081488861032 2.2324224566379307
52200.0 9.021616 26.443082 8.353384471920192 8.309545910909945 2.262206474423669
52300.0 9.032275 26.853358 8.381421715503647 8.248932360009205 2.2058795102526405
52400.0 8.372647 24.867749 7.782283585491363 7.636412746976733 2.1714605813763597
52500.0 8.844479 24.157712 8.303457829367874 8.260495534657128 2.3044120630394738
52600.0 10.227185 28.403902 9.606515152953882 9.385641524495599 2.239797590633012
52700.0 9.302739 29.563746 8.575866364074297 8.479986226655381 2.201114916762786
52800.0 9.694584 26.572882 9.017881584509578 8.936285062254168 2.2482261494962814
52900.0 10.297939 31.573889 9.639941937419351 9.450751238705832 2.2355442253115294
53000.0 8.040442 23.103739 7.608552719324947 7.5959006016407535 2.172934325344939
53100.0 7.698347 22.026656 7.449133043644481 7.304011060698075 2.4868206319898576
53200.0 9.112534 28.066398 8.644472636711727 8.49988464613805 2.3213639023030272
53300.0 9.564625 25.529122 8.865882943913057 8.826254312998568 2.2658161075930043
53400.0 9.494820 27.831946 8.825540255898497 8.626913773195351 2.346902472334021
53500.0 9.997805 30.263353 9.255344171897656 9.166441588194639 2.3201194119501007
53600.0 8.486637 23.478157 7.830298757685903 7.762489034606876 2.4143988044808284
53700.0 9.952248 27.032188 9.213624205472442 9.018664676229497 2.159468735105196
53800.0 8.098931 24.949906 7.772788183709728 7.554195228348855 2.3261685128969187
53900.0 8.912135 28.829274 8.325788331383507 8.0582779635667 2.4231219092224165
54000.0 8.569863 26.114059 7.938513328480843 7.719076785530625 2.30715223335006
54100.0 8.128368 22.262900 7.545350575397883 7.33755657979916 2.331928147890114
54200.0 8.585471 22.103072 8.225773475502985 8.110227718633363 2.3867165573290525
54300.0 8.090813 22.637142 8.019965306075424 7.808745958899839 2.4116450521679176
54400.0 6.360260 16.185194 6.166940959205728 5.952191181195744 2.080519963573399
54500.0 7.920269 22.461195 7.547999574800898 7.378394272392894 2.3840778202737685
54600.0 9.077436 27.904900 8.264735649737855 8.193020658037359 2.468295955721883
54700.0 10.128596 26.013181 9.295110172529112 9.159825660226538 2.179080877258281
54800.0 10.852628 35.436809 9.617810467386322 9.561740424566736 2.410690864614032
54900.0 10.073577 28.215261 9.481169683549195 9.355311585368476 2.3803287749968454
55000.0 8.914904 21.869700 8.582191159910263 8.462950375476227 2.474317252375392
55100.0 9.791518 28.812863 9.244496045471962 8.99207953234643 2.377253800245607
55200.0 9.184429 22.411845 8.468352156774992 8.365485514301865 2.248793736491041
55300.0 8.714529 25.054507 8.17810263483018 8.045021549621337 2.211751523120083
55400.0 8.574981 23.362090 8.431616399569828 8.175335933741929 2.3203655141488286
55500.0 7.401835 23.514036 6.9456790949649045 6.77466775416508 2.355271233591006
55600.0 9.200409 27.171295 8.554095131224933 8.380173471518727 2.1358541227925345
55700.0 8.658705 28.281275 8.088911590885287 7.896606964549295 2.38780601859513
55800.0 9.928191 27.001242 9.446305431740408 9.33533734167413 2.2663433930208536
55900.0 9.790909 29.310477 9.190782495099109 9.062276552920844 2.4395264415832405
56000.0 9.243915 28.764483 8.39946248011727 8.294569994981197 2.2617518135153922
56100.0 9.795410 31.900339 9.420051711861523 9.06155795831401 2.1713092210818545
56200.0 8.987981 29.413812 8.269696753179819 8.10964865125358 2.2096585611331334
56300.0 8.605193 21.440535 8.201392625021548 8.118807462504318 2.3572225172604937
56400.0 6.737617 18.470959 6.2314920181854125 6.132576418965758 2.3542326678987897
56500.0 7.899078 23.373043 7.685105169563594 7.511866956639627 2.2953518976204434
56600.0 9.016156 28.405768 8.497718145511044 8.290466952601518 2.1552319597452927
56700.0 9.282435 26.347016 8.81738124781215 8.62828266026752 2.395777686761944
56800.0 8.930917 28.672785 8.142931649557198 7.873199579216564 2.178960534217301
56900.0 9.691195 28.143453 9.048114845031627 8.896048740983682 2.1554254856577337
57000.0 8.535410 26.944900 7.880931119886912 7.627111192287016 2.187524351166459
57100.0 8.465583 23.546021 7.969951677484549 7.762677132989987 2.2660365965562606
57200.0 8.083537 25.222432 7.419335873144519 7.330485947324624 2.317353252060542
57300.0 8.953025 22.575943 8.488295806810545 8.3236262294078 2.3279856653201247
57400.0 8.359473 24.243567 7.752172784029797 7.567587935322054 2.452313407099973
57500.0 8.949541 26.010366 8.341584992699183 8.295799261225554 2.2092765316893117
57600.0 9.812028 29.600208 9.091988900705083 8.936082779496209 2.2054594757533916
57700.0 10.015045 28.896000 9.277180118967191 9.051915498184563 2.3862225624995963
57800.0 9.700466 25.885598 9.097771840327134 8.949818443733324 2.3361199096312344
57900.0 9.363257 27.499319 8.622286164631415 8.532411738336538 2.256284033927711
58000.0 8.577095 25.662856 8.066116973889788 7.849010292487906 2.314651019143657
58100.0 8.654103 26.795963 7.807093745105957 7.653072383143571 2.2255344062485647
58200.0 9.227527 23.081170 8.676461907317043 8.580421839938813 2.263780311076869
58300.0 8.894005 28.944435 8.37354399694409 8.155869183088479 2.3236578371449017
58400.0 9.269806 28.737455 8.512257940385156 8.337605447023416 2.3640379773895774
58500.0 9.944182 26.648109 9.426260413039262 9.276466888756968 2.3956527671965717
58600.0 9.106415 27.990195 8.607287432186183 8.370331398467943 2.1956677820818746
58700.0 9.981152 30.701450 9.233359869628794 9.102889234161417 2.316250192095113
58800.0 9.078514 23.020935 8.648477428334633 8.49014077674779 2.293061118969222
58900.0 8.969737 27.554519 8.193834575988085 8.155484488146433 2.1037165581465502
59000.0 8.582088 24.414860 7.891557644679362 7.808128617570438 2.3199883373168095
59100.0 9.806623 30.234205 8.945950766896228 8.936384388661262 2.218408831959531
59200.0 9.674210 29.915317 9.315532862014068 9.1120848522305 2.3911929375663954
59300.0 8.586207 27.457874 8.246945006974864 7.992181273183677 2.304856531850643
59400.0 8.327624 26.457395 8.006895492710518 7.768788757297202 2.4139724787445025
59500.0 9.318161 23.931890 8.646148033609299 8.623596951776559 2.252627226253466
59600.0 9.086678 27.892084 8.494232835976963 8.17345254512891 2.2454914011149
59700.0 8.432823 26.693024 7.935890402740771 7.73316995444218 2.1120817378926966
59800.0 9.421224 31.274825 8.48016687566482 8.316165129554628 2.211526693771055
59900.0 7.410392 21.000614 7.144581074604909 6.90102990645245 2.2218547398224247
60000.0 8.944972 23.214800 8.261312920181659 8.090435713803522 2.2995738259802554
60100.0 6.746641 18.473595 6.778239625083266 6.559879898577784 2.253864080571964
60200.0 7.903355 22.132668 7.393544668214047 7.2887072958937065 2.328242970315377
60300.0 8.423358 23.219995 7.989591384478661 7.820271948855452 2.3968047196791367
60400.0 8.223461 24.044570 7.624312137532545 7.551857394298836 2.250832751123927
60500.0 9.229681 28.753696 8.550063643748821 8.403769344931835 2.189705893588886
60600.0 9.807321 28.059202 8.939870391183492 8.910241149595196 2.387786546097487
60700.0 9.807118 31.860087 9.024220814972075 8.808552948574293 2.383681415196203
60800.0 7.385154 17.371102 6.846137972281899 6.804582476876262 2.1824360480164575
60900.0 8.310437 20.980811 7.744799628529168 7.672846110609825 2.259297096105972
61000.0 8.076036 25.560160 7.697737860105306 7.440553500531906 2.3114679356248757
61100.0 8.153469 24.407952 7.685118915440938 7.4870450784259965 2.1857155362659264
61200.0 8.316475 22.272504 8.159110310265092 7.825202637392979 2.1616105129794247
61300.0 8.957095 20.808092 8.733042174032207 8.607531009241525 2.2455312606893427
61400.0 10.389173 30.606396 9.912901258365977 9.73737394823801 2.3389303377871657
61500.0 8.830887 24.038692 8.245961615189913 8.100398746862565 2.4493856664005658
61600.0 8.166324 19.052046 7.90009220840119 7.7620589012587455 2.2320768497616728
61700.0 8.711850 22.417420 8.205216428072942 8.037106699363722 2.40764884990871
61800.0 9.826254 29.799130 8.960766212107591 8.829489121417886 2.323781536377399
61900.0 9.519331 28.624984 9.004067869548829 8.82788542762221 2.3892173708069087
62000.0 9.258603 25.578440 8.569968505601802 8.506932617004498 2.236353835444357
62100.0 7.915017 21.397996 7.414584139231893 7.372415456092717 2.271329406748521
62200.0 9.993535 28.565080 9.205194477986039 9.103752476664772 2.271878873395833
62300.0 9.470567 27.994538 8.73547895587573 8.710109015600882 2.152380372302813
62400.0 8.625499 26.059966 8.016187488608693 7.89302240146761 2.506674499635827
62500.0 8.231301 20.937922 7.917074015282861 7.808322197093175 2.367386746553177
62600.0 8.393173 21.290850 8.030455310734098 7.969806258794169 2.329415330033732
62700.0 8.886604 22.142090 8.424919510306012 8.42881007348868 2.256216585239248
62800.0 7.995224 19.901497 7.6263631965326635 7.483286547425851 2.1231565686176355
62900.0 8.893954 25.013731 8.42681014378224 8.173241683476162 2.1806232880601857
63000.0 6.963746 21.732702 6.588279627002737 6.514340589065834 2.4895397050436605
63100.0 8.061768 24.579777 7.640858908833905 7.530803938807714 2.300018608397283
63200.0 6.789077 15.596588 6.763379868635667 6.627150982519507 2.2447094843254285
63300.0 6.736099 13.626932 6.624924002746522 6.49103941912912 2.3196623927318645
63400.0 7.199360 16.279697 7.0421421846734304 6.979687271426033 2.223257803622598
63500.0 7.474222 15.043565 7.4260510607438865 7.254561269676436 2.2191011990124108
63600.0 8.934739 25.628839 8.464904104097942 8.488920613034024 2.367675697263314
63700.0 8.694714 19.555616 8.49594562409105 8.40445835180033 2.351010508093285
63800.0 8.569078 21.301395 8.09155720436876 8.153229265934655 2.1573288958840338
63900.0 7.313122 14.591554 7.229873767610494 7.080168858560699 2.3556183735235394
64000.0 6.933127 12.737973 6.859450405914556 6.744015318473704 2.3254020209156425
64100.0 7.005879 15.273115 6.686445801787348 6.6251777881758365 2.422551483833144
64200.0 7.356345 14.269037 7.234056099699699 7.106450522044976 2.459726455989391
64300.0 9.088829 26.019686 8.445422276466713 8.241879196587877 2.2460637791876947
64400.0 8.982177 25.983832 8.55623750841453 8.435097287490317 2.2594375653328638
64500.0 9.000416 28.581278 8.376059704032727 8.26187844508272 2.3349305909568194
64600.0 9.005793 28.262812 8.289557564903513 8.144311197930541 2.3669479574944794
64700.0 8.451266 22.816871 7.903459110414301 7.846827645646826 2.3861258628404043
64800.0 7.986685 22.662270 7.377099825258531 7.237503497936346 2.2514335953080558
64900.0 9.034101 28.294979 8.495625102983968 8.337810886771473 2.4511078846872074
65000.0 9.542199 25.420938 8.924294653959471 8.762047946752189 2.1359621893002947
65100.0 9.875397 29.412721 9.06367570551192 8.905446377492018 2.446548847796065
65200.0 8.648706 26.893061 8.001838998492063 7.879399338505185 2.414626105469117
65300.0 9.142174 26.207247 8.374548449344923 8.243895657845927 2.304270674102468
65400.0 8.290259 23.335203 7.596109529729366 7.4378495823521416 2.170345057002791
65500.0 8.409457 27.098978 7.545716309965867 7.456501748082585 2.3038094884140388
65600.0 7.531265 18.805415 7.1660235459285095 7.094569646231191 2.2650910576550434
65700.0 8.648117 23.497476 8.271401028722885 8.153466694613407 2.251478866610235
65800.0 7.996153 19.371885 7.627225401832983 7.591159377005702 2.298859137185005
65900.0 8.398144 20.125178 7.918578394383517 7.921199949230121 2.3098055077946005
66000.0 8.896548 26.337038 8.468411072095087 8.306885448447497 2.510375964549324
66100.0 8.214903 26.187566 7.598311326201836 7.513271553619741 2.2556165149541605
66200.0 8.337177 25.933053 7.68980921058874 7.699445985819877 2.1316598436545093
66300.0 9.632960 29.863857 8.77127982792448 8.668633156888971 2.29917248062404
66400.0 9.263588 26.459394 8.699202496586436 8.470923787724791 2.1905498321347965
66500.0 8.586725 23.424283 7.980179176939058 7.877767915508444 2.2033737974753906
66600.0 9.023350 22.005487 8.696799024976018 8.475639139877686 2.233788025925072
66700.0 9.386271 27.588313 8.67516813527224 8.404611597348385 2.2214253318452286
66800.0 7.168120 20.738731 6.822608320236808 6.656962993782989 2.2026154051106928
66900.0 8.397057 23.324216 8.206716981713983 7.965761263194915 2.432262441128629
67000.0 7.335436 21.882314 7.1387407004944405 6.936635580915935 2.302136084611672
67100.0 8.193712 27.626707 7.675284648242166 7.518889188063368 1.9864564758986059
67200.0 8.055439 23.223538 7.511205544356019 7.342551439377265 2.232765523527118
67300.0 8.927223 26.991811 8.152377758258279 8.09191932995825 2.3261280234451167
67400.0 8.637297 22.663243 8.266327597351943 7.997798263566867 2.2836304461578947
67500.0 8.054492 22.409105 7.5609876426997875 7.459711924168541 2.45196345445799
67600.0 9.024106 27.253116 8.593056661775798 8.367576197254815 2.18313317721004
67700.0 7.766601 20.466039 7.233578311115692 7.036207104173875 2.3259789592569557
67800.0 9.293746 27.360507 8.602334876255144 8.563052382283226 2.3665611373003594
67900.0 9.527582 25.872097 8.939202667360997 8.775117792205869 2.3187163300676414
68000.0 9.176820 22.704371 8.626751314298756 8.511002993553678 2.3190059468712585
68100.0 8.180676 23.313439 7.700265037407378 7.517447305652723 2.401774593509011
68200.0 8.257155 19.956028 8.039482763137041 7.804726473836703 2.3074481868380046
68300.0 8.381770 27.443584 7.529912653850109 7.44521800125724 2.4179403265850006
68400.0 8.475153 26.954523 8.016012570030696 7.809126136383927 2.318393770901596
68500.0 8.649772 26.021263 7.9679023130734175 7.922862187994584 2.282168880919244
68600.0 8.502664 19.734354 8.395116626540776 8.199504159651301 2.3087929208172078
68700.0 9.266276 23.061243 8.57621122341621 8.569887422369773 2.278354090025288
68800.0 8.485539 23.765588 8.062871574403777 7.866296609025656 2.1235321189897083
68900.0 8.658043 24.860028 8.165160589532643 8.0056718391926 2.3226926342845853
69000.0 9.331445 27.050853 8.710638127408048 8.563283904015396 2.387613117227545
69100.0 9.766823 27.932248 8.729283792125047 8.68937351506948 2.211815811935306
69200.0 8.710987 26.181336 8.176014899539814 8.04559205949226 2.188070752907103
69300.0 8.474365 22.575300 8.165869836669016 7.933552747581695 2.132564940239934
69400.0 9.302699 25.090744 8.80379889564627 8.62520880891656 2.240470104537405
69500.0 8.607248 24.190178 8.307075959042578 8.105141032993002 2.445751780507531
69600.0 8.783196 26.211856 8.170854156563996 7.967890765476947 2.2255398885172997
69700.0 8.665296 26.043937 8.159739972419466 7.9642045724061195 2.2614085921832676
69800.0 8.287262 23.078653 7.728501741064839 7.715914202287612 2.3734032962640725
69900.0 8.113671 23.680136 7.850209843193732 7.586193344886122 1.9395083342569825
70000.0 8.984041 28.340305 8.504670877398716 8.30256882169597 2.365277991929394
70100.0 8.183546 24.220497 7.689420124479269 7.512874541999829 2.1513458900850995
70200.0 8.877421 28.341317 8.097702911829456 8.024596209317943 2.253752105650742
70300.0 9.787989 27.610050 9.012085979990278 8.808042739423245 2.3583832530977684
70400.0 10.085578 29.319580 9.44521580962761 9.272538390332107 2.2993859191749095
70500.0 7.928220 22.782082 7.690523430820294 7.5456343489390685 2.138750127991005
70600.0 7.744167 19.544289 7.388473972090242 7.413916670567844 2.295319265640398
70700.0 8.237159 19.983997 7.919541796461253 7.766691812410539 2.332751990869942
70800.0 7.548591 18.556431 7.380607420468299 7.240693739742619 2.2242284152884544
70900.0 8.107399 23.213487 7.523950228853756 7.4783373860759506 2.235367771241342
71000.0 8.729889 22.518714 8.435505468550861 8.17377360338996 2.2916870392751294
71100.0 9.280840 29.971579 8.47562111520079 8.279253309808128 2.3801836333080346
71200.0 7.760695 21.624955 7.25379217804987 7.092763265632299 2.5194643206026597
71300.0 7.977241 25.562476 7.784636498546618 7.493650271026812 2.302292058554457
71400.0 8.145429 20.612482 7.724998992532977 7.5918750206243875 2.35123063147797
71500.0 8.972813 27.183723 8.375463060139284 8.188788167061883 2.2584658761713157
71600.0 8.985698 22.258737 8.396576430701264 8.28933182171631 2.0677482650868986
71700.0 8.728673 22.771466 8.203307317514243 8.196688456649342 2.3708204337917334
71800.0 8.255041 21.747724 7.786401294211298 7.610952172562516 2.226595915517195
71900.0 9.125289 27.303965 8.47996357233235 8.38532027960156 2.302462216251481
72000.0 9.727085 31.054224 8.79137612229 8.597879279704781 2.37214965775778
72100.0 9.754623 29.844899 9.185565881917004 8.961363844857123 2.2967767810504918
72200.0 9.282484 25.925342 8.623139915115233 8.55148239887651 2.4136913476043134
72300.0 8.980537 25.827498 8.391405086035618 8.195876367233007 2.164335795287481
72400.0 9.556427 22.651572 8.782593184830194 8.745525341494108 2.215779601818071
72500.0 10.245142 30.165540 9.345850066626086 9.25081285734026 2.2519538481118953
72600.0 8.894556 25.079752 8.616475567260226 8.261931854880823 2.2754961925465826
72700.0 7.381799 20.360697 7.09436609460772 6.975559256789818 2.11730759766139
72800.0 8.374779 20.986978 7.857601712822973 7.719359364883679 2.2438249578130156
72900.0 9.029062 24.473684 8.325661817784827 8.241255172021889 2.3124400380940213
73000.0 10.173810 31.885846 9.317242844537512 9.200948466611807 2.4324866273407926
73100.0 8.209370 25.117819 7.696576786052953 7.525984068933763 2.1664503892914033
73200.0 8.478506 23.736069 8.035310863501724 7.948376533735602 2.3506389003198653
73300.0 9.729039 32.156836 8.871702435675232 8.780860390398852 2.1359089603113226
73400.0 8.249698 22.711186 7.821271880841025 7.694481233992112 2.256567045231538
73500.0 9.302538 27.661206 8.677878331605086 8.450350360831573 2.128944660657654
73600.0 9.982783 32.771018 9.214168677959883 8.924774987728192 2.118379901045543
73700.0 8.223663 18.070962 8.006251327721474 7.731245797192405 2.242504552380265
73800.0 8.492917 22.995153 8.052035400754992 7.906840166645303 2.135402933654112
73900.0 9.024939 28.848770 8.475314402517595 8.202730757272974 2.315554997030577
74000.0 8.258290 24.132844 7.895656341498699 7.667875523795781 2.2234440637904056
74100.0 8.583715 22.008096 8.03573956286974 7.94907696786939 2.3787104961212755
74200.0 9.148141 27.404138 8.581014326551369 8.37208413195467 2.296013754763283
74300.0 8.528034 26.919178 8.221853480967663 8.005726891245773 2.366661608204624
74400.0 7.728993 18.931793 7.424210804262403 7.34959672834856 2.3279609021171495
74500.0 6.464652 15.747426 6.3656639522607446 6.177983967954491 2.4134914567404016
74600.0 8.270068 18.965761 7.836013694478369 7.783457161281333 2.253845803095511
74700.0 7.903298 17.292239 7.968510051110624 7.7753363911537114 2.1904113637862865
74800.0 7.289128 17.707369 7.253377903396673 7.09980177677993 2.171342045567674
74900.0 8.444874 27.231875 7.78811289396904 7.669655753023146 2.480877082949437
75000.0 9.309140 26.154471 8.717556326070083 8.599661412151965 2.4422022171639437
75100.0 9.748195 29.502936 9.229802515420275 9.033287489901909 2.2542811582840105
75200.0 9.292779 25.833689 8.42623898070771 8.300149507408145 2.3674104818186343
75300.0 10.139741 31.071131 8.974400147976622 8.882540691166659 2.316250987435681
75400.0 9.828819 31.426526 9.084506692395149 8.859919758274154 2.1152483766782435
75500.0 9.469898 24.851816 8.81613155112807 8.74263747258799 2.386603015198481
75600.0 10.155002 28.445711 9.301366197425374 9.186439900851443 2.3107661711455707
75700.0 8.634450 25.625961 7.866118259341537 7.818897834466332 2.3360579476703744
75800.0 9.288216 27.968492 8.99533774543859 8.861729248210144 2.327279839476241
75900.0 9.324006 27.805354 8.401071998485456 8.391401654033858 2.302742638420356
76000.0 10.213413 29.591558 9.437717067020465 9.319113613513656 2.4182173362650885
76100.0 9.622460 29.895104 8.70248334726204 8.567956093599113 2.1631354491454835
76200.0 8.901840 26.244565 8.384461675082994 8.205375306975816 2.394558504464313
76300.0 8.530756 21.100060 7.860207478822545 7.835175325851989 2.304297898101445
76400.0 8.974953 27.134163 7.984328079891212 7.958558308448486 2.112576836739216
76500.0 9.070570 26.679456 8.232211207103347 8.194463108467426 2.213444760360946
76600.0 6.983653 19.390214 6.686607434754984 6.539806236874544 2.323091513424432
76700.0 8.601347 28.274087 7.923734980664893 7.6947759970913 2.3552049718856933
76800.0 8.913395 28.391517 8.19738131106101 8.102809332209647 2.3528485800155137
76900.0 9.177303 29.484044 8.682607942957949 8.520332601508033 2.3380317761539127
77000.0 8.904162 26.065686 8.24751070184081 8.105861737354909 2.355981728750458
77100.0 8.093636 25.952853 7.858879989740559 7.551813983401833 2.2158623475929167
77200.0 8.918907 27.286238 8.217558629713949 8.015042319314151 2.4841246284701826
77300.0 8.426309 21.660736 8.057645869772118 7.883625644452427 2.1605380191510495
77400.0 7.383461 19.730589 7.179749160229444 6.940277883907309 2.319927535321481
77500.0 7.280777 21.435995 6.862703754573721 6.706898896415812 2.3937163077524075
77600.0 7.698795 20.581316 7.55338142281999 7.383023911647919 2.235305059462236
77700.0 8.714345 24.058603 8.342621119823725 8.221234364418311 2.29079132370522
77800.0 7.588321 20.993440 7.164236540102444 7.127275458995418 2.202613359948337
77900.0 8.232341 23.650999 7.448993426745219 7.338559240037461 2.2552627606476006
78000.0 8.773031 26.766302 8.122518521525523 7.873028636693102 2.1817490545657683
78100.0 9.187175 28.324592 8.441836961871992 8.358262411665608 2.445394058943242
78200.0 9.665277 25.674542 9.125626491219737 8.953307729169783 2.418466767460947
78300.0 8.160550 21.425967 7.592803658423472 7.4520786317441505 2.243218703470828
78400.0 9.515643 30.535486 8.734907421537688 8.560925612456053 2.342802762215822
78500.0 9.612252 23.369616 8.907671658001963 8.751008564940484 2.2388678621765443
78600.0 9.214881 23.392498 8.698117440572872 8.596842574980004 2.358879401318426
78700.0 9.604824 26.678830 9.022178923996067 8.895793417620746 2.178161171663761
78800.0 10.254787 28.304417 9.250687042490947 9.193867335539004 2.3860726395067604
78900.0 8.838350 28.466353 8.414722863704174 8.110380083615633 2.225102210389342
79000.0 8.158677 22.635784 7.628886040499957 7.462626614839245 2.1010583692230522
79100.0 7.927650 23.666818 7.485767799587612 7.3662312720798475 2.3756129381969506
79200.0 8.539410 25.792316 8.152300480112565 7.956845114302535 2.299257821255895
79300.0 8.749528 22.040968 8.354996952810898 8.213268594861843 2.478183418909473
79400.0 8.413391 25.152058 8.174663138074798 7.965862536959649 2.1931023689459233
79500.0 8.064369 25.146815 7.435480478847819 7.352330148246382 2.353815976354314
79600.0 9.334916 26.726050 8.822102315038213 8.655441417208708 2.3848277735727628
79700.0 8.993098 24.689056 8.391364994431465 8.29927095179025 2.180817836821407
79800.0 9.302570 27.679587 8.925223928426066 8.618074343817234 2.306305030539918
79900.0 9.796679 27.740028 9.082782039333283 8.99749653124388 2.2841075048843047
80000.0 8.802961 21.979335 8.55371924225626 8.384480427142941 2.2920125690086857
80100.0 7.732343 18.344803 7.527229937895264 7.374808182435204 2.2780570781922016
80200.0 8.944001 24.797130 8.461320444157774 8.353393864431526 2.2215086998554754
80300.0 9.921151 27.118256 9.140881765141481 9.06182878261576 2.2611861637875523
80400.0 8.971591 21.999606 8.409987766689188 8.307676179439621 2.2724521532187816
80500.0 8.625596 21.938324 8.06491352810489 7.966664571590218 2.0905657088449643
80600.0 8.162053 24.236660 7.335553222870729 7.349814264646966 2.2119969097137036
80700.0 9.057695 23.204384 8.72191331579916 8.50153168139454 2.2200548518725043
80800.0 9.215674 25.777585 8.604083660660764 8.507151837332996 2.1267451041104355
80900.0 9.347086 26.397540 9.034153850736256 8.869256109578568 2.315925732778725
81000.0 9.702365 27.947371 8.92461221150854 8.815271543579103 2.2449267821985845
81100.0 10.335792 30.114490 9.36455212535104 9.244376533576169 2.380534078923121
81200.0 8.912155 19.148513 8.580803875488373 8.493859855351989 2.2280294565409084
81300.0 7.677479 20.319716 7.396012040799186 7.267835671358342 2.3233344075183364
81400.0 9.001918 28.662513 8.414655586405287 8.241315149788253 2.240765105990676
81500.0 10.812694 33.083296 9.899551396043897 9.766262521748473 2.06447578363253
81600.0 8.750060 21.043597 8.307272614046088 8.217618750675966 2.3888905967122436
81700.0 7.457822 19.735171 7.318870796829211 7.093333748295616 2.355110521577172
81800.0 8.448340 23.216715 7.992679338863194 7.858226952023814 2.311268476334439
81900.0 7.771681 25.440097 7.333478551995306 7.136707184534391 2.2604753293998567
82000.0 8.912386 25.880862 8.453583337729443 8.251869055481938 2.3859592059219694
82100.0 9.818203 24.953786 9.185376162085811 9.111560669227012 2.3628001763170148
82200.0 8.714378 29.114987 7.987755076597563 7.833780719603693 2.092783223496644
82300.0 8.214329 24.280817 7.838188754160948 7.700541195328776 2.327630285043922
82400.0 7.634322 22.608524 7.267136561210092 7.072993506542117 2.3248933345301985
82500.0 8.873269 24.696625 8.143190135578296 8.011370068214523 2.1811349373551225
82600.0 7.899758 16.681921 7.635737290535458 7.466159884905517 2.326873083025465
82700.0 8.262934 20.867797 8.082221743498149 7.897901359577583 2.272139182413642
82800.0 7.912637 23.095629 7.396158035664221 7.160905354905959 2.199553404996988
82900.0 7.667734 21.892454 7.317266077807288 7.193127172476021 2.3001412110963066
83000.0 7.917535 19.735101 7.690045316293735 7.619915532433951 2.071088703332458
83100.0 7.999989 19.713803 7.623284257227698 7.412222617559289 2.3290915262088387
83200.0 8.430935 20.966898 8.095880533929547 7.907143117856259 2.2325768472539638
83300.0 8.251121 26.301534 7.770629046832664 7.633246843304007 2.242500424406222
83400.0 9.373392 27.303279 8.999278586792265 8.76799830298126 2.304416078523626
83500.0 9.507266 28.916268 8.630571161767028 8.553131663292312 2.305331593369273
83600.0 8.840124 24.442836 8.325818256250631 8.22943902572657 2.330199052273885
83700.0 7.170169 19.320743 7.027369956378314 6.909501360281184 2.264678156250986
83800.0 9.330631 25.549459 9.097184777840999 8.917594749865481 2.090411146116117
83900.0 8.713107 24.236937 8.136160480361339 7.976533935263471 2.178083144152513
84000.0 8.588039 24.741765 7.915427462114366 7.8511423593194785 2.289707533114449
84100.0 8.064632 19.959777 7.425754819620365 7.393466392340486 2.27970980278923
84200.0 7.397643 11.401279 7.3348404785413335 7.302630400688025 2.3263385551425113
84300.0 7.317068 16.480888 7.2329109378466026 7.088995409234657 2.2562679957785714
84400.0 7.216883 17.720429 7.017131327794075 6.824269043024156 2.2100785390530358
84500.0 9.291665 20.386058 9.204624124576078 8.982491891622598 2.1686415949974425
84600.0 7.935669 21.652547 7.5158548606328885 7.438805921934879 2.2335949684490854
84700.0 8.303777 28.278675 7.6544693320360615 7.57273024121068 2.315376527500769
84800.0 7.569495 20.098283 7.413786856559604 7.348177552740368 2.3039789844285186
84900.0 7.164413 18.541898 7.032789910530054 6.9053307755338595 2.2493850181455137
85000.0 7.168941 19.058970 7.032820383189205 6.852146581528062 2.1716119614234093
85100.0 8.209962 21.521758 7.808242965397167 7.648350425706215 2.1998196577605755
85200.0 8.337293 23.990527 8.093765137641062 7.771978968825506 2.2312276625508174
85300.0 9.057934 27.681220 8.310944730071434 8.305251785965734 2.1698945000637107
85400.0 7.546485 22.482677 7.0849773535107206 6.948704401882117 2.373030306251222
85500.0 8.046262 19.095727 7.494362616955859 7.369110543566741 2.303739310883724
85600.0 9.848658 28.597929 8.797020574742241 8.721052509935705 2.0561700671566103
85700.0 8.642334 26.362362 7.689122069721639 7.637598457463253 2.4066648722628043
85800.0 8.695296 22.020649 8.454559515377591 8.311106823284392 2.1756583767718736
85900.0 8.851340 27.455891 7.857385665893939 7.861573244932003 2.295753566489673
86000.0 8.145071 25.022768 7.7423093512533185 7.66461067499167 2.2603038491980008
86100.0 8.513531 23.507975 8.090090488140332 7.85062043031113 2.026144915022141
86200.0 8.904095 26.718000 8.443910927488176 8.392882073297706 2.3855642368157013
86300.0 9.068313 28.185257 8.497686173645345 8.309632235955654 2.3109201244026667
86400.0 9.455657 24.573055 8.814266218207978 8.762965019183532 2.4453575306997215
86500.0 9.786772 28.544086 8.864392025484868 8.778685985288021 2.061487838560178
86600.0 10.065724 28.396796 9.475972757883307 9.234792088224786 2.373362212726009
86700.0 8.180815 23.695209 7.765444747112712 7.606640678820748 2.205836178594445
86800.0 8.225550 23.911239 7.833192740347517 7.719174151469211 2.3940511461128255
86900.0 7.928914 22.320522 7.603758058757385 7.448103233389147 2.2940996729186613
87000.0 7.539107 16.940217 7.614018143817281 7.366377422851938 2.337340121534797
87100.0 8.072150 21.880246 7.660386892459376 7.5997672808649055 2.433041074578735
87200.0 8.653095 27.331329 8.157466690561005 8.00419541670735 2.2856655424640278
87300.0 9.069764 23.919003 8.335221455132794 8.289497907270755 2.2500141320155738
87400.0 9.328702 30.661189 8.792857581132989 8.5012049585068 2.3043866894467815
87500.0 8.775061 24.094328 8.271294990162001 8.200139839799554 2.3894884230248845
87600.0 8.753560 24.470195 8.018273441124606 7.979779796642034 2.338122987911714
87700.0 7.679925 19.327419 7.4159208504632765 7.2038535406067705 2.497411837627803
87800.0 8.690932 25.299251 8.374107067499802 8.153680754843819 2.3690116039399953
87900.0 9.242211 27.841630 8.754358245258981 8.533150452344813 2.3004084731277676
88000.0 8.452846 21.344515 8.092407743364603 8.025967522069772 2.1521057828137766
88100.0 8.789729 26.821877 8.458585025079744 8.275977883845655 2.4258612105025366
88200.0 8.942412 23.159414 8.535197153826076 8.422008843002684 2.2425434178987134
88300.0 8.685484 24.168199 8.323285470713056 8.216761163436601 2.451212141358426
88400.0 7.555023 14.455868 7.456331074367885 7.329091111538352 1.9527619434177135
88500.0 8.482744 21.260406 8.024869698501744 8.014846789213967 2.335825715117851
88600.0 9.624275 23.983961 9.099998322950016 8.940676440261454 2.130725585678799
88700.0 9.197749 28.637597 8.348895594338801 8.179845216709335 2.219255600966392
88800.0 9.854628 31.139154 9.240095978909318 9.045998645998498 2.395004786330975
88900.0 8.905622 25.587663 8.079076000340804 7.986367834122113 2.240529093242114
89000.0 8.642193 25.334142 7.992508373277257 7.8411686069835325 2.4346920875004643
89100.0 10.949157 34.085488 10.156493420548513 9.98066273943878 2.258242070843029
89200.0 10.520496 34.027586 9.506905452603071 9.397289374420602 2.279655921507177
89300.0 9.002258 25.667997 8.408396559863633 8.292014940760147 2.274182501611567
89400.0 9.523158 27.057240 8.967064837639013 8.855386689314379 2.228940059031146
89500.0 7.789424 22.385629 7.284738308450689 7.109225810498905 2.191321276640181
89600.0 7.464813 21.325736 7.05823157946291 6.942665874722951 2.383760703303185
89700.0 7.904871 23.075760 7.554831388327181 7.400273428140835 2.34403650355421
89800.0 7.795905 17.608398 7.821115767362122 7.612330053818445 2.163570345411739
89900.0 7.699345 18.286363 7.531832824879596 7.423631761788415 2.3806147180526853
90000.0 7.460525 21.514311 7.215650600307826 7.108711095966734 2.331543644666317
90100.0 9.233659 28.607232 8.298744080255199 8.286525548673609 2.265156521338852
90200.0 9.584882 26.629058 9.09729916021649 8.954093450040304 2.4800997490784793
90300.0 7.493688 20.262178 7.614160341467848 7.303889532910655 2.276625042693193
90400.0 8.868393 24.730069 8.531470250859284 8.332810765459463 2.195633138282808
90500.0 7.163701 18.478303 6.967138480428849 6.807376303101687 2.2334190836362815
90600.0 9.019611 24.039562 8.82173219024653 8.5192945683505 2.2411146357729135
90700.0 8.897706 25.096442 8.234387545540228 8.13875558556973 2.330076787441546
90800.0 9.270135 25.971274 8.756617962369308 8.614302285796365 2.221861073988174
90900.0 8.927572 26.666985 8.247886867358222 8.152724200759476 2.334728531196319
91000.0 10.335792 28.378976 9.589469855440107 9.377477660018634 2.329493013557614
91100.0 9.626357 30.080334 8.885705852006504 8.715056318481018 2.449469910679467
91200.0 8.501076 21.438716 8.075419602829903 7.874812711513414 1.989718244794122
91300.0 7.545676 18.633396 7.221128787627573 7.017847597780649 2.2348091888083332
91400.0 7.004753 18.401918 6.673524497347286 6.5975196440635955 2.3139560811193913
91500.0 8.721718 23.932627 8.437726174338628 8.37986181924876 2.104238892222212
91600.0 7.618508 24.961542 7.288898469196784 7.098641522450513 2.280353616292603
91700.0 7.944873 20.671543 7.73695620413028 7.579515359601484 2.339000144217056
91800.0 7.625598 18.297148 7.454253836049656 7.269372982504478 2.224427334056458
91900.0 9.065384 24.670835 8.76014173195124 8.640622496329271 2.3587247209964475
92000.0 9.424330 27.253619 8.999198790987982 8.864424586093152 2.3708174809397344
92100.0 9.519361 28.128863 8.600582446509595 8.507386118730864 2.289823932845603
92200.0 9.370385 27.461979 8.658995831683175 8.642055871174605 2.29366169009598
92300.0 9.269759 24.989517 8.58957537215615 8.470101013360907 2.448553474871314
92400.0 11.005411 33.721491 10.007521906902593 9.826495836022422 2.4490547446017237
92500.0 9.253292 26.191284 8.983979209363552 8.697610214766883 2.168574262433184
92600.0 8.305995 21.955267 7.555436962000622 7.533566455006452 2.300735059002183
92700.0 9.719720 31.923035 8.78564112950215 8.698051080377336 2.190108194355206
92800.0 7.598672 23.129738 7.063237073944854 6.936834867996156 2.3108536922268343
92900.0 8.151141 21.272277 7.7731327096842096 7.716360821580721 2.1128385474984284
93000.0 8.184088 20.034732 7.597756336923781 7.535099333428387 2.241506954694285
93100.0 9.122962 25.980874 8.356299763566131 8.343481050203483 2.0269574836917204
93200.0 8.368893 24.023905 8.227583612313788 7.996144577853129 2.4117180026115888
93300.0 7.491494 17.041515 7.062881606256337 6.98597884296344 2.2931200312841624
93400.0 8.448222 22.399301 7.965540350353897 7.807036565210576 2.3760049395501706
93500.0 9.173102 25.682383 8.40015355210089 8.337857381279658 2.1987574182304876
93600.0 10.818103 31.516483 10.027997999031347 9.900676377186747 2.5064716675324266
93700.0 9.408939 28.513907 8.494051155827943 8.438401250853742 2.22807980178923
93800.0 8.316489 24.551205 7.903692761369909 7.694253011312371 2.162190512547295
93900.0 7.463530 17.479886 7.301930380027573 7.1511814229522805 2.2231961477349915
94000.0 8.401071 19.510545 8.066336736202235 8.056794106892463 2.1329438663231075
94100.0 9.840602 28.270820 9.342627016024572 9.154371739886589 2.10824106025575
94200.0 9.754987 31.966302 8.804577007476883 8.64645554624287 2.1558095060920817
94300.0 9.743418 27.544313 9.073337488343812 8.928689949415594 2.2420850365075955
94400.0 9.466217 28.260639 8.542896233857345 8.515808856159033 2.2295133158619915
94500.0 8.765168 23.908982 8.561559572959247 8.329257505018049 2.205735896554462
94600.0 9.557280 32.241141 8.876476392481573 8.661467681853798 2.1731239205896786
94700.0 9.317880 25.668082 8.672781455820765 8.598275402196652 2.1754656209839207
94800.0 9.847554 26.682092 9.18953093518774 9.162232662155844 2.258556056501765
94900.0 9.901238 28.849929 9.14898554658027 9.058584931509415 2.130462928302794
95000.0 7.343841 19.295617 6.910397951585263 6.803906595946665 2.1994778451763097
95100.0 8.428766 20.862585 7.996507369194385 7.952658110487154 2.082805118364698
95200.0 8.064651 20.795141 7.77707721123979 7.543618142679371 2.330127107412471
95300.0 8.095822 24.192061 7.801760217797201 7.597181862244218 2.3998568088669376
95400.0 7.454472 15.864782 7.014541394896655 6.943526504654766 2.2879423228282905
95500.0 8.529693 21.595685 8.411111745201516 8.18638789000855 2.183621714560045
95600.0 10.052039 28.197517 9.418755263519696 9.233004468382472 2.230003511483288
95700.0 9.409059 26.326348 8.911451649716987 8.66345141254778 2.2529703904438834
95800.0 9.502823 26.536257 8.753702776030854 8.57934289738975 2.1935651354332224
95900.0 9.427254 31.004752 8.661553360057217 8.407705536680696 2.3358325288927513
96000.0 9.415276 23.445059 8.89360946808122 8.79669039910207 2.3280641704815563
96100.0 9.635942 24.465408 9.173340195543783 9.028655502548881 2.2566695819431124
96200.0 9.175831 24.438492 8.82819977578888 8.65391994464334 2.313405607790672
96300.0 9.195111 26.520174 8.4258200926134 8.350305241247424 2.246866666779155
96400.0 8.300063 24.089780 8.130602134118273 7.861493997482936 2.3073195403681814
96500.0 8.162868 26.498100 7.501994864505974 7.391099512697051 2.2381934462634856
96600.0 9.132608 25.933705 8.572756707410036 8.443654458403762 2.3367130320203886
96700.0 10.064016 31.089092 9.130490068067921 8.93025625568991 2.1872405658077634
96800.0 8.476412 25.733563 7.708695561828385 7.573869061844296 2.3107111168557384
96900.0 8.451478 23.750066 8.257596448574262 8.032092488738975 2.2814654226387936
97000.0 8.172636 24.443207 7.762396559571683 7.568038852086154 2.4172501243864017
97100.0 7.823889 21.333795 7.5932330086266004 7.363651282792602 2.208658679569228
97200.0 9.535572 27.419276 8.575542103858997 8.520063597782192 2.145823981758927
97300.0 10.490582 29.681599 9.441519602052603 9.411651308081646 2.1097425780301036
97400.0 9.010518 25.833183 8.485754898738282 8.345549251855203 2.1715166892074174
97500.0 7.198287 21.387286 6.8505964612627235 6.751377323422219 2.3784691274644394
97600.0 7.859161 17.843772 7.639770583468312 7.494855992273529 2.356950014093296
97700.0 8.651816 23.144933 8.293488498102763 8.178304743967972 2.3486360655001897
97800.0 7.773784 25.366750 7.398870416801072 7.204112183731901 2.0613049228476656
97900.0 7.438650 19.407805 7.303062711047637 7.150464098243864 2.2872494100982435
98000.0 6.491539 16.566909 6.24253618879379 6.186624456617038 2.2754974602393325
98100.0 8.612967 23.420084 8.238981373064753 8.128690342217272 2.239703879863347
98200.0 9.249233 27.460727 8.38313779175311 8.414443491366725 2.238418946960616
98300.0 8.423357 26.784696 8.00945423909906 7.74175333342833 2.3215894501878878
98400.0 9.448877 25.060429 8.983950873989786 8.803855248076246 2.4827697749816506
98500.0 8.776541 25.658217 8.02431747669675 7.973822374708403 2.2068557603113756
98600.0 9.373119 26.512213 8.740647226736044 8.665523491705583 2.238892952889745
98700.0 9.281265 24.418313 8.745631619933203 8.450383355062703 2.4167813085883627
98800.0 9.146662 24.833897 8.661545258977222 8.389860144550251 2.3166137482179607
98900.0 9.353841 26.418458 8.559432027789915 8.472181049930697 2.1654126983917044
99000.0 8.795738 22.128930 8.229629739490937 8.086499753041393 2.4103990588150355
99100.0 7.924361 23.451190 7.467415461190808 7.251438871783132 2.338067064910569
99200.0 8.617896 23.390415 7.692097583256832 7.694215711789884 2.186610525859052
99300.0 8.504183 23.264184 7.902708863164006 7.805785763420685 2.461880657630245
99400.0 9.436261 27.985825 8.65725571531344 8.5054323734315 2.3431402336546028
99500.0 8.563031 25.909058 8.075907462349749 7.914604559239485 2.3361946443465818
99600.0 7.654094 22.629845 7.21263982704439 7.095142139358402 2.3078394493901317
99700.0 8.752756 27.387168 8.423738376312212 8.216014143625806 2.2600338296930946
99800.0 9.320834 23.692016 8.786084946663943 8.540912143354822 2.3641934022581275
99900.0 8.969542 27.619860 8.114354458187952 7.9766474569948045 2.2146505513882313
100000.0 9.205579 30.006302 8.502976187000229 8.300377455824082 2.198935960698222
