# t rg re s3 s4 s6
100.0 8.580719 28.245465 8.407990685753607 8.045981317886296 2.9568082398652047
200.0 7.067952 19.972758 7.152209300256239 6.788054148189256 3.185851390170247
300.0 8.275329 24.487403 7.90757160260522 7.691990028018561 3.1632328067469504
400.0 8.504958 26.529184 7.94967348876901 7.678060991278196 3.035230072389685
500.0 10.399156 32.697480 9.461650654551246 9.305980240090657 2.9038327408866835
600.0 8.095466 25.922798 7.659066291664369 7.477643448425571 3.289533451754073
700.0 9.171271 28.484795 9.003109570725533 8.515046933434336 3.0698416191320046
800.0 8.813528 25.196789 8.476032851931327 8.183160747389438 3.1701724341766635
900.0 7.495009 26.307586 7.338073766406423 6.939724908916715 3.245408321655281
1000.0 7.979886 24.310059 7.579507334343501 7.4003954640206775 2.94305639464515
1100.0 8.993113 24.149252 8.50764757874003 8.301987217526493 3.2643488480439116
1200.0 8.485410 22.666417 8.079489836433337 7.829840461404895 3.1994202307774695
1300.0 7.667903 19.002478 7.2590622591145415 7.18079669087107 3.0137426870975426
1400.0 7.501742 19.537418 7.550540687031712 7.280219711212357 3.33805308724774
1500.0 7.241990 17.602831 6.905662672666554 6.744322905091829 3.1051004731131338
1600.0 7.713976 24.296418 7.4593829536222795 7.174053755795995 3.201211727560691
1700.0 6.192663 17.788438 6.073677007995309 5.955328144542138 2.7819864316987792
1800.0 6.366517 19.886042 6.279173971511609 6.156952631787105 3.4085532653643784
1900.0 6.902003 16.897324 6.5996452237652665 6.506341760816099 3.1229639710041615
2000.0 6.046278 14.590305 6.040116867622036 5.759134837941395 3.1722658623980933
2100.0 7.009827 19.135431 7.088007169528361 6.806553009222284 3.1563141904650984
2200.0 7.197902 19.940438 7.192756512887074 7.00350229169222 3.0253122528929124
2300.0 7.658301 19.705295 7.681228365997655 7.458878200532217 3.1368475928128015
2400.0 9.655647 26.375893 9.39890792419703 9.182580433921242 2.9885760482697212
2500.0 8.242228 23.739471 7.778779341469708 7.559117209602208 3.0095542747828468
2600.0 7.473190 21.377835 7.457568614819486 7.152595510074578 2.9913532905797493
2700.0 8.289935 26.846847 7.640523805113234 7.52743117600878 2.940462552594092
2800.0 8.468922 24.675020 8.108383915092801 7.925710310919478 3.1109938710457072
2900.0 7.848315 24.600240 7.512593773265775 7.127966991678772 2.990798941517793
3000.0 8.795780 25.067176 8.704881025330359 8.271657680260729 3.1836798673795674
3100.0 7.917729 22.191097 7.759689737613608 7.599194350455348 3.1615528410665603
3200.0 8.104750 26.992441 7.919356164121254 7.588495061609529 3.131845153502112
3300.0 8.674875 24.847122 8.862137753366024 8.446349119364953 2.9629899666257096
3400.0 7.372997 17.907326 7.16986569294694 6.979851990075336 2.9484097103724904
3500.0 6.682609 23.821071 6.37520016397233 6.097014692419184 3.4122764727774473
3600.0 7.105732 21.705638 6.983130301110062 6.6818569671155785 3.339581653067009
3700.0 6.115960 17.710399 6.105717208673179 5.932684742132808 3.1227889681089
3800.0 7.803250 23.238585 7.637433481645941 7.485443427069607 3.2607454054838008
3900.0 8.379185 26.064124 8.379845802261217 7.928124358615223 3.1311617743718716
4000.0 8.331501 24.906272 7.9392734106923095 7.643064455518027 3.137480624844616
4100.0 8.399324 24.322004 8.119411206415565 7.902473520948264 3.176416597739674
4200.0 7.649911 22.509946 7.410196852240282 7.295436859397269 3.076768252351641
4300.0 7.323793 18.895027 7.359244906828662 7.118574805068156 3.0572876794342694
4400.0 8.330216 21.399120 8.19299885267031 7.872432339504255 3.228733468303895
4500.0 8.096405 26.762280 7.892062455142602 7.618874232216874 3.231701831905735
4600.0 8.272934 23.357593 7.938077053649404 7.599094415538037 2.9300943040044944
4700.0 9.640835 28.506557 8.917675558220484 8.794664525074687 3.2532319226302113
4800.0 9.806299 24.828094 9.399010022428074 9.193274079204082 2.9230564180073917
4900.0 9.423799 26.565429 8.98900332625224 8.865245848585245 3.0311762303949923
5000.0 9.067786 25.731389 8.912591536899214 8.574167441528743 2.8212979106984433
5100.0 7.838614 23.223394 7.710872220708721 7.311555577409928 2.964768315419876
5200.0 8.139939 24.600048 7.694962843269341 7.486652906164722 2.9800823547900963
5300.0 9.073209 25.674661 8.800961676719435 8.457119800565648 3.233146886268969
5400.0 9.501237 29.698679 8.963101158763937 8.592291426520822 3.0532575331375416
5500.0 9.241576 26.827921 9.194369116829007 8.81006953750751 3.122520331046033
5600.0 8.051102 22.556163 8.06968183659761 7.789069577082314 3.021443934080974
5700.0 8.634893 28.030391 8.07385942831844 7.802563629017859 3.1217138292695945
5800.0 8.852528 22.630067 8.653978296266637 8.24058876970391 3.0064640432564
5900.0 7.871231 23.293576 7.922912926078065 7.432882050320544 2.914185681647825
6000.0 7.447397 23.366346 7.097421984062833 6.807136622972722 3.1911016228889357
6100.0 6.288495 16.743356 6.383159982030549 6.090526873768934 2.9706150576831716
6200.0 7.939816 23.322666 7.608415800903972 7.422062057600574 3.1287830986990306
6300.0 8.617314 23.630565 8.706984857057714 8.366238913637803 2.887357415821825
6400.0 8.755692 22.172788 8.472430688409816 8.36045129611497 3.205357441889164
6500.0 6.953268 20.786384 6.8334243052588555 6.5870920193261915 3.2184199325818805
6600.0 8.039323 24.748037 7.529220816426147 7.328596610928573 3.0694225485981685
6700.0 8.071721 22.380729 7.976099207356333 7.754039545313628 3.259916176695386
6800.0 8.552356 22.788879 8.584121892650415 8.297415211347388 3.3309075648959894
6900.0 9.017654 24.963472 8.752558494350758 8.542060417785235 3.2086076149813376
7000.0 8.722513 24.512263 8.552979683593616 8.19491870827499 2.784841235607213
7100.0 9.378140 26.394687 8.915221958673666 8.757165850401309 2.8792386201776003
7200.0 8.454713 21.367739 8.586424604839689 8.184073459431536 3.0306094880207177
7300.0 8.801368 26.732370 8.301595112051865 8.118881161810783 2.9404613746232386
7400.0 7.941288 23.663395 7.683028349582299 7.428874835305529 2.9808893500681752
7500.0 7.972137 25.858345 7.6110295232275185 7.343157187209267 3.1397328104750675
7600.0 7.746291 21.372524 7.219787828932562 7.0568712203316535 3.0437621658636544
7700.0 7.317445 15.017882 7.482831681522146 7.2096617442150635 2.9371707815582004
7800.0 6.905815 15.762674 6.759475166974007 6.443940349808141 3.29503333983267
7900.0 7.330691 16.647408 7.375957150846253 7.029966635489135 3.309566625288455
8000.0 7.295766 21.221496 7.099419368275018 6.769466954243316 2.789256847925151
8100.0 7.808312 21.199406 7.971961622201837 7.592585303022674 3.1022343274183033
8200.0 7.583967 23.326013 7.469443940567825 7.169029304518058 2.9152106581740447
8300.0 8.060607 24.648106 7.818522844705777 7.45879786572194 2.853402091563114
8400.0 8.473929 26.398825 8.090727571008918 7.850341624259888 3.3015742487838096
8500.0 7.741302 19.984795 7.661844869055907 7.292554773162479 3.2001198236926833
8600.0 8.487553 25.425887 8.081741616269815 7.830179590821473 3.187592133349428
8700.0 9.215580 26.579001 8.630959493707385 8.42498648707574 3.1038738523669265
8800.0 9.133904 28.924881 8.638707461735406 8.333232657773394 2.9525581595923276
8900.0 9.610584 33.132080 9.057067541460967 8.811105970395072 2.9730592327405674
9000.0 9.102953 23.480317 8.60759404905212 8.364651062052108 3.2140713004517973
9100.0 7.489331 20.392437 7.31316752843176 6.924099919723596 2.9217538828311382
9200.0 8.569936 26.583430 8.083459791515642 7.931643404391054 3.0076405493242824
9300.0 9.302737 27.800747 8.534697063659108 8.43373515054842 3.0063983328294843
9400.0 8.379676 23.968159 8.091811127953488 7.7685493233974015 3.019223544697733
9500.0 7.170805 20.751393 6.809403974600179 6.700268331858063 2.9000261331142854
9600.0 9.181437 28.043728 8.713535284271213 8.562135176933113 3.028905870657093
9700.0 9.975976 27.308558 9.853789844902414 9.401013494551249 2.9568617474257453
9800.0 9.138551 23.497748 8.910133718656887 8.633647230619042 3.180236057167783
9900.0 8.228953 17.918971 8.084974487804699 7.886355140359523 3.304903012552629
10000.0 7.736422 17.563382 8.01250400957531 7.6783361110980906 2.7444414563520882
10100.0 7.487118 17.321951 7.613878059839809 7.240616050837935 3.193598943087488
10200.0 6.631095 12.718487 6.6519268768438815 6.500327573429908 2.9740461572805517
10300.0 6.726988 13.182554 6.8265291999335 6.576228439603272 3.0768452154770203
10400.0 6.943488 15.449002 6.810356308874713 6.674334035035393 3.1751753132059766
10500.0 7.398526 18.527877 7.5690199998695125 7.131181459215214 3.038531905377951
10600.0 7.750617 23.851904 7.272339181151299 7.132039680536075 3.0457641862789093
10700.0 7.225872 26.499332 6.970903256902623 6.628406451198952 3.2033754354378208
10800.0 8.355381 24.821004 7.808553049971955 7.7180103498215695 3.158468089143443
10900.0 7.454561 21.258502 7.464818034077865 7.131847183281042 3.363343859790694
11000.0 8.729562 21.008860 8.51721113952636 8.238389168753521 3.2276479500308546
11100.0 7.021606 17.087463 6.893479172327913 6.53023474171011 2.868252656982299
11200.0 8.286215 27.693643 7.863454303851015 7.633538361461886 3.180037406341866
11300.0 8.484651 27.377559 8.054430020828297 7.7330930595426945 2.9762830764033072
11400.0 8.941521 27.211360 8.306605437591125 8.13766291171174 3.0354658535463734
11500.0 7.411675 22.084917 7.023955666930559 6.8658776080120525 3.183748865967475
11600.0 7.572230 27.719328 7.137268222924281 6.82076020744291 3.088492679712066
11700.0 8.364536 23.886212 7.813418609643248 7.63422186746185 3.2351032299114966
11800.0 8.816590 29.346843 8.46215112625919 8.045510975727469 3.1098295969412915
11900.0 8.770191 30.395882 8.032433306615143 7.78614773735164 3.0540076270601206
12000.0 8.203090 26.704876 7.652554418695797 7.431868323743878 3.148092860995734
12100.0 8.397871 22.496741 8.00280418130078 7.803787976636001 2.946352451674068
12200.0 7.814415 24.695956 7.357812084038052 7.2536236910174114 2.9403882193855635
12300.0 8.627298 23.789635 8.548172431004613 8.213974988377267 2.973827860105038
12400.0 7.625060 21.171881 7.366090076361697 7.203213745343339 3.037185300326527
12500.0 7.600539 20.195781 7.678233040183285 7.38855100273496 3.2229842338906183
12600.0 7.764065 12.872362 7.964336741316238 7.6671119755474155 3.27962074449847
12700.0 7.261374 16.144169 7.226988747157512 7.053212127305939 2.9964692694755506
12800.0 7.498653 16.638021 7.4776295233779795 7.257537819864752 3.094123846028556
12900.0 7.142455 20.557077 6.887343149360431 6.797600540604172 3.0471439471378936
13000.0 5.969900 15.640851 6.096636472932569 5.775205684667612 3.226571004212699
13100.0 5.949036 18.701582 5.8854694190815895 5.679243582675598 2.959042654408102
13200.0 6.969060 19.422444 6.838374090984671 6.690742785817426 2.8724925657597926
13300.0 9.592518 27.598642 8.769671004000605 8.805244808411379 3.19463375313369
13400.0 9.124789 25.959032 8.596602050033004 8.404115157932234 3.2286642126680536
13500.0 8.792744 25.520465 8.759273834879192 8.506270082074714 3.207083867141341
13600.0 9.644904 23.277467 9.411296666964247 9.156051866667042 3.1441622690497724
13700.0 8.122568 24.522343 8.080129348004398 7.799498479321149 3.1722962371952224
13800.0 8.050913 22.855117 7.968699109438571 7.667410564694855 3.2303763470897677
13900.0 7.885923 21.625352 7.663733592188792 7.42405860463441 3.0117096278370004
14000.0 7.639083 22.426634 7.561467574607801 7.208219587961471 3.2816881808877705
14100.0 7.789434 17.548460 7.30117678753598 7.23886615719036 3.3428300004542892
14200.0 8.528833 27.335783 7.954327218448328 7.832853803573279 3.1185868985592946
14300.0 9.972732 30.395477 9.434424628410376 9.222153832790722 2.970436000147237
14400.0 8.384218 27.698465 8.037519997915789 7.736343894324403 2.9215766050631857
14500.0 9.625956 27.349563 9.351654537721362 9.189096467931611 3.4238267725952714
14600.0 10.084469 30.151491 9.216629393332742 9.183585985440107 2.9771866638547335
14700.0 9.244736 25.972942 8.849461536060021 8.64638213036192 3.190566840672897
14800.0 10.392412 32.723128 9.761400579891575 9.429356520203784 2.9697726449850608
14900.0 9.251578 28.435362 8.9137201392773 8.661592071352107 3.1983413913427765
15000.0 9.205752 27.669492 8.689807615121504 8.568858286384518 3.2243860877054202
15100.0 8.926554 23.507880 8.36975300529655 8.232808972251183 3.2152746733762436
15200.0 8.748722 27.733764 8.129272048455878 7.917269244793835 2.980854893043767
15300.0 10.050666 33.921712 9.247740013638044 9.070332002391927 3.143072234446849
15400.0 9.817912 32.236313 9.08693210762598 8.755233605751087 3.0878296153131837
15500.0 9.330921 29.738077 8.935208826167251 8.736342161358216 3.231281176531868
15600.0 8.418878 23.687476 8.216049329092199 7.964534263638416 2.977126288848897
15700.0 8.427575 27.773779 7.75221863888577 7.562276156941217 2.9120178116859394
15800.0 9.602094 30.427107 9.250752004034755 8.996486869782437 2.889058857756113
15900.0 8.785892 24.952573 8.420008620690034 8.14542465761053 3.169264697263447
16000.0 9.456763 32.768363 8.923339564264005 8.56191964890966 2.9963877592066237
16100.0 8.642917 22.092506 8.311029747568275 8.054709571407562 3.211674783978834
16200.0 9.311188 26.971739 9.099530305537584 8.829106052410118 3.112819387137586
16300.0 7.522234 21.626071 7.498293886768469 7.2325333651416726 3.1624433769227958
16400.0 7.030129 21.813199 7.077054912804713 6.720194996991137 3.269415269832258
16500.0 7.710321 23.113299 7.716516383343967 7.384659032008332 3.0945707885443956
16600.0 8.679955 24.200371 8.793456190993965 8.363373824415733 2.989757555319877
16700.0 8.837390 23.986211 8.750544448260804 8.429094301120598 2.9619346928355137
16800.0 8.656996 23.252770 8.3099204746147 8.08796949573539 2.9267479795052362
16900.0 8.884891 23.574121 8.64670370409034 8.506603142336044 3.216930242606162
17000.0 8.953814 29.064288 8.230907477668383 8.088639378563807 3.105484602793655
17100.0 7.804499 21.837190 7.589850171936721 7.265575594472283 3.1480962628968747
17200.0 8.162034 22.970830 7.884936037402314 7.706617567833453 3.2062850599602792
17300.0 8.317870 28.346306 7.828216862028736 7.556536000956098 3.0749012932104174
17400.0 9.337285 28.134072 9.11976045196572 8.925459090679507 3.171168135431819
17500.0 7.817425 22.867512 7.633157136621787 7.274813151007718 3.126844911435149
17600.0 7.596762 24.451471 7.415548825334629 7.17767979515139 3.0975490090158537
17700.0 7.516683 18.967696 7.724594880428036 7.442914020201079 3.345368859248273
17800.0 8.337524 26.616908 8.231421998110175 7.972775128504072 3.0693310142580246
17900.0 7.196305 15.786065 7.429096126655931 7.145484432829102 3.292914729269967
18000.0 8.677153 23.614571 8.506823603742594 8.313625969177599 3.120465309693797
18100.0 7.686057 20.022673 7.3361483034437285 7.197386922831821 3.1779527912821526
18200.0 6.740821 17.228848 6.803067520421951 6.499137428092214 2.965365079506514
18300.0 8.563066 25.380270 8.319577240417122 8.005337687951021 3.3377657251319497
18400.0 8.860700 22.673114 8.643033019464701 8.311444257165089 2.974106055328137
18500.0 8.882012 24.097436 8.608040401665265 8.237678381488271 3.1805896198632917
18600.0 7.573709 19.152318 7.236812493881289 7.196267586088179 2.881509533151242
18700.0 8.538354 23.911398 8.291520703914848 8.005724657561691 3.243767617588154
18800.0 8.153838 21.484073 8.088110949940889 7.891870421256839 3.030095044480849
18900.0 8.411219 22.336418 8.184706790033854 7.965520219928087 3.33953414756379
19000.0 9.581869 29.195359 8.727706811407293 8.652578580890761 3.333501572879354
19100.0 9.183013 28.680817 8.54124381049788 8.359651473020842 3.11856827840681
19200.0 9.355121 27.461549 8.82976385985538 8.701113802314163 2.991839015245075
19300.0 7.678102 18.539140 7.689366091360616 7.4745761797777925 3.283605346022238
19400.0 8.780353 26.962355 8.558542118525633 8.252972027637593 2.762643444965591
19500.0 8.669781 26.869693 8.483105847295947 8.213278753572974 2.915643163953616
19600.0 8.491768 27.580870 8.125458287331506 7.88938253583918 3.1296619125926335
19700.0 8.287211 24.923765 8.131922993775884 7.858842583496371 2.914903394636678
19800.0 9.050384 21.983548 8.462004901972335 8.300266951606552 3.0547272619175785
19900.0 9.533637 29.623939 9.208844531772872 8.926696012015217 3.0472539097001063
20000.0 8.750293 27.819519 8.472888185051415 8.12950153362618 2.882193008301044
20100.0 7.788766 20.679690 7.520529007867751 7.4310648027445305 3.043199619475003
20200.0 9.414007 23.571277 8.936985024465137 8.818313575530295 3.1943880674366234
20300.0 8.928386 23.830196 8.478150853991277 8.472378944547382 3.289681085181503
20400.0 7.254556 22.460290 7.4592224106547 6.976181425578632 3.0792553830810947
20500.0 8.112489 21.631114 7.789864601328324 7.732647231756057 2.7463707493400853
20600.0 8.454199 20.559450 8.219180313781996 8.052245904048073 3.126928968149382
20700.0 7.826109 20.913775 7.804997398469023 7.4479296909730905 3.0633469324433453
20800.0 7.860733 24.018241 7.75521297543642 7.432961672858157 3.133801774435219
20900.0 7.691401 17.928396 7.354197884274135 7.271261994515395 3.059297467625173
21000.0 8.055611 21.670200 7.756074213260623 7.564152666085213 3.1075477707159695
21100.0 6.005407 19.538535 6.159149981593593 5.773993690915341 3.216756170459073
21200.0 7.512126 19.242347 7.258477199679675 7.00022227904464 3.2180848072668313
21300.0 6.618882 15.155298 6.682772639537329 6.423714726042149 3.2778519686288567
21400.0 7.475146 23.230759 7.5310502777809365 7.120877262119105 3.0963403919318426
21500.0 6.953038 18.945478 6.704278151853908 6.495638269905565 3.084753944596283
21600.0 6.451873 18.932217 6.348764531179569 6.070883619510979 3.226161689764015
21700.0 7.988300 22.657588 8.101256539270631 7.878937536825019 3.049574506214575
21800.0 8.538647 22.211366 8.484430932276101 8.18945061348996 3.260254905804202
21900.0 8.377719 21.791494 8.01700618398913 7.805795713049446 3.080690939607543
22000.0 8.124981 24.369541 7.721970001112286 7.545591251491443 3.2369505525465674
22100.0 6.922786 20.619619 6.997679752096334 6.539473050895567 3.0201852127111746
22200.0 8.199090 22.895750 7.862118430569731 7.6273700308592725 3.4936917956367437
22300.0 8.121327 25.509181 7.542313151060058 7.397658228774265 3.119418749674074
22400.0 7.913279 26.191905 7.953616400556645 7.569540849282516 3.015824120066409
22500.0 8.099232 22.616312 7.811135658768384 7.5186273701537365 3.255219020042254
22600.0 9.614335 30.541619 8.765628202655437 8.58517164446068 3.1497390328670813
22700.0 9.421315 25.215197 9.192422843426765 8.876858903337075 2.986712446677196
22800.0 8.154692 23.890969 8.18487394840069 7.835226873570091 3.264138750781606
22900.0 6.747649 14.579787 6.665269530713156 6.514396659509815 3.102387527709397
23000.0 6.788660 17.763015 6.5426004408459875 6.301540697580068 2.9438581968471547
23100.0 7.831305 23.781740 7.788630603761186 7.476480897039859 3.1569082190487148
23200.0 8.522568 26.600405 8.33983143361819 8.051017902853555 3.2134668640299884
23300.0 8.280632 26.659154 8.034692259578016 7.711973531781679 2.933453501198583
23400.0 7.669577 20.959667 7.704098016643994 7.392309408852953 3.2046328103174786
23500.0 8.266861 23.931145 8.17427567425269 7.847616774421253 3.03567350222758
23600.0 8.899006 25.437759 8.636613627481017 8.354516516311028 2.87419018166254
23700.0 7.779030 26.137484 7.162261092232883 6.981774240976629 3.1122930196143392
23800.0 8.809424 29.779759 8.096087667373096 7.882675572506578 3.1713882360932013
23900.0 8.875185 25.130211 8.440621555511163 8.239044072390396 3.0572970769628904
24000.0 9.425516 27.139522 8.632268234159278 8.591720914062632 3.0077500353664175
24100.0 9.343973 28.616840 8.898787421239087 8.65172872543324 2.8924107445071945
24200.0 9.628900 29.433155 9.055970005635952 8.834255194997006 3.027733065033801
24300.0 9.984188 31.365519 9.17388387088054 8.958025238664817 3.1402387566365673
24400.0 9.050478 27.898871 8.15028632944911 8.123341059865783 3.155274729152223
24500.0 7.941377 24.877028 7.563864768480178 7.401616826982096 3.1438773778736024
24600.0 7.410336 20.435820 7.227180462742988 7.049547257760378 2.9103663255547354
24700.0 7.618003 23.734107 7.181045360477706 7.041736835767054 2.974474007765777
24800.0 8.627497 23.959205 8.297461393516015 8.03660292678852 3.141681677918754
24900.0 9.255662 25.875323 8.837560470689324 8.676018700689044 2.898893391839149
25000.0 8.283032 28.285342 7.777720585934686 7.504241412732478 3.1719488722482008
25100.0 8.795935 24.204269 8.461677124634686 8.309027315255436 3.063663095355191
25200.0 7.875123 26.685698 7.662648745738134 7.386897038463304 3.275908890360999
25300.0 6.929266 22.801755 6.934554733965362 6.469888213100444 3.1494225125486075
25400.0 7.920737 24.664590 7.59684871870469 7.434725013210736 3.053886441558439
25500.0 6.940522 19.116683 6.617774399081034 6.434065122261662 3.2618851926872368
25600.0 8.088533 27.115857 7.760472228265556 7.467751556831961 2.955331311694448
25700.0 9.955724 31.093159 9.546210015802576 9.180223952640405 3.1641229633043197
25800.0 8.499021 27.526353 8.347017874707715 7.985260246117306 3.101406430532423
25900.0 7.547681 20.949674 7.3323481141186795 7.141590715831267 3.2131550297156752
26000.0 6.167114 15.259480 6.336451113200955 6.000954952365348 3.2709039767108945
26100.0 6.567249 13.889970 6.669186605518028 6.4467403393921 2.972939604529588
26200.0 8.135902 21.883905 7.770332070872255 7.617512321176251 3.147958059372781
26300.0 6.889602 17.079409 6.779455473769294 6.599020844878284 2.782149510241196
26400.0 8.006223 21.611537 8.222821814811192 7.955305524043527 3.127909252065812
26500.0 6.652062 16.408930 6.91531565647363 6.672494266634443 3.0440495843939446
26600.0 8.005153 20.946366 7.8356797807555365 7.7347242046528155 3.1272423002293066
26700.0 8.442022 24.583308 8.404049506801572 8.116142076875766 2.836523089531332
26800.0 8.452793 24.321727 8.08405309683612 7.937490545901353 3.112110440484935
26900.0 8.289653 23.927854 7.798588380036734 7.654086369355244 3.079644362741191
27000.0 7.133636 19.502833 6.967267585635071 6.719637293131231 3.353140319807592
27100.0 8.053950 22.880394 7.794859566972074 7.589083336125005 3.059053005311951
27200.0 9.709051 27.628737 9.624005860300667 9.262813090887741 3.1701414520871727
27300.0 8.009673 25.578901 7.889737868875763 7.516406224338661 3.0830000240277458
27400.0 8.346030 22.707719 7.953826546279679 7.87666260112119 3.1578639168110945
27500.0 8.690915 21.547005 8.398195490743767 8.167324668311894 2.6820692378348747
27600.0 8.471792 26.399579 7.8904981840422925 7.6707052224333045 3.3525921582274587
27700.0 9.076072 28.904556 8.58791108464754 8.436920402068889 3.212490836637813
27800.0 8.364495 20.384859 8.352924800375186 8.074979972653207 3.2172976599538967
27900.0 8.658273 24.775753 8.429278562695233 8.172839410805029 2.9137400868097023
28000.0 8.424980 19.454171 8.31309092717608 8.138777226495009 3.050332360962347
28100.0 6.963394 21.895857 6.873478099422955 6.599763313279667 3.1561043367450163
28200.0 8.943119 21.529501 8.254438936634418 8.220347985618996 2.9946825860061876
28300.0 8.294473 25.197516 7.935872321886575 7.781027080023517 3.0393067339974893
28400.0 8.407010 21.612944 8.401534758481562 8.15519284034579 3.0763758024063006
28500.0 7.919522 22.440893 7.735849031306696 7.49282213995908 3.195552321342125
28600.0 9.947563 28.771960 9.099849004377475 9.0366634124353 2.997067109411433
28700.0 8.209355 23.593491 7.8287973386686 7.481833741494088 2.8752718434751188
28800.0 7.780148 21.989697 7.6076215869496 7.417022369380745 2.9500299976363005
28900.0 8.150267 25.233151 7.866580691252004 7.609776057772701 3.191519078939954
29000.0 8.221630 22.518647 8.023149007880603 7.711311100691073 3.3425940429782934
29100.0 7.320308 21.782434 7.185385456215525 6.867069165117947 3.1036581371579786
29200.0 8.582690 27.226901 8.241957980527106 7.885154016316996 3.071639075025168
29300.0 8.858993 30.961491 7.996930670193894 7.788245382068591 3.067330368370423
29400.0 7.771585 22.529927 7.546821301839339 7.291662204076262 3.1485165717037273
29500.0 7.824381 17.957584 7.452910006150451 7.322775024184809 3.095918362645794
29600.0 7.663119 21.441626 7.624535014817791 7.339297992725705 3.1253562859633304
29700.0 7.155372 18.023683 7.088513147847342 6.8214632477806925 2.912403849967373
29800.0 8.331288 26.770219 8.154235710616234 7.8131001123948645 2.957911452969891
29900.0 7.886159 21.992645 7.7467374145929355 7.427125128302351 3.1516712023703577
30000.0 7.447445 21.392402 7.265261391694913 6.982948867294289 2.8040114683425403
30100.0 7.567966 23.114190 7.117180879362067 6.886835883702967 3.304668240613068
30200.0 8.086705 22.877839 7.65851722935683 7.506231993643359 3.115838501064933
30300.0 8.293509 19.791956 8.145919781739934 7.843683252032544 3.0589900124520346
30400.0 8.706312 24.941812 8.345524723416267 8.199797728750054 3.034311322422382
30500.0 8.175029 22.645910 7.625627020759748 7.476911522730674 3.1541020842637533
30600.0 8.945530 27.999638 8.310238565971737 8.034593681312806 3.147837327971795
30700.0 8.354890 28.534994 8.061944529969018 7.712941478725709 3.0411387445613243
30800.0 7.479664 23.651911 6.997143154540914 6.70397496217675 3.023775973580486
30900.0 8.771967 26.466207 8.397696889861969 8.086976561664823 3.216049897482788
31000.0 8.670446 27.160043 7.901061744124006 7.789012372110088 2.9721149330884544
31100.0 7.734151 20.768751 7.27269787946473 7.158320918615531 3.141054273469048
31200.0 8.491205 27.402194 7.97992270414621 7.822361396302143 3.044061331259905
31300.0 7.695193 22.112402 7.5244049287863755 7.329787314305998 3.1796165060617403
31400.0 8.484306 24.028530 8.341383100178295 8.005802068977063 2.894182619495855
31500.0 9.156597 26.697613 8.722679196575443 8.384117852011162 2.976277058574718
31600.0 9.096787 27.286456 8.75096937170963 8.460251074832684 3.177525525175704
31700.0 8.772697 25.625527 8.565518500972926 8.279276374217522 3.257642175045197
31800.0 9.047651 25.106507 8.60667392292664 8.340389970944884 2.9780110902809325
31900.0 8.704144 28.048768 8.660056740107757 8.218191422634407 3.2320029703318505
32000.0 8.349901 26.980525 7.879695730351908 7.691075080391858 3.1778352586051986
32100.0 8.770301 27.933880 8.256019050683525 7.941742393475202 3.4538876408598513
32200.0 7.882599 25.497894 7.4823619233873515 7.1830247382734225 3.1194965129991368
32300.0 8.707053 28.946329 8.413751311831255 8.13916120284404 3.278802980813245
32400.0 7.957135 23.511813 7.822692982989913 7.600219422221793 3.1481895122930297
32500.0 8.235509 28.787434 7.637462397155211 7.404175987416193 2.993983977930592
32600.0 8.273758 27.015714 7.859767017849078 7.695736820827603 3.0920654932828295
32700.0 8.826819 26.740018 8.605104551010886 8.316461135919294 2.9434978904519493
32800.0 8.707621 22.176530 8.424172451472943 8.19520267126658 3.2410304333011966
32900.0 8.475663 27.039472 8.169557574975492 7.872445551426667 2.915727685836094
33000.0 8.070560 23.357404 7.704039983480152 7.494366932394475 3.2573286761813365
33100.0 9.589800 24.082323 8.99744197912799 8.788520469245631 3.0874122319900352
33200.0 8.681773 24.608205 8.562844876001831 8.164264777943863 3.212409231370547
33300.0 10.205423 32.000445 9.49048598772509 9.193983752059436 3.301652264169099
33400.0 9.028833 28.747301 8.490419071271301 8.23498411514288 3.0030179404411443
33500.0 9.551741 23.580180 8.91518396984165 8.749157642642194 3.0375415107650876
33600.0 7.884434 20.382010 7.5974049098523375 7.428680939692475 3.133336590707979
33700.0 9.639286 24.868325 9.150167703087593 8.976160828123268 3.067315537383377
33800.0 10.423766 27.478832 9.743266517677993 9.575317638936113 3.3379714658381983
33900.0 9.536618 29.101697 9.178715760085455 8.737777916693133 2.985970174644114
34000.0 8.475685 26.250993 8.132747999545424 7.831377042576516 3.380819833903414
34100.0 9.011374 25.902812 8.30713514834468 8.188111737779142 3.3690203329453254
34200.0 8.452122 27.812493 8.070451204373578 7.741853063744231 3.2118733565727555
34300.0 9.760903 31.183190 8.71703862056754 8.715098979237476 2.919656700479234
34400.0 8.646005 24.732884 8.54540155211549 8.188137194986533 3.258438672777467
34500.0 8.034892 26.017232 7.612849387637423 7.270142599847209 3.18339743896536
34600.0 6.942259 20.663483 6.896393873264964 6.48596906513631 3.1146776843366295
34700.0 9.998728 29.853562 9.551911334871793 9.294651381384586 3.0617668016380404
34800.0 10.487421 34.755476 9.613606168984582 9.322837954426099 2.8416548324577042
34900.0 10.437834 32.523461 9.699677855750629 9.520353217672515 3.049835920552023
35000.0 9.244969 29.921284 8.714105657405213 8.531814792924155 3.1357372582026644
35100.0 7.920480 23.420461 7.4957951543246635 7.338429288304357 2.91806647881262
35200.0 8.202775 24.514732 7.8335138749946 7.576887024206493 2.918789182548588
35300.0 7.482956 20.082008 7.54067356852682 7.258737516994278 2.9904835923305675
35400.0 7.236186 21.191637 7.229822031408723 6.841808606314126 3.125894007015115
35500.0 7.511935 21.499415 7.598359054041064 7.2718313406069095 2.9646198831229866
35600.0 8.404312 26.734373 8.065454713924705 7.819427493517291 3.083554931773948
35700.0 9.065496 27.186143 8.624004522502785 8.403850427928374 2.9480417556905576
35800.0 9.169351 30.099030 8.487780101181167 8.2413524351063 3.1071525123073416
35900.0 9.974256 32.744214 9.193164870595046 8.998594180235354 3.035959645031506
36000.0 7.915729 21.876052 7.500825392701807 7.409159209803185 3.082455104510718
36100.0 8.227267 23.875634 8.120027072183298 7.897452615962147 3.1172622206646685
36200.0 8.730342 27.149195 8.480182520210482 8.195738408557439 3.0314328538814634
36300.0 7.462620 23.068332 7.435722125680047 7.158646674056123 3.2140890189313835
36400.0 6.777906 15.932228 6.720733203222836 6.62594610954444 3.143706500825443
36500.0 8.009663 20.563915 7.888290393805769 7.587720265124936 3.0597453800171373
36600.0 7.692579 22.010883 7.836205729202292 7.465325620611361 3.021071886202678
36700.0 7.711327 20.182376 7.500160421950735 7.299530966541689 3.0368081129692968
36800.0 7.477945 22.115373 7.308684918680055 7.061401103294805 3.0827579906851623
36900.0 8.431661 27.856032 8.062226584695598 7.78795027682015 2.9328533979800477
37000.0 8.277707 26.039834 7.494125238371189 7.408091276030704 3.0998213313598066
37100.0 8.948520 23.444485 8.61341036766082 8.50092451962359 2.877662680985091
37200.0 7.328427 20.142056 7.346507381061178 7.128577989666345 3.154460457604577
37300.0 9.244159 26.954962 8.770299371375803 8.548495210274224 2.7263480801074516
37400.0 9.164929 26.416453 8.556260241992044 8.511545439134311 3.158088532463654
37500.0 8.862895 25.359303 8.868261506807672 8.530153017613173 3.2166711753578046
37600.0 8.219085 26.925723 7.837707277933201 7.738861156008888 3.0926427348505827
37700.0 7.680932 19.011354 7.608920586415909 7.401467756605292 3.1648282231003293
37800.0 6.716589 17.392478 6.5265321794160975 6.320067918704694 3.0055277932889948
37900.0 8.609390 25.237263 8.459733415145704 8.217386430885934 2.830150069215616
38000.0 8.901755 25.562927 8.27795327371058 8.045801021752892 3.087640437442306
38100.0 8.752795 26.143362 8.415686139675707 8.148211516038414 2.714148209453355
38200.0 10.030748 27.290140 9.583775806427512 9.244166979231323 2.9593309497647744
38300.0 9.129085 24.779278 8.539527810351679 8.386613524806927 2.934289876964807
38400.0 9.722561 30.191335 9.159458990559589 8.877123620280093 3.317101601451382
38500.0 9.974466 27.577816 9.672695471293704 9.25998771805278 3.084757803221715
38600.0 8.199284 26.236877 8.037480115731038 7.7513827052455815 2.8200954434125682
38700.0 7.845972 23.243715 7.789608048682028 7.4297247425107535 2.818500143436398
38800.0 7.911035 19.275717 7.819153575238548 7.509558560367406 3.179598285431601
38900.0 7.888725 20.548797 7.592524741893991 7.462669253263753 2.8952287576224567
39000.0 7.389395 22.319884 7.113496211159111 6.894970455310461 3.0704310820169662
39100.0 6.714565 15.844313 6.732823563336917 6.44901615768031 3.1404974613797494
39200.0 7.743678 19.076074 7.869429042819766 7.4884210592581715 3.017536763643134
39300.0 6.627743 14.294041 6.55416021394589 6.345576372496911 3.177243445862069
39400.0 7.711181 21.818519 7.600624764279423 7.4086835444389 2.862224855572976
39500.0 7.599210 26.013397 7.170959555381581 6.985697281938194 2.8762036415662378
39600.0 8.749527 28.506404 8.287746446103336 7.876608967280339 3.018366267587343
39700.0 9.300325 29.142787 8.892225009253226 8.53881787570506 3.0150158993453444
39800.0 8.062175 26.665069 7.866448173748545 7.458738972554481 3.0350465107958264
39900.0 8.063519 25.496256 8.036892957621252 7.6892191315490965 3.303297286945308
40000.0 7.881853 22.514417 7.667012228589715 7.373499028768565 2.9904491445847197
40100.0 8.016095 19.281363 7.944241540458061 7.6947174486072125 3.1285187718571383
40200.0 7.752260 20.112346 7.262766676844546 7.161998674143455 2.8999843054886196
40300.0 7.075547 19.307135 7.050738351989686 6.617259937759387 3.0480127066770732
40400.0 6.108965 13.256816 6.460945992365003 6.058472041479544 3.1677232646936617
40500.0 6.172208 13.527726 6.291647478247775 6.1102398869515 2.9759897019848323
40600.0 7.233112 18.275494 7.483129853811554 7.055061638109478 3.117180877867494
40700.0 8.140393 22.105947 7.889570297062708 7.686450160022651 2.7754997288782794
40800.0 6.951870 15.697780 6.965283736545119 6.6797878827629 3.0039739407905195
40900.0 6.288738 15.661584 6.087166892063287 5.796389477940594 3.166078906536687
41000.0 6.484231 17.184514 6.1323516354992815 6.084144747536558 3.052589224129358
41100.0 5.894052 15.929671 6.0050170279842465 5.646555640239609 3.280260245773435
41200.0 6.223555 14.024629 6.382857755891857 6.133309693289221 3.198423883927169
41300.0 6.359257 18.461643 6.255503923541146 6.023830986258448 3.3179183173636546
41400.0 7.681437 23.335312 7.518574586371025 7.239042304090731 3.054308492417226
41500.0 7.705479 23.219023 7.438242522948844 7.253711450277274 3.1969001938441926
41600.0 7.993357 23.823081 7.840391120859712 7.6745686401308655 3.1182914924959846
41700.0 7.507741 17.805327 7.266706110494662 7.175444498544723 3.041715348511494
41800.0 7.814408 16.902378 7.936650738481608 7.694996254085261 3.0040873329831856
41900.0 8.246964 26.672063 7.753812793372224 7.579296437955948 2.975096609722129
42000.0 7.560134 18.192660 7.648221788353432 7.28242435418501 2.872255195842084
42100.0 7.445260 21.363596 7.4664761866268465 7.160974547880074 3.191236337117462
42200.0 7.915940 21.032046 7.721848297968702 7.52729952752512 2.9200870851120038
42300.0 7.589876 23.158992 7.52274803120942 7.0399338500507245 3.202960582945031
42400.0 7.817393 22.164430 7.796838883832808 7.4962072142331095 3.1224129034927812
42500.0 8.628172 30.971529 7.8910858929391745 7.628212798286002 3.2366675672439635
42600.0 8.432331 26.831081 7.678758566284013 7.514410377061138 3.014883356733084
42700.0 7.658874 18.367497 7.637037960744357 7.296556967355093 3.2933394003660985
42800.0 8.558265 23.876517 7.980097132740882 7.982934426613469 3.062478837998129
42900.0 7.619538 21.660444 7.526034996961557 7.12695599347267 3.1827423115805464
43000.0 7.671521 20.376667 7.251196426870116 7.0574103685991965 2.9437141363740134
43100.0 9.030935 22.669053 8.893741328629376 8.538726843767696 2.976109685411886
43200.0 8.433017 25.250191 7.758393374880478 7.588423090468738 3.0837898866268243
43300.0 9.212274 28.524298 8.530219427762365 8.446475431151011 3.239081404865156
43400.0 9.255415 25.757283 9.0492613050476 8.827648322455714 3.0578094457382536
43500.0 9.905410 26.329186 9.539032068120447 9.288617635710073 3.307138750094878
43600.0 8.865087 28.111918 8.271774400598355 8.112549242719624 3.228871977883574
43700.0 8.559683 26.074128 8.339834429916177 7.973845869415812 2.7705107709359527
43800.0 9.176754 28.127254 8.677890967032027 8.569354872886677 3.2623795005180356
43900.0 9.473061 27.079147 8.980199457024865 8.821663006128084 3.0046317636118722
44000.0 8.066576 22.152286 7.76986044654891 7.6192114325703075 3.139473858208409
44100.0 7.203293 23.653647 7.218968067925919 6.878390162631368 2.9690640281699197
44200.0 7.247154 18.492273 7.569953236276282 7.217914233670781 2.9835245022085486
44300.0 7.988882 19.304191 7.776621303952747 7.653391627980686 2.914453032716929
44400.0 8.562817 21.214214 8.73867591467442 8.412912007617148 3.2877495270031676
44500.0 7.698935 22.793292 7.66930559152792 7.3308774309013005 3.313707647054266
44600.0 7.450135 23.550148 7.304930243938944 6.936864518330367 3.2093490311313153
44700.0 7.552179 23.633035 7.305341910321393 6.910075354996031 3.3972405544565385
44800.0 7.998849 26.915571 7.485453780942659 7.248154904424608 2.962354719822861
44900.0 7.801088 22.502685 7.6857355805677114 7.435144389358582 3.003710365469303
45000.0 8.382342 23.688628 8.008747685508913 7.841184461699978 2.8895992291337973
45100.0 8.250845 27.320486 8.013115090562502 7.701729091415135 3.2464385597977334
45200.0 7.265128 19.518325 7.180222358302906 6.865755469459844 3.284902707344063
45300.0 5.450080 13.971273 5.594128567380303 5.281580262736484 3.2923450902636007
45400.0 7.671952 23.213578 7.0874731415493715 6.97438649529662 3.1096876971644436
45500.0 8.009230 21.730564 7.861590184863412 7.5063463618494595 3.3111400453819195
45600.0 7.559936 19.702989 7.51655148705403 7.196754983508764 2.974616816291303
45700.0 7.687692 25.243012 7.309387756207496 7.108363920032799 3.1401651919935687
45800.0 9.410696 28.669543 8.851039975757319 8.73035147527745 3.068126579415267
45900.0 8.373794 26.625620 8.178374005096277 7.893733167972143 3.004078207737175
46000.0 8.469109 20.026380 8.232604208370033 8.105356679805752 2.9136421752523995
46100.0 9.013345 22.832166 8.82880946998581 8.599157635397908 2.8159011955490447
46200.0 7.464211 22.123669 7.534129955072814 7.156394204181331 3.0203893351555506
46300.0 8.035988 25.203296 8.05974906674626 7.698068500309465 3.1551119036893867
46400.0 8.508399 29.511956 7.989469224904953 7.818970352964544 3.139597932756637
46500.0 7.818261 24.299919 7.936553033850625 7.503851833721954 3.084870048834581
46600.0 8.108758 28.591415 7.620523953577473 7.295194910927118 3.150395072072764
46700.0 6.495193 18.693126 6.3767319347118026 6.078374888595397 3.1576998879607623
46800.0 5.834393 14.471059 6.0064408330591315 5.644306005029707 3.2692423669843897
46900.0 7.604612 20.430067 7.836143610085023 7.412878740102294 3.165181937132775
47000.0 7.695574 25.483379 7.573458040220596 7.216948814052724 3.1694459450371624
47100.0 8.918507 26.747330 8.116388267848217 8.050967980540301 3.1564639980954645
47200.0 8.419481 21.980436 8.128651767970258 7.868109115553494 3.262185419618414
47300.0 8.204670 23.187534 7.836142917192815 7.636890373260457 3.3139411956675855
47400.0 8.696411 25.362614 8.353976056848948 8.018540804322814 3.1516734353549585
47500.0 8.151405 25.149505 7.841995876021144 7.6368943516185395 3.1139275574734535
47600.0 8.481937 26.055695 8.436281983833709 8.179105277094534 3.0311742378959687
47700.0 9.264342 25.150079 8.849652314349235 8.596305320885111 3.0118721816607747
47800.0 8.757628 24.962829 8.143776857114052 8.078023314998752 3.195072396077315
47900.0 9.482781 29.389830 9.020284694411068 8.758900493426685 3.063390886614516
48000.0 7.948383 23.563558 7.352322158059603 7.200785190546212 3.1152917665335864
48100.0 7.079507 21.128600 7.021881522039413 6.684429808524231 3.2947269256632796
48200.0 7.301876 23.373382 7.015819027618487 6.764656165630893 2.8892465580020112
48300.0 8.534192 25.104172 8.092190796151849 7.9674860403681835 3.194294400277559
48400.0 7.829933 22.143228 7.652743352241818 7.420407717571999 3.1090363443941276
48500.0 8.334771 23.976223 7.9766347121327055 7.8150215236204446 2.936286587092354
48600.0 8.094535 22.166944 7.985763301485816 7.648802341905429 3.063835291303701
48700.0 7.076694 17.128292 6.987786658007145 6.829478311421056 2.764276748803566
48800.0 6.799274 15.766285 6.643084942218697 6.474209510151733 3.019933926441393
48900.0 7.277792 19.650887 7.294553985003837 6.9629102560834975 3.2621298581300704
49000.0 6.489813 14.811003 6.500293159150631 6.241858251674437 3.0639560475975958
49100.0 7.646328 21.607829 7.674724923271005 7.340412421697029 3.17612233689801
49200.0 6.817887 16.333192 7.015371402559705 6.713601926432459 2.926486272922819
49300.0 8.119063 19.189175 7.761127176181011 7.65602259792595 3.2060743222047767
49400.0 8.461233 23.545263 8.301955611300832 8.061516452203824 3.096412625683421
49500.0 7.848302 23.051192 7.4671626757534355 7.306868216628359 3.046373507106749
49600.0 8.469265 26.960280 7.798110204086342 7.6505608555104185 3.2973392808325617
49700.0 7.962842 23.023251 7.901804481475044 7.491155293756512 2.959746802748695
49800.0 8.303597 21.850312 8.149273864453907 7.798982810469255 3.1209382671739254
49900.0 8.278142 23.956563 7.863328823518235 7.687901720104849 3.202128706295844
50000.0 8.213972 27.359494 7.707672546641918 7.451174461244158 3.17113472642593
50100.0 7.480524 20.770530 7.33223362476756 6.980406381328827 3.020827691831033
50200.0 6.662363 16.741767 6.432219554529439 6.201122210665558 3.2291884792783363
50300.0 6.169267 16.993830 6.237585416352482 5.886053527187733 3.154272300087995
50400.0 7.492005 22.783909 7.63664936314759 7.327533751021005 3.1733494535868956
50500.0 7.974833 18.882127 7.787106060033961 7.6328026957503585 3.0109210853672503
50600.0 9.561400 27.679683 9.107989571413505 8.997956089160821 2.9826180034714587
50700.0 8.758291 23.760809 8.853571776146062 8.49692271137147 3.05185725788125
50800.0 7.201103 15.849634 7.2552655475383485 7.103190772021795 2.97976010188011
50900.0 8.241101 18.734419 8.11514895989274 7.938621220475079 3.0747481530912273
51000.0 6.720878 17.778159 6.605959587331539 6.332083727794624 3.2344364194901463
51100.0 6.350476 20.108777 6.376402743348093 6.049754781015544 3.3456270867983733
51200.0 6.888698 20.399398 6.792805254965438 6.519183267533561 3.2172423781277266
51300.0 7.416826 20.869360 7.369168370865428 7.075030254580979 3.1032521847824097
51400.0 7.738537 24.611542 7.684521801278258 7.286543578425059 3.148470500750317
51500.0 7.132256 15.863220 7.082227942659532 6.9906530328965 3.0132920409765136
51600.0 7.149571 16.809773 7.265969513762173 6.971852856066121 3.191363964285834
51700.0 6.428076 13.039423 6.451425628797392 6.237285811603618 2.9344316366065457
51800.0 6.308118 16.418241 6.550193266737549 6.283975788538926 2.972439048667638
51900.0 5.682773 14.999905 6.074697009361907 5.72440890554113 2.9623190695549546
52000.0 6.095969 18.181184 6.398262880325006 6.064004972474536 3.343013772568952
52100.0 6.200519 14.823128 6.38585572723378 6.146691724657249 3.0486450382063985
52200.0 7.122618 21.491363 6.957041193515635 6.767369657421052 3.1538944249754115
52300.0 9.483896 28.813340 8.812614752948933 8.648020081297776 3.144495064857847
52400.0 7.590693 25.752175 7.243144438204728 6.921970735737823 3.2136770793247504
52500.0 6.562406 18.946608 6.439163073245696 6.254182347236308 3.2305018613925744
52600.0 8.236503 24.192414 7.878429292783073 7.712936861052432 3.0071850597804577
52700.0 8.833695 22.144822 8.310143861452783 8.17305480357501 3.2144123696510523
52800.0 7.152875 23.063375 6.9747335955541825 6.701994344667085 3.0496790981353548
52900.0 7.492187 23.042724 6.910446612728214 6.755755644890343 3.1355218333762185
53000.0 7.279222 23.382624 7.459528839409335 7.1400682957513 2.966723971634701
53100.0 7.639146 26.423941 7.081446245893562 6.882438023350796 3.165277541048373
53200.0 8.718239 28.023210 8.06323916150593 7.8975682796589135 3.0316464093634763
53300.0 8.870666 21.998608 8.441909788063287 8.224802965948777 3.1985573544806463
53400.0 8.724230 21.392466 8.56373921572865 8.375966633175464 3.3579218762828402
53500.0 9.618415 30.658675 8.707756062803638 8.61455241352255 3.0086704842663345
53600.0 9.162544 26.310724 8.710359461358719 8.506492076357418 3.242936600514781
53700.0 8.494989 22.891155 8.137840692281472 7.882488009174847 2.906325041056323
53800.0 8.459118 23.382732 7.913407672258617 7.826547961259334 3.1773871875642397
53900.0 9.313521 24.033928 8.65120568541714 8.532954388280562 2.911557474161317
54000.0 7.995383 20.930158 7.907279356454475 7.66093037250695 3.1545656141510654
54100.0 6.336344 18.519594 6.27590020579244 5.900946742789912 2.8215961236473883
54200.0 7.193643 19.672586 7.179259260957988 6.804432473030648 3.045298662476811
54300.0 7.642483 18.752815 7.829587227412302 7.454313979993752 3.2698687192388243
54400.0 9.212477 25.563778 8.884835443988274 8.68900146615353 3.2764367437392794
54500.0 7.355876 21.336807 7.230408070935596 6.9704699716114265 3.2586397115307277
54600.0 6.655239 16.589135 6.320718890455699 6.109623990003865 3.061575809010312
54700.0 6.681279 13.849100 6.346713580696399 6.198331454545374 3.215307528521909
54800.0 8.706851 20.955780 8.330363734855814 8.062905720618776 3.037586428327764
54900.0 9.792615 30.246776 9.185743219747627 8.895709092315121 2.96414867156489
55000.0 8.483114 22.765375 7.713062692005059 7.743297004274628 2.9607146207275274
55100.0 8.182605 22.769270 7.9370542463445535 7.734669604540091 2.885989218467033
55200.0 6.103376 23.260588 5.861116392420762 5.403069092207662 2.844299321814342
55300.0 6.661996 21.555446 6.8185430729958005 6.520956421970909 2.778977936683342
55400.0 7.883626 24.794534 7.60783946534777 7.366823352431366 3.1863803610200785
55500.0 8.578018 25.177649 8.224026933643978 7.97952194039316 2.8329042863933496
55600.0 8.257838 22.232344 7.827109531136269 7.6042617718076 2.874808335825416
55700.0 6.185907 17.854969 6.084482490354777 5.823693677206388 3.374701221467661
55800.0 6.891259 22.213868 7.130204802465756 6.681137489330264 2.94105372482356
55900.0 8.382858 25.476339 8.221475190137884 7.929572761569429 3.039954465970699
56000.0 8.083756 21.547612 7.773430917860065 7.432369663239204 2.889456637363044
56100.0 7.756251 24.904136 7.204048642677845 6.90527740397985 3.322229800803682
56200.0 7.370903 20.760782 7.129760573373907 6.947142156248755 3.180880033300183
56300.0 8.586982 27.281264 7.850797569039747 7.7326228829499986 3.0335745341791314
56400.0 7.684691 23.853006 7.337417353873378 7.039542092613039 3.0663116730056945
56500.0 7.033940 20.038732 6.798735830054746 6.551672836197757 3.01739405910533
56600.0 7.434129 21.755869 7.411800836699707 7.0403032849087435 2.903884597616353
56700.0 7.681131 23.852688 7.335680976026937 7.117841454207924 3.191021206768508
56800.0 7.260732 18.060795 7.2439665347951605 6.982719968299443 2.875335654483025
56900.0 7.684465 20.401242 7.7991321040127355 7.477222041681611 3.3163859750154834
57000.0 7.162385 21.090176 6.922400752069839 6.776179174600212 3.2848888480807807
57100.0 8.183008 22.773420 8.149664055861264 7.732007949330911 3.063459740226146
57200.0 9.999795 29.590945 9.338940972694799 9.200069586508567 3.120023772718651
57300.0 10.743381 30.559826 10.048870622919694 9.759179982735914 3.049783000967465
57400.0 9.131891 28.869150 8.797260474934141 8.457140389592157 3.109175210175738
57500.0 8.839649 27.764066 8.138896814632565 7.992127899397575 3.2787871531662707
57600.0 7.106264 19.377902 6.878597734664183 6.648895439148456 3.2367800602690115
57700.0 8.143001 26.979484 7.604750244364515 7.36288344646096 3.0495755475895687
57800.0 9.165940 21.973745 8.24187396499972 8.275133972955095 3.1727697155595362
57900.0 8.827191 28.046481 8.28016006133397 8.095547185336706 2.9769947902754166
58000.0 8.714334 22.106805 8.538891545307646 8.306257400439332 3.0558343124701315
58100.0 9.110618 28.750864 8.511036895154458 8.219756820260136 2.600228764592402
58200.0 9.280655 25.484268 8.694422321046595 8.567490917940939 3.0283292790668477
58300.0 8.666776 24.548983 8.485039248238715 8.322206989877484 3.326783702973024
58400.0 7.606087 22.212715 7.465990841878725 7.164178930371553 3.015390376270067
58500.0 7.955277 22.740631 7.631099123409458 7.574266204363487 3.106115425127975
58600.0 8.003175 24.226435 8.21616871739698 7.737755654232957 2.9079622690587636
58700.0 8.153918 22.113920 7.945452835782838 7.66265748605104 3.361723025146675
58800.0 8.208496 23.347344 7.835902710273324 7.618594316099608 2.8809380975212764
58900.0 9.959809 27.074375 9.623019225476707 9.340356771736818 3.022617230713151
59000.0 9.462835 27.879657 9.01292226952891 8.700187856913727 3.170665990282402
59100.0 9.236381 26.555202 8.759322159966692 8.546580976129153 3.359013034038472
59200.0 7.788036 20.577476 7.404091362546022 7.278298573431721 3.203592022470606
59300.0 8.676507 23.832692 8.32678236036402 8.171099346128734 3.0564777348820216
59400.0 9.280232 27.508933 8.649713330841646 8.47835139004189 3.2157230213078725
59500.0 10.355127 30.665808 9.638730296582203 9.473163537657681 3.0176453187642904
59600.0 9.566713 25.484017 9.23106050455418 8.920695415559766 2.9376614133110657
59700.0 10.755892 32.455678 9.991013355727459 9.776525033969877 3.17577477180137
59800.0 10.086157 26.511003 9.51328453440757 9.417768228458325 3.151466137041511
59900.0 8.600303 25.756651 8.237170660504754 8.06753688563387 3.1034046319074204
60000.0 8.286031 23.087790 8.003802190492378 7.778691245339975 3.0190847131181955
60100.0 8.803706 26.566045 8.685585747686096 8.36990807634096 3.194807001966977
60200.0 8.274884 23.824571 7.893101686527168 7.697642401317046 3.211328165539192
60300.0 6.844213 23.298950 6.772742197643566 6.428400134672627 3.131493812098878
60400.0 8.077536 24.836981 7.81377843152404 7.623320935204821 3.0783039581815745
60500.0 9.926364 25.652849 9.531713724181706 9.240736338378763 3.0439546594740823
60600.0 7.885309 25.924347 7.3524098785357195 7.196394735339288 2.830770422717892
60700.0 7.772795 20.559476 7.911022731450638 7.470038707790287 3.1512125286146078
60800.0 7.694164 15.849126 7.670158404840109 7.422653999668309 3.060907386358615
60900.0 6.960857 19.102782 7.100304674891307 6.7040668509017864 3.1012507641349685
61000.0 8.317425 26.734002 7.83547582161355 7.518378850699817 3.042845325133892
61100.0 9.563388 29.189878 8.78152078538118 8.71436243368446 3.0149017158604874
61200.0 9.146318 29.978442 8.852674482609416 8.43740821423846 3.259658423907401
61300.0 10.094644 33.009280 9.411379532429141 9.118180829536204 2.9730905399459875
61400.0 8.631396 21.529147 8.401440341797397 8.154026481089552 3.000503580952215
61500.0 7.700754 22.331424 7.32085999559871 7.128047027186829 3.148876065213989
61600.0 8.354412 24.376941 8.01282664787759 7.741388590691313 3.2564146332857082
61700.0 8.847340 25.738541 8.18599466152511 8.237567698370139 2.848876831922231
61800.0 8.899767 26.722078 8.477235012112756 8.237400869325986 3.17361141948948
61900.0 7.861630 22.438399 7.439986865713196 7.222029183290508 3.01394175460338
62000.0 8.709401 29.048164 8.317585113503945 8.044556057160793 3.3465150886293453
62100.0 6.854193 17.991093 7.124060746839072 6.781133661610476 3.1195384383248546
62200.0 6.735140 23.489025 6.7827308850656465 6.345500680569141 3.2480173201048603
62300.0 7.071817 22.656150 6.843732299036543 6.558159492732765 3.123196529515696
62400.0 8.200835 24.694696 7.913753138187081 7.673133694151907 3.295864366973321
62500.0 7.712662 22.150872 7.282956222374603 7.189162846968591 3.0109583367049755
62600.0 7.913270 19.211537 7.242784677481009 7.310305867903285 3.048129148308575
62700.0 6.773183 17.604903 6.872852375545448 6.503372419476109 3.0428335002765055
62800.0 7.745713 21.935551 7.613264394057253 7.452931448311937 3.1590815365532907
62900.0 7.409458 23.857790 7.189602239875769 6.916404687464919 3.088867982189414
63000.0 8.122917 23.179328 7.636214399375937 7.5134337786086665 3.0351499440161978
63100.0 10.000500 30.047143 9.441852775675045 9.282692534049136 3.0702631897250208
63200.0 8.743385 27.800731 8.447875760491078 8.191142602919543 3.259431680874392
63300.0 9.227615 28.740709 8.909095041436826 8.543109673078979 3.1175418635268213
63400.0 8.254576 24.483085 7.734924852737043 7.5566241381793 3.0985882703731016
63500.0 7.590507 21.752998 7.243995965772048 7.126426647708264 3.1449511624369855
63600.0 7.386569 17.788850 7.037541934770185 6.909409930551677 3.4843422375299586
63700.0 9.170441 24.507590 8.689967116634186 8.516223828203305 3.0319822227057838
63800.0 9.478876 28.654837 9.055018613677035 8.754536260993499 3.101897783995506
63900.0 10.090064 31.837365 9.331662623168974 9.1396981219794 3.149508618023008
64000.0 8.566749 22.550492 8.030817960106843 7.752876855053798 3.0762806687996602
64100.0 10.361292 31.137234 9.63990852403369 9.437028837030292 3.1636972682824767
64200.0 9.373413 29.813754 9.050428403822755 8.635916076489153 3.1617182060295783
64300.0 9.921264 32.288848 9.595002819303117 9.279824940278093 3.183540661345526
64400.0 9.719964 28.914720 8.960050797809599 8.834706166380162 3.186797018720449
64500.0 9.644320 28.476232 9.213829280572094 8.944005036906637 3.2050236362910085
64600.0 8.456624 22.181777 8.67830232937921 8.236421411087528 3.1642038348544532
64700.0 8.375111 24.321461 8.116821440339342 7.827435192658766 3.141924936354551
64800.0 9.469963 28.313718 8.792737571722041 8.634773423490723 3.406824875097848
64900.0 8.527692 25.487558 7.990843750385835 7.751884150853378 2.848810809597472
65000.0 8.814607 24.836871 8.323553053162762 8.049033541474541 3.1194221860443103
65100.0 8.123773 22.052786 7.820435792454596 7.542049120652855 3.2179381660428548
65200.0 10.695496 35.328306 9.885650907258768 9.721498654538546 3.1291221846151296
65300.0 9.499058 29.537816 8.832362508364952 8.663593914871651 3.117920337630522
65400.0 8.863611 25.508834 8.44771148055748 8.266436664795135 3.00910762200266
65500.0 8.194563 25.343100 8.339312198430324 7.990552199286448 3.03033589107604
65600.0 7.129507 20.218653 6.816740898478016 6.629345188556679 3.12364270403853
65700.0 7.224851 23.310832 7.045196270875183 6.820660752887456 3.1901114298672253
65800.0 8.585104 24.899874 7.931421639149248 7.826995629722411 3.1090917332663897
65900.0 8.738622 23.218797 8.52311820205305 8.251776417605155 2.8856948122627752
66000.0 8.247716 21.460144 7.7957069271882276 7.7812987830453295 3.1612038561146982
66100.0 8.462574 20.576705 8.44051496249955 8.266565295234868 3.0298024028156156
66200.0 9.564234 29.334269 9.256392319500572 8.96871357792072 2.985807471095211
66300.0 9.999767 30.507611 9.384590372392468 9.129271635336274 3.1084829433658125
66400.0 8.803917 25.644651 8.433564168120972 8.262131214773936 2.8518839926238457
66500.0 8.654806 21.616178 8.799820066084477 8.467966574250344 3.084364009958613
66600.0 6.961488 20.578456 6.869646514798649 6.656517474806777 2.9454716477273504
66700.0 6.813040 14.032065 6.9664588066664646 6.775578515114748 2.9578875723230733
66800.0 8.506693 21.773376 8.399351169278976 8.185203810732473 3.11958562488122
66900.0 9.320569 28.391884 8.868341727742557 8.619878839638707 3.26297579085887
67000.0 8.288963 24.512618 8.027686928272953 7.647495485601043 3.0454485524878816
67100.0 8.935983 23.401200 8.710967919931397 8.431033569176119 3.31338487019716
67200.0 8.187531 20.906145 8.218649533927215 7.938173104396665 3.2964287498411715
67300.0 7.812277 23.517681 7.660912985852763 7.207541531095815 3.2758787318011096
67400.0 7.528687 16.159477 7.164002353552596 7.009084165365895 3.0968635898353623
67500.0 8.478872 24.890779 8.730677667122652 8.311490343977983 3.035658910810123
67600.0 7.104441 14.041347 7.3788473492287405 7.102694535552439 3.170604469433442
67700.0 6.915309 17.751236 6.816751372538419 6.5392913148469045 3.1028526858745
67800.0 9.144813 28.762859 8.803755571961238 8.497694779952461 2.9191931329999465
67900.0 9.855308 30.460078 9.44987257543704 9.184888928994878 3.294498061579012
68000.0 8.673706 26.245827 8.343696587232415 8.223036149004376 3.1979839096871854
68100.0 9.104602 21.985465 8.985867451210027 8.563938605669893 3.0381442447160483
68200.0 9.128045 28.731299 8.198201886683947 8.111427143767822 2.9179465251713093
68300.0 7.388237 24.540797 7.278740962933874 6.893355621304403 3.1809720397085184
68400.0 8.434928 24.900920 8.17376036354612 7.973388866164707 3.3234172875601096
68500.0 9.898071 28.473859 9.368099641160995 9.26131570372095 3.19743825980031
68600.0 8.750794 20.926401 8.387418833776286 8.214441537860193 3.161305548916473
68700.0 9.965846 33.680369 8.917253876008724 8.897659769096888 2.885076443863729
68800.0 6.866059 20.068967 6.51104709471649 6.322330042341237 2.970718736531481
68900.0 9.022522 22.538806 8.605428190345203 8.334114216729551 3.1623514896832874
69000.0 8.337046 24.842269 8.17431877431864 7.752735688488095 3.024391789932016
69100.0 9.002531 27.631996 8.355830378593929 8.129440093296617 3.1937623162098103
69200.0 8.895644 29.326533 8.367389115094179 8.04490671723472 3.3049913405290057
69300.0 9.474322 25.644499 8.868381766970542 8.721795243121036 3.1374213636598625
69400.0 9.856214 30.275902 9.554912055814881 9.107738089076049 2.7682314093766545
69500.0 8.323766 26.755604 7.703304451277336 7.494227064972809 3.4188597191634753
69600.0 8.921552 28.957635 8.23523906540681 8.103234596899279 3.0616705177119465
69700.0 10.698471 33.048656 9.959104567444074 9.76494287656233 3.052612990038223
69800.0 8.437544 24.855648 7.9281306678493015 7.632180341311035 3.1093039755602963
69900.0 8.141774 23.757696 7.690834632090269 7.510710387389476 3.1024808967994857
70000.0 8.045772 25.217714 7.791753779889474 7.549422171270883 3.183868087639864
70100.0 7.891566 26.407311 7.578961361617567 7.321078041831505 3.1347367694329713
70200.0 9.446859 31.751856 8.809690710099655 8.56081988599146 2.8953782796253895
70300.0 8.726528 26.876321 8.382107433791372 8.040354072970601 3.0213276990300026
70400.0 8.762151 26.085599 8.529298679684235 8.196417295723808 3.255980297820215
70500.0 8.637318 25.150989 8.328576189190061 8.068393127724711 3.322844464926445
70600.0 8.509380 22.580269 8.035955555827595 8.008969592513184 3.1254396899332613
70700.0 10.042939 32.786318 9.466505920063934 9.266518997389673 2.933904381808532
70800.0 10.081103 31.081199 9.170490509335133 9.023883966243025 3.2389669887788797
70900.0 8.919558 26.985751 8.684265634916303 8.46029439506006 3.11244115718869
71000.0 8.563425 26.787566 8.277208044679588 8.004969780841853 3.012348625750334
71100.0 9.381872 26.417390 8.747372421457962 8.555182406439597 3.2590497047393345
71200.0 10.381222 32.521477 9.644736994829644 9.377186783579607 3.0837491614620998
71300.0 9.913875 28.759393 9.04164191903022 9.003553185175534 3.0502089751890233
71400.0 10.509811 30.726872 9.88915393521791 9.684634223613145 3.27846649050116
71500.0 8.747047 26.189929 8.155084338429514 8.085136168991706 3.0475530895173364
71600.0 9.502663 25.113543 8.983234577974937 8.812278604814082 3.2714958801762
71700.0 7.682528 27.063422 7.356637858492387 7.063128894181487 3.4389194113039045
71800.0 7.455986 19.167269 7.529408912241427 7.205659840508768 3.2439397361669573
71900.0 7.810286 23.233757 7.61087802886516 7.3111414353216695 3.0021524376610937
72000.0 7.451740 19.626249 7.186791807560735 7.035460276901669 3.271193197054329
72100.0 6.945474 23.081407 6.863220811737877 6.514058712666271 2.976876153283124
72200.0 7.536999 21.077479 7.066612808635192 6.869532647164487 3.2142428471896367
72300.0 8.099068 22.810075 7.430620280944882 7.40876021186076 2.919104376892248
72400.0 8.294738 22.887654 8.244448518425644 7.822016451055122 3.042559196221279
72500.0 8.633169 27.436446 8.053996008467134 7.931731458100316 3.2666841661410446
72600.0 8.959298 21.609790 8.39958522718781 8.369993322460932 2.945192677356393
72700.0 7.705514 23.183789 7.647376105148993 7.3978997405316855 3.0728333346061123
72800.0 8.543266 20.942732 8.053641979648459 7.986435144419993 2.996722241679777
72900.0 7.598351 19.723801 7.798786230709354 7.472739983489852 2.999904371908289
73000.0 5.778982 11.989358 5.863606265844911 5.721966952912416 3.100260380734753
73100.0 6.840982 18.927490 6.62528841044081 6.524231132961023 3.0982311751848814
73200.0 8.008066 20.592981 7.619096478528089 7.491455907052779 3.1710344787065465
73300.0 7.170972 23.333532 7.2496307919384755 6.933957484884731 3.0290432924577524
73400.0 5.329548 15.695337 5.484153143510907 5.2173332629875375 2.9928432293358
73500.0 7.289438 17.278575 7.134981378189811 6.933806719585666 2.9883703193378195
73600.0 7.791618 17.571482 7.725932687102584 7.494402303234047 3.053982105811536
73700.0 7.053686 17.916986 6.851623382329174 6.651128322371193 3.2255682420693006
73800.0 7.169993 13.522044 6.843797424131997 6.807195685153001 3.1003285814136414
73900.0 7.121026 21.319142 6.898728508842143 6.54083713480684 3.1558249240387632
74000.0 8.317299 24.061327 7.974674319090049 7.815169990013407 2.883371183962103
74100.0 7.082172 17.702040 6.558183165293463 6.455817445592803 3.1427492043625196
74200.0 6.492444 15.861644 6.444290261196768 6.084913491361421 3.1338182625249993
74300.0 8.116349 22.010916 7.626524470046849 7.526994695686263 3.0680285898940647
74400.0 8.731374 26.716766 8.631326253647464 8.194702147418438 3.031205927864394
74500.0 7.838821 21.238040 7.7800335689283875 7.591355646107248 3.161420625584159
74600.0 7.657142 22.147862 7.54740363284243 7.186013982407486 3.004232585514223
74700.0 7.485008 22.129236 7.20377149118361 7.062146240237044 2.8754106059942
74800.0 7.529864 20.846243 7.405836717226049 7.26330355072251 3.3237658078040133
74900.0 8.164396 20.356987 7.742213822397694 7.5974650234726875 2.8932069713576074
75000.0 7.898356 22.532494 7.703870242693054 7.356697825007419 3.1962337108975007
75100.0 8.367946 26.395773 7.676806156661405 7.425960358672622 3.1185285858655907
75200.0 8.504395 25.572222 8.039129995643785 7.774320401659384 3.018537014337266
75300.0 8.728812 27.819254 8.211419980773547 8.000307635811563 3.1178351948619176
75400.0 8.816684 23.886444 8.403145726115259 8.223102939722226 2.7906533644825458
75500.0 7.559966 23.005364 7.470990495494405 7.161895401906814 2.9816635179740256
75600.0 7.473205 22.265373 7.125052271722359 6.975583550702479 3.1154983801292357
75700.0 8.734711 21.386271 8.50047698537208 8.327585057728776 2.825874267012068
75800.0 9.067071 24.464303 8.749838762629707 8.595301983897102 2.98771516632179
75900.0 9.523241 29.778781 9.006981986261367 8.863765970600834 3.32443899779012
76000.0 9.120869 18.975199 8.710273807328914 8.642751921381405 3.1337021709050332
76100.0 7.751713 24.100124 7.609194662852531 7.453863296124507 3.1559152055155297
76200.0 8.402996 20.617102 8.512961955846219 8.194940891644718 2.978217655565902
76300.0 8.578713 25.607577 8.169426974095481 7.903241994050936 3.1311295883578287
76400.0 8.152907 22.634275 7.76145137996918 7.63632375337453 3.0608119998177963
76500.0 7.248664 16.664095 7.155959860007472 6.953863744105515 2.7486797087355344
76600.0 6.630087 17.329698 6.99618070168983 6.592494854665498 3.0538448668957447
76700.0 6.098957 18.651679 6.052706799903502 5.8927281280783035 2.6971315970554444
76800.0 7.395598 17.746791 7.360067720069814 7.247282548358844 2.8800487196255444
76900.0 9.247209 18.109501 9.049015471359697 9.002653930653425 2.860500055326228
77000.0 7.939701 21.544509 7.9053055701316906 7.590535369534874 3.0807615848246286
77100.0 8.806346 26.945253 8.114519808411167 7.994517438234255 2.951635975137536
77200.0 7.379938 22.745384 7.399173843925375 7.083854206729248 3.0354878526487163
77300.0 7.931998 26.022517 7.5084800133211385 7.127513630291412 3.0306209950993814
77400.0 7.691907 22.371038 7.251939601463761 7.152313440007377 2.861237718487501
77500.0 6.417706 18.367617 6.495507193987616 6.168055717730762 2.921712190410879
77600.0 7.604776 18.858104 7.524016799244549 7.24148450094749 3.0423096398049174
77700.0 7.032181 17.885328 6.946655012112263 6.540329032687354 2.8416570916233668
77800.0 7.636105 20.632044 7.197652356409552 7.19525271570322 2.9339785375795677
77900.0 7.970420 23.828438 7.668902627075482 7.442536173531326 2.9457415704916854
78000.0 6.945796 21.339907 6.775233433599819 6.576398337229686 3.153397173224784
78100.0 8.690227 24.469804 8.040619004532163 7.926603340073894 3.0697715828401915
78200.0 9.647641 27.017008 8.977981377592894 8.882722855683795 3.0448402099340965
78300.0 8.373108 24.562884 8.12239443550715 7.862815283437403 2.955628535022894
78400.0 7.840284 23.840140 7.762764656696861 7.488262443802607 2.949960137250121
78500.0 8.970494 26.572310 8.37947429424333 8.306224478751725 3.3780268280844914
78600.0 9.744182 31.042493 9.067358724040727 8.818340344359257 3.003604566764211
78700.0 9.754609 30.786058 9.071648735659041 8.832444434715669 3.027157021383361
78800.0 9.321229 30.119989 8.63105429817301 8.591316938554654 3.0025985340367414
78900.0 8.471101 26.356038 7.861158922147981 7.719463695206226 3.181276053885328
79000.0 6.924787 22.536383 6.573225841622897 6.438110263927924 3.0334261031815406
79100.0 7.255952 21.446513 7.29418893770627 6.928296141379491 3.172676146186941
79200.0 7.356161 17.503116 7.140453832089343 6.875495240950237 2.9273752411351035
79300.0 8.716902 21.638838 8.474227552668887 8.142503028425633 3.1223535336842407
79400.0 8.532507 23.455546 8.451852386280251 8.155295078662533 3.204235855301071
79500.0 8.805311 26.007317 8.439781946800716 8.189990679974251 2.845420910361702
79600.0 8.649530 26.316595 8.462280474810415 8.15959880677087 3.0700294554899785
79700.0 8.471692 29.146889 8.36737050915903 7.882901716413895 3.240415317825807
79800.0 8.253243 22.053004 8.061073675669155 7.828562578476257 3.085248523784147
79900.0 9.206521 26.872516 8.785698780473846 8.541901732036752 3.151601653708764
80000.0 7.124319 20.419383 6.783700177228299 6.563701718253607 3.0305709353794605
80100.0 8.961367 29.508463 8.100396027122516 8.078266278951007 3.0676000178725245
80200.0 9.284494 28.438086 8.588256032802224 8.283906395693519 3.0904794261944826
80300.0 8.337335 24.874532 7.978835037018104 7.763461183610568 2.9420948392956503
80400.0 7.656344 25.344136 7.20158838682918 6.94379488199234 3.0150443610476656
80500.0 8.446758 25.655944 8.28736133054756 7.989651852818332 2.996617274134925
80600.0 7.850854 20.950929 7.568691541153633 7.283816764005111 3.129943831304513
80700.0 7.753760 21.812349 7.6446508139250655 7.3148854217994925 2.9791812388969756
80800.0 7.814077 17.174392 7.901239024926708 7.5901260196795235 3.240992863907145
80900.0 8.448690 24.556238 8.00630267828018 8.003910508171241 3.0679290193997786
81000.0 7.400222 18.624515 7.100319991509017 6.905151304303689 3.2122404476147453
81100.0 8.314377 22.993818 8.138554742671252 7.94820188003684 3.0539455259720407
81200.0 7.106965 18.727089 7.1434346106048 6.806159955055305 3.1933064096639217
81300.0 7.470096 22.644674 7.215874601913861 7.026575180368494 3.163263509217371
81400.0 7.291190 23.267028 6.955762097780021 6.756951518549296 2.920267651240669
81500.0 8.652154 24.378638 8.58288364195752 8.240728753089197 3.0251139769837443
81600.0 8.419901 25.048376 7.84282562632814 7.760065430655322 3.091017438087024
81700.0 6.845003 20.942601 7.161116292399775 6.712997063585106 3.1083074734504867
81800.0 7.398403 20.153425 7.178444741187926 7.117990290291638 3.032224055086742
81900.0 7.886579 23.428175 7.851121305728548 7.55276290617634 3.1597768249139015
82000.0 6.879544 21.545830 7.107908739256926 6.651638296035368 2.8824904379195453
82100.0 7.330456 19.934110 7.2021303089126985 6.913863814183368 3.1501734467447684
82200.0 6.791069 15.566755 7.049420546247509 6.71124321448791 3.2657303558607356
82300.0 7.666666 21.338857 7.443468420911523 7.231946469291525 3.0991119322597585
82400.0 7.111441 19.857334 7.069678934240133 6.731767849295761 3.3671735833027334
82500.0 9.026261 28.948007 8.619991364568186 8.271223148457409 2.8569066393536358
82600.0 8.763453 28.676927 8.57294246664807 8.21474589718481 2.812822352249228
82700.0 9.710744 31.194768 9.213892732534976 9.02204002495558 3.055960589753438
82800.0 8.876285 25.559010 8.538931690297307 8.245243995922761 3.154153579756893
82900.0 7.674383 23.740379 7.546200454552185 7.232016445089152 3.088328716690666
83000.0 8.158441 26.329431 7.648250467440755 7.344120300065728 3.095661359131442
83100.0 9.149981 23.965957 8.890150160116184 8.761723912614737 3.13173040620787
83200.0 9.558711 25.146257 9.135004317131424 9.027262880003795 2.90048686307738
83300.0 8.423262 25.332592 7.992480469066629 7.7548831275726 3.0680074390351395
83400.0 7.607579 21.872310 7.444262738898 7.247495882682542 3.1926367283462502
83500.0 9.361555 26.037683 8.9754966792309 8.762228370101665 3.1041374535564352
83600.0 8.857309 24.622622 8.373416614564924 8.112791011748005 3.0609780352565483
83700.0 8.633631 23.908648 8.476828876181484 8.17830073715967 3.0202046552190747
83800.0 8.395181 22.415268 8.076267329434327 7.863173378398969 3.1413215662340637
83900.0 7.868317 14.776200 8.008674904196816 7.6732646922632775 3.2664149462758783
84000.0 7.778113 17.075147 7.5620920718726 7.336045439278808 3.0833966946537137
84100.0 7.604228 20.479399 7.332397998434043 7.14609115307223 3.098758054688288
84200.0 8.659040 27.480757 8.352988296524396 8.113116543577293 3.069162708506161
84300.0 9.690974 28.886971 9.356689274780845 8.941258234874685 3.0757264962302027
84400.0 9.335649 28.693078 8.841335207753508 8.477239509446754 3.2634544826481
84500.0 8.348692 25.899760 7.967237791115674 7.718412183609474 3.2527986023210045
84600.0 7.726504 21.205163 7.5782410139691745 7.435208669263997 3.2335308330609447
84700.0 8.140426 24.414389 7.809826439619169 7.548237434474648 3.1650459450557817
84800.0 6.923326 19.386162 6.832273084021504 6.487416072755556 3.0590748303372925
84900.0 8.435885 27.278731 7.875775551901666 7.699518159587551 3.034428301574584
85000.0 9.226182 28.583394 9.048887630378491 8.67321091101091 2.9407069244451125
85100.0 8.190890 24.954029 7.7693552522974185 7.497417435715519 3.131705134512822
85200.0 7.471932 22.949563 6.905328227144518 6.686952712427409 2.945828645713507
85300.0 6.703826 19.480925 6.396218811412304 6.157324057823823 3.277795110595707
85400.0 5.920700 16.355032 5.862800450937488 5.615075915458595 3.187476845669837
85500.0 6.805743 19.976771 6.57843316154182 6.389425032286323 2.889520039718092
85600.0 8.341186 26.324342 7.917005782103832 7.645472142549045 2.9667670102509036
85700.0 9.280182 26.253782 8.6016815552385 8.335177531099282 3.1897926846329576
85800.0 8.546269 23.120977 8.129202537368965 7.822445903917289 2.9046007197895447
85900.0 8.942079 27.646929 8.142956770576289 8.024299334819442 3.0586427735843875
86000.0 8.150229 23.226970 7.815090386937547 7.605668951931199 3.039645390902979
86100.0 8.818696 22.351379 8.471670724742845 8.262677242176993 3.288349407138514
86200.0 7.868801 20.377113 7.530821588185507 7.349157586950196 2.9269583175991816
86300.0 7.336912 21.174012 7.370966594537342 6.997212071391853 3.0991449981784838
86400.0 7.731123 21.927891 7.331585983851535 7.321314535839432 3.19214981508672
86500.0 9.033072 24.136146 8.495140551840136 8.368462917486951 3.3242655540144237
86600.0 8.981151 28.714322 8.60868355200462 8.30948552768524 2.894952989537611
86700.0 8.805742 23.938046 8.662706614837777 8.392525651930773 3.051238733871082
86800.0 9.575111 34.038632 8.965985423695205 8.613059111071477 3.10911746258677
86900.0 9.718863 29.320697 9.19212979366508 8.89510621527991 2.9669399783439614
87000.0 9.430639 32.738531 8.857276382075694 8.530977137789515 3.2709076248938374
87100.0 8.925108 24.973296 8.988532314029664 8.612417093816019 3.066890817799014
87200.0 7.390754 17.691448 7.103206708194598 7.084426082747448 3.027578711697999
87300.0 7.987528 23.704558 7.860258740194057 7.647074904888472 2.9578603935074326
87400.0 8.017342 22.177283 7.955581255576594 7.7438086997077455 3.0196038737005
87500.0 7.730606 19.683745 7.430847182534634 7.262434027093685 3.1310834412182826
87600.0 8.189834 22.813280 7.695397935192115 7.573006780873324 3.0568599217197594
87700.0 9.319055 27.755589 8.828077013876868 8.671205388101216 3.283902927359056
87800.0 8.891488 24.574461 8.485994742421473 8.337362502787565 2.9465597911738546
87900.0 7.951321 22.324376 7.915822910182873 7.598742278431976 3.092956330740764
88000.0 8.757620 26.655006 8.481240755275099 8.210853580651742 3.030387158656539
88100.0 9.490643 27.757242 8.915686477537417 8.756303673336276 2.888627140900629
88200.0 8.648209 26.721885 8.312469943034172 8.00986175294622 3.276055991456407
88300.0 8.711164 28.979993 8.320914915429842 7.943524160839078 3.0878359595716423
88400.0 7.873507 23.924202 7.442708835476848 7.24871684235991 2.954366508163753
88500.0 6.736614 19.652063 6.318103645348513 6.285231149444795 3.1515890011720784
88600.0 7.055700 23.091130 6.790709762812739 6.55620589773913 3.2867176052714315
88700.0 8.823760 25.168357 8.334746615372957 8.09912210327254 3.215079577307261
88800.0 9.168861 29.088829 8.74088109128508 8.400954020506713 3.155510137418163
88900.0 9.361663 27.919745 8.703824119543194 8.443558397176414 3.0278716877036604
89000.0 7.779446 24.414337 7.216125955298623 7.028276643705373 3.349631298653573
89100.0 8.822861 24.540270 8.752070497546837 8.435375180002692 3.052131324717758
89200.0 7.499372 18.890969 7.506497379149291 7.21262023569439 3.3407133556524893
89300.0 8.872743 23.022398 8.072474975431712 8.141615037634034 2.949907492515757
89400.0 7.732800 22.432142 7.402917692202565 7.166601154305918 3.200531673670339
89500.0 6.895635 17.577259 6.849215667111341 6.554388396504309 3.0077384004467254
89600.0 8.959417 24.374392 8.35274189932941 8.287108963334369 3.080651809966263
89700.0 8.711659 23.940073 8.468575452431304 8.118470305283363 2.8950504674408335
89800.0 8.266478 28.024147 8.023825379696275 7.577341887966454 3.185683293212689
89900.0 7.330147 20.749462 7.064277549298531 6.858087909001866 3.384052685736339
90000.0 7.734811 19.795846 7.689205967179128 7.408243799978303 2.940240961550711
90100.0 7.489636 19.215050 7.481893694423646 7.2371744163065745 3.176677479241969
90200.0 7.860156 24.597345 7.604765523573174 7.410418797220502 2.8736628977644285
90300.0 7.066516 22.940551 7.014419921574852 6.7570730128309675 3.1268931583838135
90400.0 8.400023 25.155213 8.4038184363434 8.046245500522643 3.3035562606739513
90500.0 8.369190 21.496068 7.779923560679389 7.6567912422844495 3.3215266949892075
90600.0 8.923151 26.241294 8.610204224569852 8.346302982237434 3.1030090535382095
90700.0 10.214960 33.349718 9.647775903907911 9.270371420039407 2.879670255452493
90800.0 9.130792 26.040673 8.85576336191191 8.557677943390349 3.28305325661692
90900.0 8.904405 23.088989 8.68286469656741 8.341796941232358 2.884324293289576
91000.0 9.189150 26.626627 8.700984740287907 8.452959234490303 3.2983817175925436
91100.0 8.559869 26.551740 8.0400232016526 7.849963913237696 3.018409470825362
91200.0 9.266612 25.397322 8.99182185632353 8.73685548901499 3.147938707063838
91300.0 10.717039 32.364096 9.847713469010206 9.662470205151296 2.9513643777952283
91400.0 9.829538 29.803727 9.06261118454227 8.952654431943811 3.029046720115059
91500.0 9.422607 28.307999 9.066718999361628 8.720803433761814 3.160363918609974
91600.0 9.322991 27.010362 8.851107992286392 8.539290588125526 3.425639997298731
91700.0 10.317915 30.495449 9.87215778973316 9.550400696607191 3.2330613308488427
91800.0 9.236690 25.079512 8.672772159620628 8.546411996713758 2.9547667007174896
91900.0 7.356689 21.642105 7.195229209587797 6.950028876975251 2.9697398432820585
92000.0 7.472260 24.109423 7.457605452582255 7.168535959818067 2.944306334291401
92100.0 7.875809 21.928544 7.4724729630556945 7.269016810856449 3.236661560753471
92200.0 7.673596 17.834790 7.741012122842353 7.406889712442737 2.918540361528909
92300.0 8.655622 25.106609 8.109363826464367 8.002358918667008 3.082866354836649
92400.0 8.619800 26.247055 8.432054104843012 8.187366439079108 3.291215908100724
92500.0 7.701544 19.370415 7.47109301465863 7.285423574543193 3.018938205971238
92600.0 7.723257 17.932224 7.743968863480296 7.604035478435155 2.953533666753866
92700.0 8.384203 19.724090 8.263227287024355 8.076719138356108 3.0521234616126947
92800.0 7.434747 17.128151 7.409482781166533 7.1828712457818185 3.0384008911727785
92900.0 6.569430 19.371838 6.346351784390177 6.073794164489222 2.9486038319871595
93000.0 7.771607 22.516871 7.921561618894054 7.471432683442272 2.753203920091815
93100.0 8.287150 23.185506 8.379196103488047 7.974042763541219 2.9925771753154233
93200.0 8.041272 21.678461 7.9196254687999295 7.62060880212565 3.142361061004047
93300.0 8.477593 24.931010 8.28340398434627 8.003798298319072 3.206265684386888
93400.0 7.914955 20.084664 7.83240399353649 7.593509559908371 3.070144855456107
93500.0 7.162623 16.965199 7.006069642631984 6.93562713079856 2.9946917863919444
93600.0 7.059273 20.053915 7.1315904997707955 6.858975458506714 3.025639261727819
93700.0 8.372687 22.316866 8.495677819733904 8.150366350422853 3.0426136583308514
93800.0 8.353932 21.515180 7.714614311343192 7.603013623030468 2.8370797776185417
93900.0 8.676806 24.075916 8.755709584830841 8.326505080696412 3.087988336888068
94000.0 7.808693 21.250101 7.620717026102687 7.271347041789941 2.9987424031400867
94100.0 8.504492 22.183054 7.973208656888291 7.868147096865669 3.1647357255143462
94200.0 9.587811 30.414149 9.550905192898597 9.099148327303718 2.9700068330628504
94300.0 9.167784 29.165538 8.651870636587946 8.366814722813432 3.096357586180763
94400.0 9.101849 26.708321 8.815598188175285 8.509455762356426 2.9707052827303007
94500.0 9.321435 28.052559 8.980509167230746 8.649679672309553 2.957879105454049
94600.0 8.889256 27.745740 8.359541592068421 8.104274233586876 3.1071602983661046
94700.0 10.161151 31.307255 9.639501872612179 9.309225693119412 3.1063675669715893
94800.0 8.165098 24.665418 7.735328870427551 7.6029443127515 2.822908381694928
94900.0 8.002347 23.804862 7.9463808828168085 7.639377001327959 3.1691664871798784
95000.0 7.826761 23.710068 7.452078468335678 7.155723021410347 3.26867465412396
95100.0 7.693539 23.227247 7.269283022631913 7.047681226623031 3.3074092070504997
95200.0 8.715150 27.466145 8.320157764013652 8.062691891309138 2.9612735945539947
95300.0 9.212275 26.142987 8.633252738902932 8.441293476639796 3.139872092633177
95400.0 8.613219 26.701680 7.974208117428424 7.8203502330135715 3.11509202671753
95500.0 8.973388 27.427324 8.346572664985208 8.159488684592777 3.0921740558624893
95600.0 8.912192 27.603401 8.63378971454086 8.295177273488472 3.1855155053598008
95700.0 10.054884 32.491320 8.963968320702591 8.892818169661059 2.944537183721003
95800.0 8.265290 27.793934 8.024428667028507 7.713389560734014 3.321249403795975
95900.0 7.655137 23.785398 7.3793567395808815 7.09947851012547 3.1197329295051266
96000.0 8.645732 27.425534 7.969130725685682 7.779486950977393 3.273274670561867
96100.0 9.717196 29.604280 9.112355688125964 8.807566619051244 3.0436402879797297
96200.0 9.245843 26.877434 8.667500311747423 8.455871301957155 3.04928213094439
96300.0 7.623143 21.082301 7.287802543515518 6.981050684655798 2.964784689578754
96400.0 6.362254 15.378138 6.519627609609977 6.231226891863545 2.9426928290939167
96500.0 7.996774 19.879732 8.071859289333409 7.826847547917634 3.2260427238834346
96600.0 7.442151 23.324454 7.0992997549507 6.98207496922689 3.1723503412781024
96700.0 8.680751 27.135898 8.24530057729038 7.9372515439851075 3.0236912873431865
96800.0 8.087497 26.019136 7.847057507355704 7.5222054758955075 2.969585060491189
96900.0 6.893827 20.677575 7.075309238956774 6.729999369729317 3.0741794339813135
97000.0 8.648150 22.726271 8.359376302166377 8.152365097301134 3.1789120357134557
97100.0 8.107429 23.717369 7.784697137145923 7.543740882395738 3.1141166357587062
97200.0 8.587102 26.244118 8.484060399849687 8.120537893763949 3.088213665652999
97300.0 8.211510 28.154926 7.8367773535520815 7.5189110581726695 3.1568520949180634
97400.0 8.095826 25.423162 7.547127963497962 7.291021844095122 2.869226202442411
97500.0 6.632796 20.946125 6.448639595549125 6.336589204121389 3.1839473381531853
97600.0 7.664631 21.808234 7.342651586672372 7.150717884919938 2.806168471210876
97700.0 8.495069 25.091938 8.030236541498141 7.931391677144163 2.997899809376295
97800.0 7.726005 23.457738 7.269760373576234 7.039536477768385 3.038226504709545
97900.0 8.732023 26.034643 8.2375077478395 7.985086185909558 3.313586667355779
98000.0 8.565799 23.685232 8.361151563599412 8.131658400548494 2.9926614320027984
98100.0 8.705536 26.196602 8.256014993652343 8.055323280358271 2.944989598840997
98200.0 8.581567 26.671494 8.43170054043419 8.069173471587572 2.9632981320547334
98300.0 9.160211 25.847851 8.866833505610852 8.673109935056846 3.4045099465146755
98400.0 8.249629 27.004484 7.884525478031103 7.554658357130926 3.0421687696530446
98500.0 7.936687 26.628689 7.807144438981258 7.344758219002261 2.9910823873572503
98600.0 9.717562 24.769575 9.342572270978506 9.274624945242108 3.2243977624991764
98700.0 6.801759 15.323626 6.707633011277053 6.41722986098911 2.979850176249674
98800.0 8.936833 21.882803 8.732866143937436 8.468905946351647 3.076822171655304
98900.0 8.600674 23.687563 8.153026999764087 8.059082478093341 3.2719835713804004
99000.0 9.329577 22.334289 8.836571137621302 8.63339954298821 3.0075145005720754
99100.0 9.189916 26.616119 9.007207079723576 8.771206782912305 2.685778954119555
99200.0 9.373042 26.193527 9.273493937711452 8.906241954346152 3.290974539474845
99300.0 7.187374 17.382919 7.428260859722198 7.05853331012338 3.3327275650155657
99400.0 7.304231 14.923293 7.459633248376902 7.117180849754859 2.9908373908989856
99500.0 7.210447 17.631034 7.202626206657612 6.991217314578363 3.045422639415086
99600.0 6.640341 18.286839 6.828106054067006 6.5697704519374795 2.7983632423800655
99700.0 7.138451 19.016374 7.062075326972442 6.870296393797504 2.993539152808861
99800.0 7.307717 20.770938 7.357315192859694 7.048520587569828 2.8993059555659237
99900.0 7.167781 13.202099 7.2227397612931945 7.0040938048820465 2.8343319312110298
100000.0 7.536704 20.588230 7.503029280342583 7.141862722613781 3.1368318281676886
