# t rg re s3 s4 s6
100.0 7.971125 20.003199 8.237549010370843 7.8061724132151555 3.6686655919410596
200.0 8.070369 24.573166 7.7007645985744455 7.547773182475695 3.76899598776686
300.0 8.037934 18.081638 8.134289205749434 7.860242741066805 3.759166991017265
400.0 7.210990 19.661844 7.446024263346941 6.948639141266371 3.9728349056272823
500.0 7.265097 23.162880 7.263713489643808 6.907813105823468 3.7579147280846605
600.0 8.660603 27.572159 8.118634147966603 7.870352691310934 3.5184114224944545
700.0 8.346530 25.104095 8.186132362301777 7.748564061226622 3.591778344875006
800.0 8.860887 25.704108 8.749258853480328 8.311229914942363 3.5629542106866725
900.0 10.444904 32.937330 10.038506121749139 9.621030739046667 3.590307721210832
1000.0 9.463649 30.884463 9.307494976774892 8.804832983464237 3.491512098787051
1100.0 7.800847 20.824745 7.689804277065427 7.291900119946067 3.6545329811523475
1200.0 8.278186 24.879670 8.507090774884015 7.965785521770013 3.668037816381461
1300.0 8.934188 27.909585 8.977112101267059 8.437897876168714 3.5518942812496337
1400.0 9.234342 26.740910 8.715235706546798 8.479551012666043 3.5574884913367333
1500.0 9.160918 29.671595 8.888878186768304 8.4227516153389 3.7157968081950923
1600.0 8.188284 24.516394 8.171462057268457 7.700377088458823 3.764267634728438
1700.0 7.529642 23.131622 7.673467297741076 7.227529720468726 3.4025830526564578
1800.0 9.170043 22.106650 8.808825341982171 8.56820798427039 3.238295647924086
1900.0 8.681696 24.842888 8.172408538312162 8.086798095455839 3.4841869810264066
2000.0 9.118385 26.586494 8.490981670409722 8.286645155448763 3.4911574938791525
2100.0 8.892680 28.127472 8.818188477877824 8.32467775574263 3.689419058782247
2200.0 8.409663 28.799335 8.256233506765373 7.7659388797574325 3.566910150226396
2300.0 7.259156 21.830865 7.37277631421982 7.014447294726333 3.7661931537203195
2400.0 7.990060 27.173396 7.664341639669727 7.265874754836948 3.303416347888419
2500.0 8.641670 24.284939 8.524735121841603 8.2404720946942 3.5859001670726083
2600.0 8.612823 25.447023 8.497077864341406 8.072120979096285 3.5094106572698482
2700.0 8.173825 26.022388 8.035351463989944 7.738300918041669 3.465949247532026
2800.0 8.504443 24.524379 8.41878999008122 7.9882653014909755 3.2830947568978415
2900.0 8.943188 24.367127 8.612713092552921 8.191945141550036 3.726572694672043
3000.0 8.740292 26.745147 8.671105233968166 8.288625127959353 3.506802983542497
3100.0 9.583800 23.675747 9.480444330319106 9.223034492452383 3.4084264658162575
3200.0 8.027995 25.254541 8.07539774205321 7.672049044413021 3.7058996961098853
3300.0 8.565374 24.677773 8.166680300776518 7.920720086340876 3.697989667914284
3400.0 7.549398 22.448896 7.270350451813028 6.892165093869743 3.625004771339723
3500.0 7.976186 22.728294 7.9762566215516975 7.582518837541048 3.638693885676184
3600.0 7.861696 22.810815 8.097866322837202 7.673175377771427 3.593682022562299
3700.0 6.712044 21.492505 6.82211681654267 6.299708278218718 3.7185134785849074
3800.0 8.308558 24.472005 8.192733623759688 7.8527418640791575 3.7147775936395613
3900.0 8.165973 18.761775 8.48855950676001 8.013427371957992 3.4801328398624376
4000.0 8.282967 24.308330 8.377448141927228 7.895396313298146 3.6180258701324566
4100.0 8.560230 24.726029 8.592066930858374 8.241474776473432 3.3393547398706414
4200.0 8.399938 24.202830 8.204844162896821 7.7644777348981 3.8002417478679105
4300.0 7.891531 23.324578 7.279986688487343 7.069469130118159 3.6785573372821467
4400.0 7.357816 21.349372 7.753686150961942 7.0516037435706505 3.670840071266839
4500.0 7.808118 21.659227 7.685393049786435 7.418350200232223 3.1637551931888868
4600.0 6.802403 18.677868 6.98692832808283 6.556467065042531 3.6152388704758196
4700.0 6.854517 12.580145 7.450734083485129 6.942318251524416 3.8648984613924524
4800.0 7.507207 18.501474 7.437187282652028 7.170728486906089 3.6665067771233626
4900.0 8.815819 26.502573 8.692986542129345 8.456368820405762 3.642887229378782
5000.0 8.025237 22.437697 8.029594553594201 7.729655347596894 3.5747843527739707
5100.0 8.513810 26.753438 8.053763003696234 7.754388981623343 3.848114744053434
5200.0 8.999360 28.483864 8.630305667182133 8.37661777790739 3.923082830066314
5300.0 9.247969 29.244578 8.551163639914707 8.417113761137685 3.37467126955781
5400.0 9.069322 27.561334 8.94394653446411 8.620764049680918 3.622848364222406
5500.0 9.036476 26.665041 9.04832547467481 8.679905730414577 3.410939164753471
5600.0 8.471827 21.136086 8.172747385669327 8.045688242282061 3.7570815652184684
5700.0 7.468091 18.679785 7.846648581966257 7.420715068162344 3.3644406726479144
5800.0 7.928046 19.217840 8.212617210273146 7.795990519925507 3.5300531908883053
5900.0 9.091660 28.842731 8.526717983900085 8.30206924073192 3.65048156860501
6000.0 9.190508 25.975906 8.82878450009527 8.561947871053665 3.569851525409724
6100.0 9.172905 23.844835 8.70202389349648 8.484050250970279 3.6222286062507387
6200.0 7.996195 20.691911 7.890469732503501 7.493041170332835 3.0961960194305123
6300.0 8.645021 24.417626 8.25975002326939 8.041691951943447 3.4299533035116743
6400.0 8.546635 28.830255 8.286168050634497 7.859740098850707 3.4728643658594733
6500.0 8.138961 21.852285 8.305711109286804 7.79118670059747 3.643732370928526
6600.0 7.983121 24.652247 7.992277318118643 7.612819105793112 3.4833229926738003
6700.0 7.214747 19.797316 7.102898496351006 6.792751435063548 3.537549354267042
6800.0 7.069480 19.943606 7.02411010044737 6.727360671579282 3.528435552485481
6900.0 7.446410 21.030379 7.438742244780115 7.158184962661347 3.709529772850767
7000.0 5.993205 14.484426 6.230385421711859 5.956796121142753 3.910720673939865
7100.0 7.734711 23.228903 7.378147814521302 7.137127702543307 3.641944192115256
7200.0 6.980361 20.295597 6.862390676020376 6.632837769176409 3.252807853403186
7300.0 7.921351 18.739040 7.67223776329427 7.5643011066538675 3.46251060780062
7400.0 7.748095 22.751788 7.721654940097479 7.301599298489358 3.442979605434842
7500.0 7.819682 24.532119 7.296403636499199 6.968640370962593 3.7009348502188804
7600.0 8.740897 26.253925 8.600199855418552 8.206676283517856 3.421984154040002
7700.0 7.388677 19.610867 7.470815519251434 7.089565516551562 3.4845612701543813
7800.0 6.886319 19.164477 7.130783976311707 6.645627204737812 3.7378526111929458
7900.0 6.706196 16.392698 7.213483812303331 6.725371949994393 3.7353271005649056
8000.0 8.465777 22.206775 8.13763768117224 7.939155170612994 3.419259726276902
8100.0 8.380090 24.328998 8.458008576775939 8.107528276969948 3.824333839496128
8200.0 8.203244 25.245307 8.126197434951703 7.835304201586838 3.7510665010363486
8300.0 8.152246 22.809355 7.964929419578896 7.733914143854189 3.6387522552135634
8400.0 7.610902 23.336175 7.62511974565228 7.355122336257411 3.7172224773794524
8500.0 7.450884 19.402265 7.468671379746213 7.1877496474368305 3.54386436220476
8600.0 7.283117 22.497935 7.030919945589715 6.869307731823382 3.4395155611285615
8700.0 7.780746 24.944938 7.599323659996968 7.301602659279773 3.745096056558757
8800.0 7.636504 20.763026 7.816127242430913 7.347838870500595 3.7898663907419503
8900.0 7.731718 25.348631 7.1420640874112875 6.951288191508325 3.640927538024394
9000.0 9.041018 23.068431 8.796480414842097 8.568988642296825 3.7719648100418635
9100.0 8.614043 27.654538 8.400874184322333 8.187820642008013 3.494666176824823
9200.0 8.779790 21.113554 8.684760290663785 8.426326238269686 3.38216102098515
9300.0 8.209238 22.158093 8.081324238170946 7.80203350110805 3.660822370703582
9400.0 6.184041 18.691811 6.571008230605795 6.055879317773904 3.938264787013404
9500.0 6.142006 17.294608 6.511153000341411 5.94146758204538 4.010470192145688
9600.0 7.486420 18.008646 7.236510768858964 7.033644248355499 3.9906572782013856
9700.0 7.416147 19.733317 7.559881608416253 7.19346821450746 3.3615454900857307
9800.0 7.344981 18.680540 7.267406064399327 7.065647445181524 3.8328599648056585
9900.0 7.447506 16.525934 7.340105705652773 7.191940689050238 3.4291608690862536
10000.0 8.327754 25.354694 8.115699899593311 7.869810108310164 3.7892806311873737
10100.0 8.050361 27.198028 7.53480975852291 7.3998364784806965 3.5175275832628006
10200.0 8.547508 29.685726 8.225302432064694 7.777577773974104 3.6674162814279483
10300.0 8.655743 28.109501 8.043313242217225 7.774300164960672 3.738569085707039
10400.0 9.431469 25.105660 9.393438502805926 8.89666662019534 3.721852662035979
10500.0 8.885058 23.676316 8.50431908380644 8.236088540555949 3.6722075147073765
10600.0 9.143401 29.190283 8.442194716204733 8.252253935060228 3.7057459673726973
10700.0 9.120871 28.522403 8.840317805285338 8.355897178062483 3.736904040213241
10800.0 8.356590 27.321182 8.208781892878687 7.767997060793004 3.53649785981886
10900.0 8.450175 26.725092 8.345809888354673 8.03499938763142 3.570578687332032
11000.0 8.328902 20.698099 8.122937903381688 7.940250147061144 3.7886538380339827
11100.0 7.536939 17.886933 7.637030046436511 7.409495427947656 3.702611745451991
11200.0 7.139181 14.662433 7.269222499022262 6.9989274738721 3.367313393070454
11300.0 8.308617 25.722396 7.9558586301147 7.699046986587434 3.459375653606472
11400.0 8.319302 20.838897 8.508957641311175 7.978818630257758 3.3998206509295863
11500.0 8.675612 27.783630 8.462793266054101 8.198357964753836 3.6679155095394718
11600.0 9.077120 25.612307 9.001231451945614 8.63576325549602 3.6027235590189695
11700.0 10.049343 30.903324 9.623440879445734 9.258857410135434 3.7413564126445165
11800.0 8.456272 25.208222 8.332867382971207 8.133953827510508 3.5431538704025547
11900.0 7.317218 20.169568 7.332674837287741 6.99006453283552 3.6122292578309296
12000.0 8.748682 24.446067 9.004240374783421 8.581753018539889 3.351043873974762
12100.0 7.655461 22.117162 7.553273994149016 7.2289390444356005 3.756268285136858
12200.0 7.846999 20.527376 7.806808282368921 7.460563902947802 3.891815288173149
12300.0 7.690711 21.938953 7.405378167509308 7.156835248804965 3.8040013799351615
12400.0 7.547088 22.833099 7.464635511909784 7.08334769407317 3.374282710396198
12500.0 7.903206 24.624976 7.7398993784667525 7.413547639858973 3.44753437717469
12600.0 9.036944 28.452845 8.742813453942535 8.528057920046155 3.658609148507304
12700.0 7.643208 22.730175 7.512328821112937 7.1480972759112085 3.6395307099520826
12800.0 8.178577 23.108144 7.8548571673261565 7.605003982949335 3.872690667375929
12900.0 7.546278 21.571781 7.311014576554477 7.214736234236585 3.6828195369826084
13000.0 7.184094 18.302355 7.132058177761119 6.922758939415365 3.5010980405899756
13100.0 7.087294 18.886559 7.248926959079607 6.841581111047809 3.4401522392743975
13200.0 7.122416 21.401698 7.311887151653112 6.9118165999034336 3.9040948717898654
13300.0 6.751651 14.967904 6.917564999003869 6.679029694023702 3.3700183132214
13400.0 6.426846 15.780738 6.815954178880644 6.403847495054891 3.75266609388642
13500.0 6.077531 17.527254 6.257902942525201 5.879664147492478 3.5163977474101706
13600.0 7.104111 18.313892 7.591886139086457 7.17581056895339 3.5321877120344416
13700.0 7.872692 18.415029 7.692737749194248 7.4627649353041345 3.4732620221523973
13800.0 8.270614 20.300229 8.499547594122976 8.00991199718954 3.5010420913349862
13900.0 7.778722 23.634675 8.04331966532168 7.492277349203868 3.73970080014306
14000.0 7.472739 21.001298 7.346687931054318 7.069592674262779 3.6801554495105537
14100.0 7.615159 26.198578 7.263118068079348 6.9226798527911395 3.2733818272522432
14200.0 8.418497 28.855749 8.098455413766887 7.776661920645778 3.486088485724369
14300.0 6.412501 18.802955 6.4594764266388385 6.063228162825522 3.5310381485588946
14400.0 8.473113 28.412132 8.310323257410733 7.831276048186104 3.4912553235284896
14500.0 7.822876 21.506279 7.843535620304279 7.598789206695099 3.8677536678660664
14600.0 7.885589 23.207915 8.022131532570608 7.581921408070206 3.748471123517735
14700.0 7.594817 20.888461 7.382664860440924 7.099289844818737 3.3316684826621166
14800.0 7.963770 22.379638 8.082454242920141 7.617456508156639 3.513640703711957
14900.0 8.552982 26.179000 8.128847812182805 7.921164693587692 3.732836577232249
15000.0 7.906076 20.144548 7.771251293718515 7.451353966273923 3.543251462083705
15100.0 7.760585 21.682889 7.622747908681729 7.333130782275906 3.631195200823015
15200.0 8.518905 18.074613 8.697092878741474 8.291666127802511 3.5742058535545405
15300.0 8.114875 20.995747 7.912173300006669 7.629635264141035 3.4181133702910977
15400.0 7.652004 17.934829 7.447754125010658 7.1788317853918215 3.758675416026073
15500.0 7.519192 20.472137 7.4495171304915555 7.104634467976256 3.716447249657633
15600.0 7.308600 19.235650 7.485787931203043 7.128614738931243 3.61348073775814
15700.0 7.578617 19.740990 7.435900509365279 7.125804383802951 3.504194964318375
15800.0 7.878266 22.204479 7.4022616671507695 7.348972695516401 3.3697931909885535
15900.0 7.165997 16.232489 7.4732331097380245 7.019800015119435 3.9049663879825953
16000.0 7.516896 21.328601 7.33158345538548 6.936367301624834 3.8919736025051437
16100.0 8.176335 23.711048 8.259111811444827 7.878173597678425 3.613903433046323
16200.0 7.929947 21.982458 7.657091237648248 7.4517775157753245 3.8842320570969826
16300.0 8.589845 27.661745 8.006554928385333 7.945207214086672 3.76550087295328
16400.0 7.834618 24.159356 7.7335975517973905 7.354092127564522 3.871351384717755
16500.0 7.410975 23.088146 7.308958782982112 6.941335363122586 3.7062882431908406
16600.0 7.807356 18.648703 7.777938600146695 7.503350823755046 3.5355614663832102
16700.0 8.178301 22.195490 8.088926408839137 7.893810594951714 4.08264933853784
16800.0 7.820638 22.336657 7.482836624802462 7.3886881228845755 3.5615447427621065
16900.0 6.664953 20.062686 6.889038702429012 6.473761092415679 3.2382701594296774
17000.0 7.645257 23.282514 7.819751220396921 7.380847573790535 3.6940239128222276
17100.0 8.320265 22.245148 8.60701986253387 8.191644332819626 3.378653760647253
17200.0 8.516091 24.143757 8.627178006780696 8.178375521850391 3.583991170120615
17300.0 8.349131 17.226427 8.49727691626865 8.156771723286537 3.84224427031062
17400.0 7.879372 18.494558 7.921011689864458 7.536233927319026 3.580138463595179
17500.0 8.570141 26.196659 8.66798138649199 8.20490388100688 3.463599454947177
17600.0 9.182577 27.728416 8.987687330984157 8.705772480829184 3.4279030632130554
17700.0 8.501063 22.815604 8.73676631356268 8.3216201559563 3.6254879716249246
17800.0 9.376625 24.820406 9.158749268526321 8.825516725543906 3.43844048131214
17900.0 9.849934 29.316022 9.509205071736584 9.150775833016716 3.807808394141444
18000.0 9.586515 31.490878 9.329405103907613 8.89865893758718 3.597713103535276
18100.0 9.144776 23.926266 9.129262862194574 8.764239049345656 3.486763198312492
18200.0 7.987805 20.644118 7.790062827541413 7.580429747732844 3.770336525799261
18300.0 6.134244 18.909113 6.1967379948347165 6.039346352426508 3.4054335665060496
18400.0 6.796535 19.362021 7.095691862461742 6.678280377855166 3.725481767266348
18500.0 7.665137 22.915543 7.7587378908444045 7.366623642044479 3.45676849130737
18600.0 6.666749 19.369965 6.926408479295318 6.36855417633663 3.7270584889042144
18700.0 8.820484 26.859290 8.975045566587688 8.520711427481093 3.7109301376025567
18800.0 8.980322 27.077019 8.49648710336792 8.332697590679745 3.2991107939344455
18900.0 8.440828 22.662243 7.917651719813142 7.833655643559367 3.5358843095680883
19000.0 8.080000 25.226260 8.060856601962 7.553120489498183 3.815571674958278
19100.0 10.241993 32.345417 9.74301932655713 9.394044956266754 3.467657288137216
19200.0 9.984855 33.850400 9.345432258939892 9.059610217221278 3.464433204328375
19300.0 8.760148 22.788813 8.516951102629244 8.249415170474272 3.475092166372019
19400.0 8.151684 23.695465 7.776832135047156 7.526331712680922 3.374672578974934
19500.0 7.469004 20.056899 7.676117948447312 7.348100654776862 3.3384969497701404
19600.0 6.620792 17.928280 6.227574609381765 6.052328177759388 3.614597010327575
19700.0 6.827926 16.359877 6.493679386125637 6.2874952669073005 3.646581956740624
19800.0 5.425347 9.778424 6.110837894264013 5.6643644723932045 3.4359374977147774
19900.0 6.139179 16.178394 6.443039574026084 6.052598596419288 3.6852337388562506
20000.0 5.944891 14.597024 6.659966879886288 6.110677740074504 3.3838180314289614
20100.0 5.860203 11.775045 6.104392834352986 5.761762994078665 3.65521136812328
20200.0 6.861227 16.375609 6.921666068844391 6.70111586447455 3.560592323250129
20300.0 7.389391 18.536381 7.51772294603799 7.155643569409653 3.392780799702307
20400.0 7.757453 26.101171 7.615236832345905 7.145561834162407 3.4504582375106767
20500.0 8.164283 22.986852 7.844845319912971 7.581136724882263 3.7577414939653364
20600.0 7.702497 22.670043 7.624621256114685 7.250759536324705 3.7719936437662573
20700.0 7.206135 18.899662 7.40084081333016 7.014383038959398 3.6704364719799334
20800.0 7.585962 25.366129 7.778801183030379 7.188179413366955 3.6157102328374338
20900.0 8.877942 26.853831 8.3288127985164 8.273534363723746 3.638739652798423
21000.0 10.065009 30.934466 9.475300353824174 9.164451731971264 3.4268798721530556
21100.0 10.336371 31.218885 10.31469186290212 9.784944284240066 3.63188489073579
21200.0 9.609615 26.793068 9.453203069737338 9.06013813177015 3.463170852086262
21300.0 8.805750 26.408093 8.561875710246653 8.263891699232547 3.8519676292816705
21400.0 9.396833 29.102403 9.217294546009294 8.908018403133322 3.5658141520760718
21500.0 10.155131 33.894342 9.548429228018955 9.31228696987134 3.533480997819397
21600.0 9.383156 28.506361 8.973891968632527 8.735052908181327 4.005950676424867
21700.0 8.385048 24.879073 8.236735421462255 7.8465645804899165 3.52565751615799
21800.0 8.443945 25.354905 8.341998804307554 8.003046311249346 3.756948673856102
21900.0 9.840312 30.451531 9.157209822081928 8.953548495676552 3.684625489821599
22000.0 8.956828 28.324352 8.763913189521205 8.364987782347903 3.501770844107516
22100.0 8.302072 24.510193 7.949464895894903 7.702319108182925 3.6323575676983593
22200.0 9.152498 28.929454 9.091380798784964 8.618107494246917 3.2429124008813486
22300.0 10.131084 27.933272 9.49406246140962 9.330459271934057 3.3077949186558055
22400.0 9.155599 22.189283 8.777435736149636 8.541526831119443 3.5618719392711387
22500.0 8.922436 26.438980 8.22037624250334 8.074338412864881 3.5138100038712876
22600.0 9.206652 27.106022 8.92702249661531 8.537464830195756 3.4781137337859764
22700.0 9.775360 28.239889 9.659011523631465 9.097313579522709 4.004035412772141
22800.0 9.237830 30.054726 8.955993552260942 8.493780666339552 3.6831325008242435
22900.0 8.268931 26.187388 7.905173781019992 7.5606428654527935 3.4152235878412474
23000.0 6.395114 21.180700 6.925879063467874 6.356335498056707 3.660180799347565
23100.0 7.187766 24.596085 7.3919654203768275 6.759065231235132 3.4239088908910196
23200.0 8.642350 29.898046 7.989469824860227 7.834004337487184 3.4568383635859914
23300.0 8.974110 26.687096 8.317526524437397 8.179329186688063 3.1513803555964475
23400.0 8.763042 27.065398 8.367281971293187 8.135559166428417 3.5643997661074076
23500.0 9.339438 28.347775 8.964440147158074 8.693481224253395 3.7848251695129114
23600.0 8.282643 26.192678 8.262368242337622 7.785888278567324 3.648936258680654
23700.0 8.393792 23.878811 8.391410143326647 8.054365080452039 4.019087053744586
23800.0 7.472917 20.408704 7.459613883083959 7.263875924745062 3.476279991812778
23900.0 8.418685 26.146188 8.555514053646709 8.14491920683701 3.484805843557996
24000.0 9.424273 26.364780 9.050057132752125 8.828317072252345 3.530126653947175
24100.0 8.505206 27.374929 8.037553252944178 7.9119992167735065 3.192753329641788
24200.0 9.969029 30.462557 9.37705433612517 9.124323580784964 3.44282089339816
24300.0 8.941899 31.264067 8.124340060525713 7.815434311891663 3.2476119132661707
24400.0 7.933694 27.416218 7.747571135314142 7.412758639684491 3.4457320343795574
24500.0 8.911256 26.073880 8.67733889418735 8.419557048305869 3.329731751099898
24600.0 7.907806 26.645025 7.928434804874242 7.430871132579543 3.8118036722006114
24700.0 8.726176 24.404499 8.61833136368242 8.217664107865868 3.807396622348441
24800.0 7.459361 21.277527 7.284161386792384 6.995254606361498 3.5261146530940493
24900.0 7.729042 20.365277 7.588396612212762 7.197884579931883 3.8405894786500157
25000.0 8.148517 24.790097 7.5555071449800675 7.388461771440511 3.869840303887184
25100.0 7.092886 19.671000 7.208009599256595 6.907932895324604 3.4680134732843575
25200.0 7.758030 16.741305 8.048035433159255 7.555404032930297 3.740097338602665
25300.0 8.467557 25.235464 8.361532045779834 7.909305844172703 3.544386621993236
25400.0 8.806091 28.757095 8.516227584369457 8.066445080910036 3.885875905715211
25500.0 10.416557 28.339051 9.595255684220035 9.528919828619092 3.6216152025886714
25600.0 8.304770 20.686450 8.440993419932989 8.028815119444559 3.496763975943495
25700.0 8.224742 22.910868 8.048236492592185 7.791312157977367 3.6393893391875185
25800.0 9.623865 29.085136 9.532093617920898 9.109788004282594 3.666406467683201
25900.0 11.061303 32.483955 10.354698455704465 10.108841096715427 3.741403375780824
26000.0 10.341266 32.136725 9.901999233607027 9.506484401734456 3.6407619682958616
26100.0 9.644814 26.867024 9.337188290460654 9.152397204724993 3.764008514306218
26200.0 9.456697 27.640043 9.155205986227026 8.787414472703627 3.4727546076264333
26300.0 8.170965 27.082450 8.250598120883062 7.86335140201753 3.988286871158938
26400.0 8.487792 18.030747 8.629387390792115 8.41051101668845 3.6301633342801707
26500.0 7.803271 17.901702 7.691086785421726 7.603177225302927 3.8385380930947717
26600.0 8.015987 19.612274 8.354692615963485 7.891887831548822 3.7801886825039097
26700.0 7.028774 18.602214 7.356823190353953 7.062566955899923 3.4580831139185437
26800.0 7.357335 23.622294 7.542130751749914 7.118282737940976 3.6082456411789816
26900.0 7.102816 24.025316 7.2394985462981944 6.753122187147194 3.400078035199185
27000.0 7.579383 21.214396 7.646399120042594 7.295610030569375 3.648325285873761
27100.0 7.992187 22.511411 7.9762611854041205 7.663267073038026 3.8011943670564468
27200.0 8.879579 27.963174 8.715281725807369 8.328771468243005 3.6601264167034935
27300.0 9.369933 27.323350 9.127537192878922 8.72620447138498 3.6508757538200665
27400.0 8.418702 22.968342 8.172595680871186 7.825931512156551 3.7355513488137726
27500.0 9.187203 25.005071 8.818616819016567 8.537464430771657 3.5958524254699693
27600.0 8.695639 22.693557 8.555940163404252 8.089959806795024 3.8374941554800426
27700.0 7.572232 24.206567 7.634053598299037 7.157825548111574 3.4356771707139857
27800.0 7.732568 25.243011 7.698614062226296 7.206948006870123 3.6484872069080208
27900.0 7.854561 21.311370 7.963380165210794 7.656165125328279 3.7068234376395615
28000.0 7.220390 18.965410 7.374840845795063 7.07253190503148 3.546723256424507
28100.0 6.133862 17.312742 6.257755608467671 5.936467946548395 3.6629273138249863
28200.0 6.932630 20.123019 7.143304224392252 6.740669020672524 4.044529151639904
28300.0 6.611854 20.572373 6.643215443358822 6.270578267361606 3.7503052658355838
28400.0 8.082435 21.625234 7.853266123281971 7.519361296360061 3.803282908706778
28500.0 6.626034 18.631136 6.796085357501385 6.408135082206281 3.5208402564922494
28600.0 7.434992 22.934814 7.303087206103837 6.864007617897018 3.7054503281148565
28700.0 8.382839 23.718941 8.111971680479881 7.79300035721366 3.5132351744101658
28800.0 7.368774 21.522118 7.450891621656696 7.118561032342465 3.708516232714383
28900.0 8.179803 24.907803 8.422651914190219 7.891185181595363 3.5347613468318317
29000.0 8.234108 24.620750 8.086073034909967 7.7667986355426555 3.8954581025362343
29100.0 7.817352 21.314396 7.977884661243505 7.652796000860307 3.3560197075581963
29200.0 7.159501 20.024857 7.110089920943589 6.965232155624155 3.2273812913048316
29300.0 8.575571 24.967981 8.110805424619436 8.075128986021307 3.3190714185015318
29400.0 8.411977 22.025325 8.099686811698948 7.838396855244247 3.8180224229771285
29500.0 8.374990 22.434658 8.173278857689546 7.951667377198928 4.095369332769233
29600.0 7.006462 24.224550 6.60228803930331 6.394260425926832 3.4193943383502092
29700.0 6.979266 21.824410 7.217699075363438 6.728469968053175 3.84189008416506
29800.0 7.851820 22.916020 7.538986462903686 7.297881896013685 3.9737349386887093
29900.0 6.104017 18.059659 6.3017365185741 5.918857202850995 3.679312009182883
30000.0 5.799487 16.479254 6.001998954286808 5.589899668677179 3.671423221965722
30100.0 6.690443 18.095920 7.037378619705732 6.609156946849919 3.820452222854043
30200.0 7.621294 27.135797 7.286951610529325 6.933783617355235 3.7536984776642703
30300.0 5.776245 13.290379 5.865396977965726 5.617213415777005 3.618794719620598
30400.0 6.550099 16.088755 6.852114585779707 6.455618843614415 3.6620581750600376
30500.0 6.606237 17.254457 6.723310484672804 6.408127892790996 3.5434531334259756
30600.0 6.212278 15.375667 6.786905891384646 6.21459712221881 3.728991377626396
30700.0 6.884183 21.730845 7.084878786600385 6.584725222501375 3.9628190548448106
30800.0 7.651043 23.302438 7.568760385044389 7.179974548665631 3.839992489792675
30900.0 7.168789 16.746581 7.272670882697987 6.884072433334724 3.5522068639343587
31000.0 7.262292 22.625524 7.257815214954553 6.9456588759650195 4.03688869430947
31100.0 8.591713 24.518443 8.589657173625477 8.181936017035754 3.6754345674557736
31200.0 7.585579 22.518204 7.558235250469093 7.240674882344623 3.7647658420827406
31300.0 8.323194 24.156918 8.11014046281763 7.765211426045959 3.2867790663342373
31400.0 8.808362 26.199275 8.745089106159032 8.413855553717923 3.5573513238468353
31500.0 8.687389 22.766693 8.710009733734854 8.35048445273809 3.655264159689848
31600.0 7.563172 21.969502 7.543566006670942 7.237802757494236 3.4739435481038976
31700.0 9.090882 27.453549 8.648588364041895 8.50460690900594 3.2352083793717563
31800.0 8.449840 20.056290 8.554748084380234 8.110226596046267 3.3822826116626334
31900.0 9.184962 27.999785 8.684842368206294 8.357716476893405 3.707932126186639
32000.0 9.128717 25.960599 8.515825701277995 8.369699952348958 3.1558815812303895
32100.0 8.306032 24.239334 8.098666276643621 7.843982209135204 3.6338694198802255
32200.0 8.297996 24.425223 7.891769677421955 7.733948156338657 3.4990296712617526
32300.0 8.411533 25.548228 8.100149305369849 7.831839169977477 3.7842844954065353
32400.0 7.707932 25.282683 7.672534482166949 7.244893621697713 3.5827811281499167
32500.0 8.389621 24.280265 8.12465884946914 7.798400566497038 3.782318429891874
32600.0 8.496145 26.527269 8.001600031069966 7.719913983133297 3.7394609047292224
32700.0 9.154028 30.847585 8.863123828381724 8.408563037114634 3.9115450768984914
32800.0 8.730998 28.446788 8.564510126439984 8.175594732654686 3.3360456172208015
32900.0 8.768515 25.040750 8.5618149005733 8.171900494287762 4.050574057314621
33000.0 9.489446 29.839503 9.016439095879338 8.72157152846715 3.2696716502093826
33100.0 8.410096 24.455809 8.186855997426571 7.8201692003908505 3.434911884707419
33200.0 8.206098 24.161741 8.394312889344372 7.870611306586742 3.554215887469882
33300.0 9.117774 26.595324 9.045832145865292 8.715881755830457 3.537140962904413
33400.0 9.083540 27.120077 8.932520884116194 8.577252373021551 3.7185987479228606
33500.0 8.781856 26.591386 8.709413575384762 8.34528590263328 3.73802300078126
33600.0 8.477342 20.332894 8.38294945573637 8.128579481293235 3.6444948090627745
33700.0 7.684945 18.717189 7.3034457889695386 7.229711680660065 3.7089982212479473
33800.0 7.552464 18.327546 7.545479211573783 7.17164666493063 3.887021181022343
33900.0 7.473011 21.404688 7.266755381940827 6.977936141495685 3.828383435460944
34000.0 7.887394 22.861275 7.4896264997000905 7.16407293233356 4.085343332457672
34100.0 9.277816 27.642605 8.696578016327004 8.5435047208178 3.4884168815011827
34200.0 9.125884 29.276958 8.387807016131761 8.287765875251578 3.5937820153614415
34300.0 7.133767 17.296149 7.255586886241505 6.9349048514361415 3.6780058391975214
34400.0 8.274998 21.753598 8.222449337206289 7.8336230242226526 3.556261467687183
34500.0 8.248671 26.334668 8.241123757476506 7.842428070958129 3.686379881521577
34600.0 8.619794 22.489129 8.337560428681687 8.049579152764181 3.7444195182088476
34700.0 7.015299 16.574608 7.390222494326739 7.0446603222767905 3.8331609394373234
34800.0 7.180343 18.929731 7.714818058558195 7.155378388747843 3.6341224502390834
34900.0 9.494879 22.944326 9.614144465655583 9.191557174385718 3.545866955301489
35000.0 9.028290 26.960857 8.701399230992246 8.387106110939895 3.983754332136869
35100.0 8.090393 24.027245 7.637836986966861 7.33120640457427 3.643012740698785
35200.0 6.977146 17.407246 6.821789023233206 6.558525184075056 3.526835386446219
35300.0 6.933915 16.462942 6.620098688952727 6.466548706218497 3.5937622716093256
35400.0 7.641685 25.035012 7.3775931917693836 7.086876522125158 3.545682547371055
35500.0 7.536762 20.699206 7.498089380520671 7.147872907460666 3.8001818469738793
35600.0 7.427193 21.009789 7.868748331158739 7.338317245878005 3.42529266675194
35700.0 6.452471 14.187213 6.82139364406334 6.520334158684698 3.900094209176738
35800.0 7.242577 21.635954 7.392969718540466 7.0643516827379775 3.512267445010623
35900.0 7.670169 21.091577 7.477788262746227 7.229827357075789 3.756732344790685
36000.0 8.482855 27.329699 8.014455717566497 7.86014105497191 3.65894757942765
36100.0 7.344692 24.692651 7.4975624561070715 6.859369569291819 3.394190400123944
36200.0 7.449929 16.690098 7.412149479071649 7.271199558861357 3.7047433352325343
36300.0 8.422852 24.051417 7.959300877139456 7.819445046595348 3.6314624072369694
36400.0 8.140912 21.824809 8.155720545180772 7.840876726321331 3.6728455544368224
36500.0 9.072451 22.701284 8.505459702878193 8.45610085016756 3.1808704035964173
36600.0 9.132007 23.906209 8.690513069447828 8.462971744874373 3.559037652325187
36700.0 8.924299 31.867829 8.476961555818137 8.093230341833745 3.582691350472174
36800.0 8.576914 27.390759 7.900237744616919 7.801831444550138 3.5748124817403037
36900.0 7.609807 20.656120 7.504148155235124 7.298734693934074 3.5000820244784676
37000.0 7.596245 22.259544 7.271586528778231 7.020025355341636 3.5693388029218442
37100.0 6.663458 18.944321 6.824693429017 6.241836559404566 3.6191519880141927
37200.0 7.335144 19.861972 7.331657054693108 7.043296374788853 3.4636233195785384
37300.0 8.237211 23.504033 8.063468374728258 7.725520000129252 3.132574137254185
37400.0 7.864736 22.985358 7.544308790081924 7.279387762096071 3.920840862858757
37500.0 7.963276 23.847541 7.9279081367124355 7.536821859931029 3.6455508683823425
37600.0 8.315336 25.699468 8.349913037228404 7.937558498591742 3.69879956135818
37700.0 9.144522 27.249015 8.911146469617002 8.527380847906505 3.5312431109541986
37800.0 9.528175 22.406916 9.320306383563022 8.967639854215141 3.3667507920681117
37900.0 8.637045 24.660722 8.358732515015186 8.136494919346653 3.6188997248360364
38000.0 9.608368 27.450476 9.562235704022868 9.139373274377371 3.4412637915451785
38100.0 8.890148 27.347274 8.743745482456585 8.443034321057928 3.620725105124382
38200.0 9.283869 26.172086 8.944920700604255 8.751263800046065 3.5759205212903757
38300.0 8.860191 27.164319 8.683040018362481 8.316530588853004 3.5243523817204774
38400.0 9.135470 23.942540 8.944754715101826 8.793498708443757 3.5315524900157302
38500.0 10.046988 28.824641 9.641359817804652 9.33339299808988 3.6745800000736164
38600.0 7.822590 22.019660 7.688382061504751 7.324521366352916 3.758138124194207
38700.0 7.992301 23.671979 8.188248726814583 7.723855040687931 3.3085291346041266
38800.0 8.712524 20.800694 8.677974437000566 8.295894097981812 4.008128075347653
38900.0 7.811884 23.525581 7.772611154675787 7.359490017869643 3.355672489160638
39000.0 8.691205 28.548516 8.57673605206375 8.01006950387351 3.3642405017266377
39100.0 8.304088 22.720177 8.493008365963627 8.12027626981723 3.4195882518745866
39200.0 9.343778 27.674549 8.795011602743573 8.503764414347984 3.5419388310076894
39300.0 9.302726 24.680285 8.967736880375176 8.661297732682925 3.669291744095496
39400.0 8.631121 30.362658 8.479099395275894 8.000847680080325 3.776029672849815
39500.0 8.959998 25.818261 8.229781094074099 8.12663621618122 3.6287845365050106
39600.0 8.796153 26.835394 8.351692456803615 8.08707600094392 3.4113144587940805
39700.0 8.741983 27.548503 8.514912951477372 8.226086302347573 3.5428217818099847
39800.0 8.569377 26.269661 8.131143078150458 7.856819315594502 3.4726506391265795
39900.0 8.717416 28.027148 8.249795758967563 7.947593980598324 3.7912527248394228
40000.0 8.321257 22.415291 7.955184621238766 7.7294369790718624 3.6345900453341358
40100.0 7.527973 23.810418 7.350066222304785 7.044091149758302 3.8845685541343458
40200.0 9.414084 28.557233 9.146880323132624 8.79449510251308 3.8996720477426865
40300.0 8.353753 22.796896 8.416487470201936 8.037785827113296 3.3825546956205232
40400.0 9.474917 27.888616 9.163675454857037 8.944210430323485 3.462901521192459
40500.0 8.879361 26.144070 8.829518557817936 8.503105406869794 3.7099751796445015
40600.0 7.669212 21.326701 7.520335802841987 7.381181686231066 3.739908034397967
40700.0 8.052469 24.260372 7.639561237119941 7.495271859343076 3.6608142655686184
40800.0 7.714227 23.666358 7.873697237460791 7.383553278712322 3.3424410322469025
40900.0 7.890983 22.992372 7.693592047719413 7.552318324457786 3.7474606045276793
41000.0 7.830685 24.861234 7.921796144785354 7.535087880953327 3.7561087711901666
41100.0 6.512724 20.958967 6.36880659084989 6.089704185621118 3.62856385286666
41200.0 8.490504 25.377109 8.138208189960434 7.942335116341505 3.537127019287742
41300.0 8.220432 23.100219 7.9038476610507695 7.64263012657615 3.919991922695514
41400.0 6.867474 15.771997 6.974873482945757 6.669096722646448 3.637507747943237
41500.0 8.294428 24.637293 8.21690839462093 7.815915755077587 3.5221092540459424
41600.0 8.376317 24.347261 8.193473604712235 7.928446140747538 3.3591297199870627
41700.0 9.224820 28.876249 8.915773688076744 8.500124098359652 3.5236672036238272
41800.0 8.817834 26.744530 8.491698360890707 8.150923316533156 3.686409524499437
41900.0 8.839094 26.138258 8.958685710354152 8.399786655543208 3.679303582679468
42000.0 9.073137 27.691709 8.704761512910421 8.371457324082169 3.6797577425246044
42100.0 9.031124 27.108433 8.665949485834966 8.430411649097092 3.812130981862272
42200.0 8.496536 21.718131 8.202426173818921 7.980192742024015 3.3919881297125163
42300.0 8.814071 25.184884 8.47221900201583 8.142543913772318 3.374242590405277
42400.0 8.624612 24.455782 8.462448807941659 8.140797186089943 3.7299189450293677
42500.0 7.951143 22.812213 8.239191580555687 7.751976638088194 3.5389168691660164
42600.0 6.995408 21.934337 7.277749987796691 6.758780756364547 3.3487924708767065
42700.0 7.981244 23.473441 7.49709599757921 7.362607109827055 3.664758828888874
42800.0 7.124958 18.375932 7.520994235798706 7.044783077000733 3.784423706516999
42900.0 7.818924 19.983873 7.648651423223826 7.397652878906714 3.487147474136603
43000.0 7.920930 21.693630 7.840940452752728 7.61397837982358 3.5275046641757983
43100.0 8.457984 18.830041 8.36081330345911 7.963675330446426 3.335376060846863
43200.0 9.986675 30.045308 9.408120371632657 9.179487859950854 3.7384028668823133
43300.0 9.776770 30.921620 9.020029965289897 8.88311291990552 3.4235774749120567
43400.0 8.371219 25.549260 8.072196073060868 7.695360570714655 3.7298176884844536
43500.0 8.928611 28.922847 8.770949396699333 8.293195507469072 3.5489006929038664
43600.0 7.531044 22.743919 7.960657331596918 7.430485090594107 3.679839035051092
43700.0 7.540275 20.622128 7.596848135845949 7.228934504898489 4.087648535176875
43800.0 9.935966 28.488737 9.736880487634462 9.437333574336682 3.7236175510537373
43900.0 10.624634 31.439987 9.894380037386773 9.86871611704534 3.4656990322676813
44000.0 10.173147 29.763297 10.063671503575202 9.53301125997036 3.3919346080041826
44100.0 9.203122 25.212930 9.045659785718009 8.71290416051279 3.655885484921313
44200.0 10.081348 30.146043 9.728600354425362 9.486817929686152 3.778821104608633
44300.0 9.460380 20.046007 9.216410247083159 8.867237630319533 3.777676191878919
44400.0 9.869553 25.625351 9.188623309400073 9.045259433548223 3.716742571517189
44500.0 7.448328 18.657875 7.483387474347928 7.161732914323247 3.1929093306680554
44600.0 8.944537 29.774921 8.569853533110843 8.22572631284267 3.2896855782016314
44700.0 8.390274 24.832465 8.102520994173371 7.837682303025777 3.6199853952282983
44800.0 8.310829 24.152451 8.046337075431303 7.723731710441891 3.691665406076739
44900.0 10.104273 32.535444 9.136358997046845 8.998945583751421 3.2664133479039688
45000.0 9.748890 31.370938 9.337279415311919 8.936997592413757 3.4311272331350984
45100.0 9.132976 28.935936 8.998382342559587 8.519000105919782 3.7855774317062565
45200.0 9.092441 27.284495 8.908447251364443 8.605249526768054 3.670446690908724
45300.0 8.712897 21.550424 8.682239069732658 8.281621020016695 3.5997636709624725
45400.0 8.142001 25.602069 8.214242169686212 7.787669313052919 3.659651265607652
45500.0 8.959440 24.512204 8.942265122971413 8.39429487412159 3.9955049497971507
45600.0 9.088145 27.437523 8.464900850740301 8.26212594608579 3.5504469847563658
45700.0 6.492082 15.985115 6.708908085888231 6.34177612791192 3.6987791975381454
45800.0 6.990811 19.024544 7.141407802446954 6.71426266663197 3.795254971947714
45900.0 7.283186 21.288927 7.178365246773568 6.818579530599551 3.522602333618406
46000.0 7.850141 21.961682 7.822087906457456 7.538308935619691 3.7346092508524307
46100.0 8.133897 21.200591 7.766945710033925 7.5650886949804415 3.54137817481954
46200.0 8.521381 24.708215 8.580471312336787 8.09218670688986 3.7161378825352034
46300.0 9.063924 26.367743 9.034522478210212 8.533211364279968 3.665281477201692
46400.0 8.879071 25.769971 8.467970525744276 8.118420086816442 3.9817688953202715
46500.0 9.325677 27.259193 9.15450940729066 8.768899634246521 4.087718345838021
46600.0 8.460692 26.233595 8.246124669544605 7.958614483093308 3.651139554601772
46700.0 7.511198 20.885033 7.813455192931508 7.34951511576891 3.922940118303269
46800.0 8.714524 27.648964 8.59716736508874 8.230606106778598 3.5116557128495187
46900.0 9.036328 26.666813 8.463909570670912 8.266983956947952 3.5165816164369943
47000.0 9.363893 28.621103 8.943485141711472 8.613315243445617 3.5123853971471086
47100.0 8.334182 26.290481 8.62052763531065 8.029739711638584 3.9262720493954104
47200.0 8.222947 23.909606 8.129836791077118 7.854061440787268 3.8098194228816813
47300.0 8.833198 26.560371 8.58393704048572 8.304571438700806 3.4451349220075507
47400.0 7.890345 23.074242 7.437900137737059 7.190258416128845 3.729893647047644
47500.0 8.260354 26.365646 7.595652210442679 7.523055791470569 3.7228098128575646
47600.0 7.878110 25.465732 7.731747184697872 7.336461593306936 3.778893840788415
47700.0 9.035663 30.167101 8.764615546446072 8.372966475591602 3.7141744585298784
47800.0 8.835885 27.369259 8.41936400769706 8.28027508442543 3.857096235169112
47900.0 9.666515 31.095393 8.937387397592996 8.759177992084938 3.519629389979626
48000.0 9.615632 28.281031 9.08416004508388 9.021560604121248 3.3011149643237343
48100.0 8.899039 30.581164 8.27033124545017 8.122497198996202 3.6622405119454524
48200.0 8.414429 26.481583 8.368925672202382 8.040147862292827 3.5628111573352954
48300.0 8.804077 25.588216 7.931161759864612 7.762150963382078 3.6858077902155
48400.0 10.684464 31.816516 10.153417733070333 9.848554426650663 3.5558460148835236
48500.0 10.391439 30.795357 9.605161696587354 9.394016614538293 3.5175967892002293
48600.0 9.943035 28.286109 9.492592241069225 9.13713118885193 3.4283541302641565
48700.0 10.491809 32.779298 9.856468170657948 9.590211734622487 3.58655213929107
48800.0 9.883742 31.237133 9.77836847124494 9.300644726500074 3.314285142242696
48900.0 10.542512 31.020476 9.703537312606162 9.424541704667712 3.7025841698232713
49000.0 9.211644 25.510511 8.7003640853132 8.503858709269597 3.202678934240931
49100.0 9.369360 19.508983 9.223698100458204 8.951219218627106 3.4147603814056975
49200.0 7.259950 19.343401 7.151113596758691 6.7667011846822405 3.6555770859825025
49300.0 7.080207 18.955178 7.231420135707159 6.727804264334544 3.5346912259154264
49400.0 8.485141 25.803686 8.010067960510154 7.832890290580671 3.4535155377369597
49500.0 8.481178 26.190726 8.433274124819244 8.070200249645001 3.8237961052277774
49600.0 8.532952 24.760519 7.97654504946527 7.777005473301462 3.525914163129939
49700.0 7.516631 20.494544 7.653036291878436 7.259771524425562 3.544578406876284
49800.0 7.796918 22.693555 7.590713775516161 7.182982801855939 3.28719775076433
49900.0 7.862410 24.319996 7.514748193455217 7.324066605255153 3.3669014663875623
50000.0 7.528883 20.816377 7.330869554275126 7.076298774074656 3.5410423526694044
50100.0 8.268659 24.685522 8.154226411549454 7.8559940739970475 3.609644852218957
50200.0 8.537304 21.234293 8.565822197435649 8.285475803564676 3.617716332947717
50300.0 9.177206 26.808511 8.836066647378987 8.688544369124113 3.5882412344482804
50400.0 9.564250 27.049110 9.268840680930534 9.141399819009267 3.6592937444978006
50500.0 8.522951 25.055292 8.146881805501971 7.891442483393979 3.801732465443087
50600.0 7.898116 20.966820 7.767556521329269 7.440933283786196 3.6618792528983746
50700.0 7.724599 22.893209 7.788870322323238 7.48292748099552 3.7180395063222806
50800.0 6.557635 19.168477 6.347161072408107 6.05456991490484 3.590929723385325
50900.0 5.911405 18.139698 6.266164600096121 5.839113404900217 3.6017422649495727
51000.0 6.826560 22.602023 6.6701100337945025 6.274489643821828 3.5316949334698404
51100.0 7.820978 19.793035 7.598074746035128 7.346680983867987 3.551914585412211
51200.0 7.850855 21.954045 7.771184012082394 7.524348901596469 3.602210199392557
51300.0 7.561895 24.085861 7.416415708311584 7.075136972768222 3.5119874055574805
51400.0 7.402911 23.503131 7.346796599537463 6.9781706177397425 3.8779778862153766
51500.0 8.474618 20.482508 8.128695379009459 8.040072861674972 3.6971208476043524
51600.0 9.334335 26.347600 9.313687772664702 8.979363597043758 3.7257775643289848
51700.0 8.489240 21.604501 8.252972759929904 8.000688258314945 3.870698128474484
51800.0 7.306125 19.754819 7.752682531061385 7.276875936207207 3.7584849608644793
51900.0 7.967142 21.664526 7.812492658799542 7.675478096689186 3.5023483889418183
52000.0 8.064482 25.464117 7.839219530432932 7.581447742737514 4.108655133462246
52100.0 8.500127 28.186926 8.279383468695332 7.8116804986961155 3.5980566894697263
52200.0 8.988459 30.612462 8.535255580116274 8.180160477840252 3.697945132507243
52300.0 8.729842 27.398713 8.590217441756408 8.198907159280699 3.542905908359858
52400.0 7.531164 24.639585 7.5070949778157505 7.0953505155394145 3.98882846257009
52500.0 8.434653 24.667807 8.400702258937091 7.916110432506581 3.8527890111104743
52600.0 8.501121 25.386749 8.669786410064397 8.172834166460852 3.6194133624749427
52700.0 8.153280 25.839000 8.139067405136323 7.689649664717924 3.5989545203442144
52800.0 9.507515 28.091125 9.315969212538098 8.879492108873123 3.569364052812067
52900.0 7.731006 17.852085 7.567233904272879 7.244002878242596 3.775048074930779
53000.0 7.879991 21.087363 8.043209387799802 7.575410549587861 3.8950884867879267
53100.0 6.943861 14.067909 6.9184377832335135 6.674482205643959 3.4482627427243475
53200.0 6.454576 18.039009 6.693848639815165 6.366513328040016 3.8279229198476004
53300.0 6.530371 20.266631 6.76337772018478 6.28388268268053 3.7586147323062735
53400.0 8.153976 25.296253 7.605723415700325 7.460634798399374 3.5458329590027193
53500.0 8.061777 26.189378 7.917442927198865 7.637776529632953 3.436521476746946
53600.0 7.224795 19.061756 7.609790242164116 7.215167261819273 3.488158599091099
53700.0 6.249874 15.663129 6.553799499047775 6.250853813709504 3.3716315186654997
53800.0 7.937762 23.520433 8.045344857591308 7.523469316242391 3.764657165477292
53900.0 7.578631 21.899888 7.6217092128087875 7.369051298112504 3.6582245895240564
54000.0 8.418450 24.631501 8.158615632046715 7.894464940888022 3.8691831908139824
54100.0 8.333659 24.442442 8.375410098778042 8.089965705746057 3.545999818664373
54200.0 7.395285 19.847155 7.412738135996768 7.134857037714613 3.5624937273187585
54300.0 7.088965 23.242505 7.152384627519956 6.696682493175975 3.3376261403571985
54400.0 7.113223 24.741226 7.009987465777314 6.594655966793501 3.8143231552433425
54500.0 8.778126 26.163658 8.76362888467901 8.281551106385198 3.75094061609671
54600.0 9.344635 25.925680 8.797574901686708 8.689361535244775 3.8845384879033484
54700.0 9.107667 28.028749 8.763825830615406 8.586217172268 3.307722563322258
54800.0 8.565978 23.568425 8.420451130159435 8.16155834088938 3.5999662964782866
54900.0 7.987279 23.473457 8.130562885479932 7.759073656307825 3.7091434975637387
55000.0 6.816427 20.176847 6.704927988929417 6.517780577524697 3.7353559804036696
55100.0 9.473387 27.074074 9.353459483410992 9.076693172446227 3.9230291525092382
55200.0 9.483159 22.114668 9.424946150191142 9.141438014054675 3.847948710888168
55300.0 9.272798 25.736885 9.01514690144423 8.60867915127863 3.2633596507602585
55400.0 9.208565 28.360099 8.982630250146725 8.602100049085212 3.245818764441511
55500.0 9.020783 27.731252 8.725373298309718 8.348733787492431 3.6802473153819633
55600.0 8.144948 24.016229 8.066813430297982 7.697032866716907 3.373562503763529
55700.0 7.724546 24.546838 7.590316575703214 7.2682808114572115 3.574662998172226
55800.0 9.394244 30.291872 9.014883205771321 8.635538700085009 3.627646301637196
55900.0 9.440967 31.184245 9.013278885703476 8.597229546932875 3.607590383473525
56000.0 9.419012 29.998018 8.780132618435667 8.52440476439651 3.69901918531754
56100.0 9.105294 29.181602 8.645562384255765 8.334615838083344 3.7176274747897886
56200.0 10.669211 31.285028 10.345106107680193 9.951797537512183 3.6431539351890443
56300.0 9.472093 28.510970 8.7448114981488 8.590069937935775 3.3018432196656358
56400.0 8.225195 26.118173 7.9359183999674965 7.664677441060287 3.6922523834174132
56500.0 7.850361 24.731498 7.996716527740024 7.43108012689096 3.8191630516470405
56600.0 6.714797 17.621614 6.822974202354342 6.458698003849422 3.8720493566760514
56700.0 6.923049 21.931907 6.954927719146253 6.519195494694224 3.783496497886031
56800.0 7.069065 15.236274 7.163421319831654 6.772797850616734 3.835502732299912
56900.0 5.919336 14.612136 6.29096719473847 5.812866514801091 3.677026737030624
57000.0 7.254064 21.387104 7.21578541675219 6.954652709657262 3.531930774448782
57100.0 7.075291 21.746884 7.141483793929557 6.729892908539829 3.340405774732964
57200.0 7.302792 19.207675 7.325304969202382 7.1351542137367 3.6008764998409784
57300.0 7.115827 15.798763 7.367639334819534 7.04551831820209 3.284359113229887
57400.0 7.428808 20.355041 7.750816173551156 7.27864304921635 3.3455976815198136
57500.0 7.513079 21.843693 7.600991348330873 7.299459585892996 3.6543267879111894
57600.0 6.623121 20.068892 6.905281453296486 6.438490835806605 3.5556086031422165
57700.0 6.691160 17.705203 6.879816019294471 6.556978879905895 3.49516797343165
57800.0 7.983420 22.750192 7.831688926810716 7.565340567205279 3.613132978852936
57900.0 7.532007 16.538680 7.748411860102984 7.507168290249725 3.364638368428287
58000.0 7.955011 22.099601 8.079352480188977 7.779002288110182 3.557123225316957
58100.0 9.261922 30.492596 8.407100391079519 8.244447609224304 3.6558711803383552
58200.0 8.954233 28.266187 8.782802066312755 8.442795135215682 3.725110187977598
58300.0 9.175373 28.409135 8.71845775287781 8.503996593712376 4.012690937519202
58400.0 8.719280 23.837854 8.21713585114847 7.9903716826761615 3.4996246280417087
58500.0 7.755085 20.774934 7.807347593903448 7.422413013454065 3.5676092280864835
58600.0 6.869233 19.415286 6.75081898737448 6.671579113096122 3.6641753846812377
58700.0 7.788631 22.767940 8.068031161517668 7.55051788193777 3.4013268912183254
58800.0 9.360116 25.311295 9.152236521532487 8.869161973126461 3.4203464209301724
58900.0 9.027408 21.829502 8.920218207776191 8.637680722782083 3.6827440393334343
59000.0 7.425778 20.546232 7.576290128001409 7.1822828828680185 3.6833491904261253
59100.0 7.421689 22.692395 7.3443955174730675 7.085863127964046 3.6552751496506612
59200.0 8.093587 25.236880 8.042285352964338 7.601362249904068 3.575968339558389
59300.0 7.517052 22.456708 7.644345832795458 7.148607313842622 3.6958461086426317
59400.0 8.200113 20.760348 7.925273951316928 7.799379060216282 3.5023086669161616
59500.0 8.597091 23.422534 8.190539893534234 8.096659160098023 3.3516202805945787
59600.0 6.968902 17.559728 7.061475805315015 6.794979692354128 3.4087967355725732
59700.0 8.144926 24.656676 7.83300045643933 7.550979954726625 3.185007911903208
59800.0 8.798388 24.104869 8.733996368867983 8.280427810649316 3.5896236735920812
59900.0 8.993309 28.883912 8.553660333190242 8.360991766216486 3.5636356211691673
60000.0 8.287233 26.586479 8.11677954367473 7.775892002929525 3.581157411026841
60100.0 10.009544 28.036372 10.020921646358543 9.512413752998269 3.72283465884091
60200.0 9.526279 27.611971 9.293718629260033 8.928903591485513 3.4962806092963463
60300.0 8.214185 24.942928 7.967099863177768 7.678519293978281 3.39573945498266
60400.0 8.066295 22.187122 8.120190448795697 7.815529979421513 3.3405732681098934
60500.0 6.754824 17.896699 6.841716050580192 6.527451390436315 3.933952340246702
60600.0 8.071343 24.832794 7.791659182403394 7.567564696396644 3.753887313549912
60700.0 8.179348 24.895976 8.160113891398748 7.793318728378864 3.265771878533307
60800.0 8.259288 25.662328 8.41831381468583 7.987942972327674 3.6707544576092395
60900.0 8.475963 18.729254 8.394020307442855 8.13477136998201 3.597291791670299
61000.0 8.220962 23.186970 8.378282524113901 7.976815449663286 3.9601797526831155
61100.0 8.317850 25.201711 8.254652269312098 7.755645168745376 3.808244151226921
61200.0 8.275788 23.562137 8.018151130769727 7.847209861406775 3.7369826789490532
61300.0 7.293158 19.022780 7.361616855463929 7.184878322640226 3.658227717111803
61400.0 7.463090 22.807965 7.76888371129699 7.382906993510202 3.4162251920317015
61500.0 6.416984 15.368880 6.716021371594588 6.377922737317415 3.245824251149388
61600.0 6.312793 16.581026 6.144461167863824 5.9678410685288386 3.7781872924379307
61700.0 7.390660 16.527826 7.580595284207525 7.289162069615293 3.55371768127863
61800.0 7.527780 22.776213 7.501989730166632 7.168689147298657 3.4845155159062764
61900.0 8.543148 26.969525 8.125090877165029 7.809172645000112 3.6750093275947693
62000.0 7.918509 25.474192 7.573227222560342 7.198610886107529 3.3950169872684217
62100.0 8.056277 26.821555 8.231540468234941 7.6167705281729505 3.4997744385281595
62200.0 8.424563 24.553398 8.465393280512915 7.990534002468022 3.7421578215690205
62300.0 8.421261 21.492380 8.561573878087465 8.072737648186294 3.3820269069246587
62400.0 9.132620 29.573952 8.685651579473886 8.320299257493126 3.861077027369628
62500.0 8.680941 23.996383 8.237320839043008 7.902791498697759 3.6396966452626907
62600.0 8.784097 23.656740 8.46105582713898 8.223134540868346 3.494935960712502
62700.0 8.140824 25.080994 7.953799412617289 7.5669649689293905 3.656007610727234
62800.0 7.882764 22.449649 7.515590303428979 7.350202950553033 3.9703444569182795
62900.0 8.646694 26.799078 8.21712322998973 8.20831096084774 3.7794785297370534
63000.0 7.101395 20.812553 7.445471446961115 7.000486966014958 3.7876011511743966
63100.0 6.485653 14.844180 6.847950783596665 6.408133331983061 3.8469198806775218
63200.0 8.558166 25.048017 8.333015297931064 8.007594615102409 3.4436726240960533
63300.0 8.514882 19.061023 8.239681377858176 7.984543892237724 3.5636403299532975
63400.0 8.584437 22.244343 8.870421020219018 8.345510824534568 3.631503911215252
63500.0 9.292726 28.129972 9.066586223744162 8.714804681010913 3.6628008800943097
63600.0 10.337216 31.708840 10.013543836679283 9.711715229183136 3.7275049063500525
63700.0 10.454805 27.841920 10.066282846965514 9.759790143499359 3.5208463172000677
63800.0 8.817967 26.513237 8.535046257816072 8.233064786812186 3.7041867606578127
63900.0 9.225389 26.174859 9.090169298405202 8.631394946443894 3.555972342323684
64000.0 9.542522 27.784902 8.975783425780264 8.789774377375652 3.7490967622662397
64100.0 9.020200 27.892480 8.796244105129572 8.51301626687359 3.7175012745542904
64200.0 9.380653 26.660194 8.980982763179519 8.657135157925916 3.3560627718826894
64300.0 8.379688 23.166750 7.9093716611536475 7.878408408224759 3.784924928874361
64400.0 7.528355 22.224448 7.299383906979884 6.99794999889165 3.4979371197993436
64500.0 7.021028 16.457272 7.417402065921501 6.869161233743968 3.4204975921176866
64600.0 7.682429 23.214403 7.154020513117286 7.19532380062708 3.4582517011443317
64700.0 7.834658 23.109529 7.480375633061333 7.13902390676191 3.642999401845709
64800.0 7.877278 21.388508 7.688730154674321 7.421971881419043 3.6556160260717365
64900.0 10.024889 28.104720 9.807944176021229 9.396264405781274 3.692867243032675
65000.0 9.511430 28.710166 9.213954196282401 8.821179729094975 3.341115088333008
65100.0 8.664063 25.899142 8.5576549735841 8.343236498467466 3.63857612874101
65200.0 8.130252 20.508704 8.0242731444884 7.7666527743352365 3.64272900455738
65300.0 8.517295 23.924069 8.18688036859688 7.835590844240723 3.339465126200336
65400.0 9.008178 29.494306 8.79078024137146 8.406300886101821 3.4339122625529135
65500.0 8.615158 24.130179 8.807658085633244 8.360369720140495 3.67572693054562
65600.0 7.367928 20.067744 7.381350311215532 7.14148991955836 3.6137810578185694
65700.0 7.172867 20.313031 7.150510156564231 6.850194881137691 3.979868303488896
65800.0 6.838165 21.113047 6.719685865294858 6.489336988994591 3.5954849052701805
65900.0 7.201770 17.655133 7.110529657569308 6.889728718040281 3.8336548087398348
66000.0 7.917558 22.010178 7.69575760315397 7.562403156263885 3.34395836600265
66100.0 7.185271 19.734554 7.429739327831372 7.085257232317968 3.6146240294188297
66200.0 7.797173 13.784698 8.381276555567858 7.9222014624472195 3.33093615614734
66300.0 5.779833 10.318569 6.054868246540267 5.82631358784655 3.7598843446233206
66400.0 5.807445 10.504151 5.947984690111941 5.825915987994824 3.4202879560050796
66500.0 5.396631 15.228252 5.985045759489454 5.538384398155661 3.4053170316088264
66600.0 5.634546 13.180220 5.965073230794638 5.739711963369136 3.615780385268792
66700.0 4.524860 11.719389 5.159511743396346 4.563988723127384 3.8345536478750053
66800.0 5.821683 18.381422 6.21587793044782 5.781005917916347 3.7646415085157368
66900.0 7.018070 18.344806 7.079152942102152 6.813512734638567 3.5103587924229718
67000.0 7.578217 18.068918 7.785664924500953 7.414734713450808 3.2410607226754142
67100.0 6.886726 16.626265 7.112351076082963 6.726587033729127 4.049782709775638
67200.0 8.611719 23.951453 8.494289216580912 8.256108894828735 3.6909184226293186
67300.0 8.045373 20.995112 7.9365920874159 7.662501466104555 3.47343644284605
67400.0 8.501902 25.709061 8.220845753349447 8.015639586426826 3.643019574137664
67500.0 8.230073 25.910058 8.011014266631502 7.624826061629387 3.569551067272566
67600.0 7.434200 20.250599 7.446884824507704 7.0292423242102435 3.6702125883469274
67700.0 8.390521 23.573037 8.168276150715332 7.750745479101029 3.7369100873834755
67800.0 8.461298 18.232120 8.749023068467228 8.260762778341574 3.298988271502661
67900.0 8.405533 20.736096 8.549848445613733 8.190184296214401 3.7536481496791088
68000.0 7.820861 21.450845 7.9207882873857445 7.494114149030607 3.156407765895409
68100.0 8.806815 22.169218 8.346714950885953 8.262272608421258 3.4378969975111286
68200.0 8.475820 19.928892 8.489969762670649 8.204891424295255 3.6172429077517085
68300.0 8.303963 23.399150 8.23143611967942 7.8439012480048005 3.731542301209473
68400.0 10.087390 32.971574 9.25180560241513 9.108665775968015 3.4075177642549543
68500.0 8.348118 23.831256 8.474702691660152 7.938814379225519 3.7340416484514947
68600.0 8.000000 22.110398 8.134963863560465 7.771486496072157 3.559198431453987
68700.0 8.644943 23.018415 8.913110038009242 8.482446472977204 3.636105966838378
68800.0 8.588945 27.294418 8.44388550325181 8.129778274909688 3.350264518384032
68900.0 8.809670 24.988969 8.651582535096 8.342924131456028 3.6588799598436768
69000.0 9.684550 29.601984 9.609411652230191 9.16947546473597 3.489429068786082
69100.0 8.743706 27.126751 8.394859742156008 8.118832243471559 3.6046375212386605
69200.0 7.879086 21.998173 7.518670567630251 7.332770327024892 3.6718467958257817
69300.0 8.005868 25.927048 8.084739110147437 7.700752453889319 3.5965945731966933
69400.0 9.374175 28.690101 8.806877756898196 8.546760311751928 3.696595148244616
69500.0 7.909691 21.921023 7.447833293029838 7.349036240568687 3.7982828688427515
69600.0 6.257013 13.395917 6.6790462261734165 6.30854165865573 3.7448249029095004
69700.0 6.625017 15.110864 6.971741967417865 6.611534419902799 4.040404758526218
69800.0 7.293759 21.347177 7.308241540575076 6.843009837265461 3.7946583322359704
69900.0 7.511270 23.715994 7.344505553497442 6.94125368351837 3.519358780995038
70000.0 7.934688 24.217929 7.971609330935491 7.56312589276605 3.5572672174646613
70100.0 6.955267 18.978031 7.027707128009424 6.613190758158082 3.7118721133168613
70200.0 7.141597 19.979737 7.182695150575469 6.83104810732793 3.494857498127349
70300.0 6.690146 22.387419 6.887645053318117 6.496280397523435 3.7921331720246005
70400.0 8.051213 24.764597 7.590255793717676 7.3726980294869 3.5461095627974246
70500.0 7.906165 22.344592 8.035734771006746 7.581391997482338 3.7685021392416256
70600.0 7.344324 21.949290 7.218677084759827 6.948719178338711 3.262648617316902
70700.0 7.132209 20.178778 7.252009970311129 6.944321965353648 3.3469093092388142
70800.0 7.751513 21.234900 7.705132040880921 7.436015913465991 3.383073295965362
70900.0 7.388735 23.511097 7.178445761670778 6.771440525473587 3.737094230380922
71000.0 8.948271 25.336638 8.571995992857282 8.390887586605292 3.582281923512899
71100.0 8.658176 24.815980 8.732202301371736 8.385502751144662 3.4506850013055606
71200.0 7.693368 23.875323 7.22647940169898 6.979097341850039 3.8653075426662196
71300.0 8.198826 23.309856 8.3488249968711 7.822751636341093 3.708160384325893
71400.0 6.624101 21.387892 6.574488514849495 6.243769172544206 3.579970643785318
71500.0 6.313288 15.270460 6.439978094602046 6.058075231075623 4.054164385430511
71600.0 6.704314 14.056191 7.030971890991522 6.664989057231319 3.8922008887779365
71700.0 7.352973 18.171669 7.679878550347552 7.159391088518439 3.8068414532997887
71800.0 7.401626 19.099522 7.334843408269404 7.12692223497537 3.5878037685236905
71900.0 7.141558 19.314640 7.183484117963689 6.85609957725427 3.5983497095821475
72000.0 7.526246 15.172344 7.894829789992942 7.382212163509555 3.7905540146541363
72100.0 7.427373 19.249844 7.533845077924862 7.1177419559064345 4.122942906057427
72200.0 7.892342 19.365709 7.921138481532483 7.630133999389511 3.688191622563713
72300.0 8.531703 20.958045 8.325531837164549 8.001187364229548 3.57087996272151
72400.0 9.997997 27.170412 9.28895165674506 9.153765801670588 3.582923068001038
72500.0 9.215253 24.475367 9.047159499938612 8.639061906783247 3.8538160242526285
72600.0 8.483213 25.452947 8.36992376974881 8.013959629284168 3.501806647378885
72700.0 8.198353 23.921835 8.096491676503279 7.77701535455524 3.79220076534101
72800.0 8.172376 25.681102 8.249311837432522 7.814354264759061 3.6983467282616407
72900.0 7.082381 19.664145 6.9559422073338375 6.689055551674348 3.7783100148432593
73000.0 7.998226 25.225659 7.779593189116672 7.5033323534618 3.169687829378794
73100.0 7.856280 21.097669 7.965805210522647 7.511344266144845 3.930688922037665
73200.0 9.621536 24.564837 9.215886572627628 9.038663690439616 3.44680540065282
73300.0 9.675004 29.340458 9.08155931727923 8.868842418011774 3.36693893973404
73400.0 8.113698 24.054895 7.975388518808909 7.669630799093767 3.5581197623117173
73500.0 8.924690 22.600508 8.94197828507821 8.589921255101336 3.531573284927281
73600.0 7.718210 19.900501 7.73243960200324 7.43442895488246 3.561910490775921
73700.0 8.043276 19.905305 8.257582316223933 7.7989749464685305 3.611854478931665
73800.0 8.089429 19.070626 8.081355930488526 7.790888225546433 3.5326463950119997
73900.0 8.128441 15.939242 7.874582913146714 7.6816636999736225 3.5254822818131903
74000.0 8.130451 27.490934 8.275025660164339 7.747117151612595 3.3921446274930553
74100.0 7.993135 22.769595 7.846787727089478 7.455301413532966 3.541798762704983
74200.0 8.075033 23.227531 7.82776391862856 7.437253628739499 3.6089904994249173
74300.0 6.863501 18.985917 6.824676547772181 6.51623533942234 3.688047953539392
74400.0 7.153917 18.666986 7.307940672406952 6.9500013619296475 3.631754773825366
74500.0 7.317263 19.125553 7.343010076574521 7.080768151806812 3.5604539230970484
74600.0 8.767774 23.970426 8.959681463885694 8.480950468988306 3.6708621539843964
74700.0 8.739573 20.609841 8.778174988271745 8.411973489216393 3.40333253952184
74800.0 8.662234 23.321527 8.48748025534725 8.307088443559884 3.499790940859264
74900.0 8.149077 20.892162 7.983102241749833 7.833959545056406 3.5093448896962354
75000.0 8.358261 23.508688 8.341640913279138 8.023659145046384 3.66156511559646
75100.0 7.060676 22.065232 7.187826799866587 6.675298081141535 3.47147171811061
75200.0 8.458250 28.521421 8.046495896692361 7.796360568955353 3.398294465373749
75300.0 8.542949 23.135476 8.366378742017488 7.994395973351072 3.585562989118091
75400.0 7.977290 24.739887 8.287793669408034 7.686549275226498 3.433637169730833
75500.0 7.451599 18.963899 7.193260371846418 6.897550885194283 3.7163592322300434
75600.0 7.866377 20.670430 7.846675478699889 7.535848094748051 3.1928003109015313
75700.0 8.360305 24.483920 8.207007835849671 7.972873420483462 3.8602498632901123
75800.0 8.396830 27.686902 8.160407895274949 7.833649366759107 3.835220532378274
75900.0 8.937998 23.226595 8.546961637373787 8.27736016975124 3.6951238811351854
76000.0 9.224999 28.152620 9.091726080297263 8.68474632305758 3.69857208070313
76100.0 9.106477 28.745236 8.671463651000664 8.392558578463355 3.2802801597321603
76200.0 9.995108 28.641347 9.5103424951794 9.140010961748876 3.383713368919485
76300.0 9.634500 27.067263 9.039209989788965 8.802975364641458 3.5959955720133894
76400.0 8.883103 25.353188 8.538292646805207 8.259672173358368 3.80815483015546
76500.0 8.220313 24.922445 8.168974130885411 7.747170857352452 3.7400392934710984
76600.0 7.172182 20.374880 6.832427151013064 6.586957699978437 3.9346134011994236
76700.0 7.205303 24.818487 7.312641089439712 6.836551317140822 3.5702980008488647
76800.0 8.160694 25.957584 7.6693653975704414 7.531472297080331 3.726233800559715
76900.0 7.371666 22.067194 7.527516543686253 7.127336414670438 3.812360218947222
77000.0 6.947279 18.937755 6.865554188213415 6.669718735527759 3.5148866442744833
77100.0 6.593770 16.590225 6.7079071615898584 6.481764677545203 3.5275231336591317
77200.0 7.914751 23.138729 8.143307361409175 7.777362106328467 3.836273027828411
77300.0 8.808864 22.666672 8.722151492951758 8.389075914324174 4.154902528486717
77400.0 9.008097 25.173931 8.835575326099525 8.415698929040955 3.6277208919615522
77500.0 9.333022 28.489390 8.811212225771328 8.438015615763717 3.7087657440858486
77600.0 9.092743 28.145039 8.795323496625262 8.595307524441585 3.31263681823493
77700.0 9.086460 27.012771 8.657404280227533 8.326768025751779 3.5522304031293674
77800.0 8.347043 27.339258 8.246436648877605 7.954617361207593 3.5690609687069914
77900.0 8.633916 25.327669 8.45135588687455 8.110447964152623 3.4594635267349747
78000.0 6.875338 19.150868 6.94066335079825 6.541668839512467 3.7593605681090105
78100.0 7.954852 19.246830 7.654571425687237 7.556327833531954 3.7366771229344815
78200.0 7.100410 21.416142 7.068646499561226 6.620719108339888 3.7825653930720144
78300.0 7.834971 21.193667 8.19598906894133 7.709085249009421 3.5577096380190425
78400.0 6.847474 17.529365 7.352528825548886 6.742148197329569 3.536343676728721
78500.0 6.860403 21.095497 6.987745778067737 6.364277789048183 3.9928988681866087
78600.0 8.027119 26.982494 7.675129843691122 7.385399971407852 3.7947929372069518
78700.0 8.747196 26.187155 8.553289510234361 8.141063899773913 3.4634838683749964
78800.0 8.399278 26.769651 7.881744324855383 7.625390635718482 3.786731529827447
78900.0 9.066301 23.433380 8.796307227616065 8.59328160269562 3.449163475281358
79000.0 9.714862 25.443802 9.277653454642238 8.975494154525956 3.5496982757149986
79100.0 9.278108 25.635451 8.817858003512736 8.508356095952873 3.287575808939687
79200.0 8.879321 26.843094 8.453682066069057 8.220695857933325 3.6301272442377477
79300.0 9.377784 29.712447 8.812832431704468 8.592658372443026 3.570737976770875
79400.0 7.926647 25.635719 7.375523246793245 7.096416585458852 3.6860520911620203
79500.0 7.814223 22.686050 7.682439612814971 7.254686910684605 3.931764938869696
79600.0 7.368266 22.685018 7.174423985420971 6.838425820980498 3.6542467271002876
79700.0 9.051451 27.422059 8.66227222557127 8.353901369452839 3.8684282752756283
79800.0 8.436440 23.690354 7.736949271101847 7.686753123334486 3.3299398340073862
79900.0 7.532803 20.794420 7.324981198143425 7.047696576779792 3.5487680529953693
80000.0 7.428798 22.616182 7.5457676393195765 7.076395657546152 3.5490658398872617
80100.0 7.478400 17.014238 7.219512952086093 7.133594657308645 3.3409377327180634
80200.0 7.981614 25.419946 7.601262158831762 7.489067023517797 3.7257911506889663
80300.0 9.684556 25.716867 9.729323152089911 9.275172618954464 3.4335523514299418
80400.0 9.163027 26.458659 9.286648785979668 8.828802300949233 3.6180771739007187
80500.0 8.251783 24.335470 8.22084223155796 7.936941780617202 3.694796833371111
80600.0 8.193014 24.763326 8.28496926093771 7.8436317750848294 3.552264682229971
80700.0 7.509257 24.470766 7.395770240320794 6.982287834545405 3.5621340946862343
80800.0 9.996542 30.306134 9.438739673765092 9.025361493646471 3.4919460493837833
80900.0 11.513440 34.060434 10.798833695684694 10.546824401714968 3.633283278281371
81000.0 9.626067 30.659846 9.367468931336168 8.984784619461761 3.519615356674132
81100.0 9.350792 28.714260 8.94189983611835 8.618867139111833 3.739430065245462
81200.0 7.959079 26.194755 7.584513976296873 7.355823226969676 3.2616489015351697
81300.0 9.117596 27.960044 8.744552677966098 8.414604114498243 3.4908537355996456
81400.0 8.822159 24.262460 8.63969917710343 8.277440375843037 3.302018053394002
81500.0 7.875523 21.183646 7.88460048490631 7.736167913841193 3.5335364631021267
81600.0 7.724324 22.637858 7.573633201211041 7.422929567654216 3.4299431888246774
81700.0 8.659130 26.178217 8.360390106794156 8.035321281363668 3.4943475579870302
81800.0 8.392214 22.067421 8.151841659707216 7.826013043435483 3.5537844843436264
81900.0 9.019526 28.318944 8.59179063309602 8.387201686729131 3.667946457337545
82000.0 7.408717 25.771954 7.28488351513631 6.921520886395604 3.5411800879880775
82100.0 7.138428 18.973140 7.582722452748375 7.015256495211542 3.64007983404183
82200.0 7.499208 17.982324 6.943721547762314 6.966717889362294 3.456444760552842
82300.0 8.412295 25.453154 8.188926308181564 7.880087887843569 3.513110921106079
82400.0 7.838530 25.737866 7.428891021283742 7.232035530314642 3.7689343970695366
82500.0 8.341586 28.775752 8.151238483133083 7.813858355792519 3.7357396956302265
82600.0 7.894048 22.424635 7.710684880623269 7.419920897669129 3.7542236114537624
82700.0 8.784951 26.460452 8.412360491082161 8.09232956852478 3.4077408451224627
82800.0 8.840516 26.384402 8.563630780775936 8.24632710699586 3.553910956062177
82900.0 7.196552 21.015831 7.352653922969957 6.905095804754466 3.7103632863663245
83000.0 10.026465 30.762654 9.58935032237144 9.276126381482284 3.422248346445834
83100.0 9.444330 26.937504 8.95253993677813 8.699740808081762 3.7495186454869747
83200.0 9.831473 29.475625 9.54370855326836 9.196187447105913 3.4737730715275297
83300.0 8.853426 29.565511 8.688442331847991 8.270868883476641 3.6868720671256234
83400.0 8.226756 26.980844 7.7514715555820555 7.592638727467023 3.348911147258054
83500.0 8.012488 24.332643 7.820043639692484 7.6634056978198535 3.6799695563786097
83600.0 9.146132 28.625184 8.925309004016647 8.575727212556583 3.793847266984495
83700.0 8.779197 25.288269 8.696511714561701 8.255644079591276 3.674830902641241
83800.0 8.394376 26.951310 8.158511241841211 7.776120409012475 3.671534650338251
83900.0 8.322154 23.455547 8.656223419890372 7.979619743606154 3.391202791183655
84000.0 9.256411 24.240869 9.16681624044096 8.87949926233954 3.699843538219912
84100.0 8.129489 21.352448 8.198347846809453 7.9393846709338805 3.7903629914797032
84200.0 8.108581 22.141001 8.014585021944914 7.715240565228929 3.370046522602901
84300.0 9.141545 23.002701 8.872504301001452 8.683005610397883 3.6695978675763485
84400.0 8.908505 27.523348 8.953185992474632 8.55054851031081 3.4822850005841035
84500.0 7.993028 24.316427 7.843448477936272 7.588693528098981 3.757230303480959
84600.0 7.390998 22.466314 7.5948853946909765 7.2792964077484665 3.4700354284607755
84700.0 7.744076 20.413203 7.661190506160863 7.49745421391346 3.657871651782744
84800.0 8.173949 25.345713 8.088007344427712 7.7084873003333145 3.410603030686493
84900.0 8.372875 26.628707 7.8203270291950915 7.635571947867137 3.773051283420792
85000.0 8.413735 24.005641 8.24970565971812 7.974386523350948 3.6456607862732033
85100.0 8.290953 22.214476 8.262561432258263 7.989698196610484 3.5864514683168207
85200.0 7.479150 23.046910 7.0179761183499165 6.92138705648085 3.678801939272472
85300.0 9.088729 25.422133 8.797607240217513 8.647840995309046 3.6657225784497207
85400.0 8.012750 23.049826 8.141722004462752 7.635045139267112 3.2776509928930766
85500.0 9.605996 30.939817 8.956876423984475 8.684913349117474 4.063709706735053
85600.0 8.563065 26.175152 8.538303399847377 8.13221416898846 3.46608308473339
85700.0 8.223334 21.175474 8.180797766453313 7.9589998481623505 3.795664698097665
85800.0 7.620162 22.898262 7.10648475495123 6.984939902926294 3.351794298023697
85900.0 8.330631 28.289862 7.8883949901865025 7.565272339419155 3.575872599759786
86000.0 8.562521 24.547716 8.316361135687563 8.034567205174215 3.628117226661122
86100.0 7.643986 22.592864 7.720183837405035 7.387334123673395 3.690382767125656
86200.0 8.309033 25.989131 7.932038137763225 7.664708549258222 3.4297264228127156
86300.0 8.296693 26.155534 7.872493512265053 7.684323867016267 3.604869415803037
86400.0 8.289176 22.834660 8.008528256229527 7.690458390216477 4.145928861994256
86500.0 7.928057 19.059119 7.890166690907154 7.599471793641036 3.294657977579275
86600.0 7.202602 22.402428 7.289080122863453 6.789437972861686 3.8137227781470906
86700.0 8.111845 24.494898 7.967275257504616 7.64880451861923 3.6741553297364016
86800.0 9.313328 28.432358 9.00677807535358 8.791480470152951 3.3930003172668686
86900.0 8.333790 22.754311 8.231868061207258 7.894381318342066 3.2115507274280666
87000.0 8.551505 20.749785 8.398649971840765 8.163111229673165 3.4342851991530687
87100.0 8.660139 18.343769 8.478125158301944 8.214289553470424 3.6573691366702774
87200.0 8.527659 24.525780 8.486861105604637 8.104450474303022 3.4476438418844877
87300.0 7.304070 21.388543 7.086022605221374 6.877432373538275 3.313783507317996
87400.0 7.379145 20.837218 7.432178462829992 7.311463535704109 3.4512069231681894
87500.0 8.399355 26.788323 8.054328822184807 7.881613306635894 3.5630919018641514
87600.0 8.347383 23.336881 8.523036037493801 8.072533582939984 3.5587112866931965
87700.0 8.898182 24.827626 8.865001409554315 8.468565672028861 3.556703621079996
87800.0 8.182442 27.674840 8.294118808795774 7.763273737668545 3.5505633574051267
87900.0 8.667650 24.700498 8.434109973762405 8.18619226972872 3.6057395477415337
88000.0 9.907421 31.404475 9.748535429626815 9.240193374145365 3.2126173774610436
88100.0 8.881732 26.340720 8.414560363811729 8.13815596630311 3.639912348400983
88200.0 8.990870 26.173070 9.275530232618726 8.717751255957724 3.78549267366959
88300.0 8.646288 24.808477 8.45294667021361 8.159788296012833 3.4681721274115835
88400.0 9.444740 28.012114 8.74588100824987 8.722792583886424 3.5882753815691415
88500.0 9.251392 27.711240 8.75752220022624 8.546302474450247 3.713927225029699
88600.0 9.087403 26.973720 8.916665297058993 8.606368729851058 3.463655685520238
88700.0 7.955117 21.381515 7.882080506280483 7.45224658799028 3.5405785513585255
88800.0 8.903198 22.616619 8.670495408427062 8.469426972267224 3.618270156124025
88900.0 8.544132 28.392270 8.254688354225117 8.010718408235014 3.566904905682139
89000.0 9.110749 26.942097 8.935682773938938 8.560122978120127 3.8413979773455758
89100.0 9.760883 25.032403 8.965537510554569 8.989647632874155 3.5620748039177466
89200.0 8.978519 29.598861 8.991147974128166 8.427679216036108 3.6273153611493223
89300.0 8.133695 24.590222 7.9191131333946565 7.610233113524406 3.5578906597428808
89400.0 9.372939 29.310544 8.931055204759996 8.691682023698805 3.5434260396985406
89500.0 9.235594 28.919355 9.079333417083365 8.832473035788984 3.6966570046964984
89600.0 8.650876 27.250470 8.35464011858239 8.20727288466733 3.8221585018965856
89700.0 9.075508 29.215381 8.8632123058265 8.450405071244143 3.6923076235624723
89800.0 8.947068 25.122150 8.449226262699616 8.302447897992447 3.3195071892831045
89900.0 9.138837 23.940871 8.785416459933423 8.429894720009358 3.6015067283213784
90000.0 8.744133 24.342708 8.096991503133497 8.007565873803006 3.6122838562349475
90100.0 8.308364 21.232040 8.065323227755357 7.799190964806684 3.5640729018149573
90200.0 7.792262 18.282158 7.706027904858028 7.242942129601063 3.5860293479537457
90300.0 8.078805 21.767322 8.342732980002813 7.802609610769208 3.3753920457667483
90400.0 8.055663 23.086783 8.223930034221079 7.795040365312592 3.6761424934178697
90500.0 6.888803 17.125933 7.045023058228709 6.56330635787128 3.736513369256274
90600.0 7.053026 21.028062 7.351832924814196 6.905045637247613 3.805748952118305
90700.0 7.382977 20.465443 7.402625848848807 7.154363199163578 3.801070528916664
90800.0 6.794116 19.319325 6.835631848359385 6.533507316497594 3.5690230612356455
90900.0 6.991716 14.498861 7.428722792654135 6.959663683107815 3.8699923650821275
91000.0 6.341993 17.222950 6.534100781154921 6.204202327677208 3.2206885345238696
91100.0 7.390103 22.088286 7.361341766338445 7.062498260523222 3.6394419282249975
91200.0 7.745040 24.342732 7.440235841199992 7.152690319605666 3.458979662246696
91300.0 8.108901 25.606779 8.03607880478469 7.591993770696687 3.707813706863116
91400.0 9.266854 27.919178 8.921316354016966 8.666873129591337 3.3924276948596477
91500.0 8.818561 22.428415 8.492872798411124 8.249291325800895 3.4278195217392082
91600.0 9.174244 28.534328 8.602502971696891 8.490880236256642 3.5149685883552038
91700.0 8.628376 26.215759 8.462573723048935 8.148133549854979 3.577953588181205
91800.0 8.593812 26.899374 8.374382066763946 8.131407989812008 3.649715668814742
91900.0 9.286566 28.990856 9.023580464602972 8.580052378429746 3.347404717695936
92000.0 8.424662 27.004029 8.04724039062088 7.756450302957702 3.4094905376916262
92100.0 8.895883 25.060439 8.414233008785574 8.209802608160366 3.608270009242208
92200.0 9.887582 29.794163 9.370615915250786 9.090497268700922 3.3527984969100886
92300.0 9.280787 28.213587 8.589824620431155 8.432675424520456 3.6135230716159374
92400.0 8.622659 19.504644 8.291551817852874 8.143696697208224 3.7224765019285324
92500.0 9.099701 26.518966 8.613578918591056 8.462736138337219 3.8297470295935794
92600.0 9.100057 26.919665 8.885575491769618 8.472289565239954 3.427050959219154
92700.0 9.573353 30.281518 9.092795525851741 8.65115283831382 3.514406060207864
92800.0 9.886684 32.199715 9.344171551892588 8.984024392173477 3.481163830435462
92900.0 9.455354 28.868225 8.994359151841698 8.703600430606746 3.587983542669012
93000.0 10.367830 30.296305 9.915927851187213 9.573729234544478 3.629319698694906
93100.0 9.308941 29.283774 8.987591164230144 8.726781762039966 3.7811440079144334
93200.0 8.695822 27.641953 8.29421968683305 7.937549341775987 3.4388727470535043
93300.0 9.905948 29.156108 9.603962198253491 9.126926757393658 3.6192178502180705
93400.0 8.387972 26.405424 7.935359072160706 7.762679572600128 3.4189026345080182
93500.0 8.952357 26.889277 7.997955854440846 8.077099026354807 3.1139504765118207
93600.0 8.054605 23.764182 7.921881370380375 7.56770987440904 3.5749427501867923
93700.0 8.862117 25.120979 9.003774647638926 8.366229554833842 3.76048145146815
93800.0 9.484600 26.236354 9.114152403370754 8.823701777273964 3.304030079301211
93900.0 8.676648 27.886222 8.919487504816765 8.362316360946364 3.5220280550753924
94000.0 9.373100 30.589636 8.897999029078374 8.67943129991937 3.7339036774257273
94100.0 8.560637 26.876061 8.23698323821666 7.967374691214857 3.660519669405659
94200.0 8.470225 26.989861 8.276297254297454 7.954995346279623 3.8711259921352172
94300.0 8.999061 24.384568 8.785383680048069 8.590375101106748 3.8275251990190915
94400.0 8.662163 22.985333 8.190181881893874 8.04650131983904 3.8783081609579217
94500.0 8.696394 24.964851 8.326266218949188 8.175913246114932 3.9058936877431933
94600.0 8.971772 29.717480 8.25716704764471 8.110261577276002 3.537691474449697
94700.0 7.879032 24.955808 7.642830692651287 7.289701250753868 3.5570557382794026
94800.0 8.797093 25.684183 8.650605515941129 8.23091409151109 3.2853174494983572
94900.0 9.739318 32.895068 9.279731736570474 8.864550816098243 3.4429943106637637
95000.0 8.235519 24.611341 8.41941151396355 7.929331590113555 3.5032302986517596
95100.0 9.144560 27.696059 8.563075145958377 8.33384436730879 3.7398615889697986
95200.0 8.950411 24.859229 8.905108628877063 8.490288663856646 3.179936760344644
95300.0 7.806581 25.974150 7.5104600146337015 7.3060026634094495 3.2711211505061946
95400.0 7.950554 24.805925 8.2470087892749 7.828817869126427 3.3731562045403303
95500.0 8.681880 27.051753 8.397625681495002 8.158453465445847 3.4812615449907884
95600.0 8.343751 23.765452 8.44175174490623 8.119810195743463 3.674302584555483
95700.0 8.898203 29.433499 8.495858638828432 8.01974652751593 3.7725946101149916
95800.0 9.351221 29.835540 9.007655421756418 8.708080336976149 3.852205510767933
95900.0 8.240538 25.635923 8.37140368952337 7.891508080595968 3.4086066203272862
96000.0 8.062305 21.108367 8.135900758342357 7.829297338297463 3.7251538020673673
96100.0 9.016541 23.172116 9.033116521061757 8.684058385988747 3.53753801596859
96200.0 6.903038 16.444054 7.237653177150854 6.731792587493628 3.565007808495042
96300.0 7.440536 25.114650 7.73284863313341 7.10170593813763 3.9113752913150743
96400.0 7.977079 23.632685 7.951432014133002 7.614365609600674 3.5212023401610724
96500.0 8.089177 23.711189 8.064677262516101 7.64470163084123 3.659975677634841
96600.0 7.740523 24.593955 7.604088650034463 7.172116733449951 3.6796637695456633
96700.0 7.277345 18.576146 7.285201180397318 6.935841053692909 3.7490067514744156
96800.0 6.637283 16.001877 6.587084780549754 6.41417812496655 3.4861060872339413
96900.0 6.840828 19.976580 6.590116341276956 6.377430367150636 3.6617298088886767
97000.0 7.713314 22.705251 7.826302099668968 7.329019795006196 3.4751080713448457
97100.0 9.278368 27.297699 9.030451401176453 8.62663610179658 3.3231054379698874
97200.0 8.729012 24.247140 8.53203536418358 8.141443940089875 3.6888574999858306
97300.0 8.967149 29.867366 8.935044999596464 8.31549307575313 3.507843801469851
97400.0 9.979703 27.481732 9.336272468497953 9.088480251993966 3.6065560035345263
97500.0 8.875517 26.919958 8.372150040769407 8.109388213175668 3.9204587431272646
97600.0 8.334353 25.033659 8.26600089427538 7.920340633978726 3.6992901607975086
97700.0 8.130999 22.435945 8.163466649724185 7.901157843924867 3.4577497150224965
97800.0 7.863897 20.134035 7.487452412448934 7.43565910056328 3.2881962113186995
97900.0 8.267535 24.282899 8.002891395420463 7.822146398443371 3.745964680609111
98000.0 8.303477 21.877241 8.202491732334025 7.834658862466934 3.59074637775755
98100.0 7.898794 20.463227 7.8390304511355176 7.520519419455271 3.2962445669016534
98200.0 8.941379 25.734519 8.661575767567966 8.256707083267226 3.6592042574027333
98300.0 7.721529 22.335344 7.809638050506106 7.344053522099693 3.628400080153228
98400.0 8.377717 24.455128 8.105655483066522 7.818576686764844 3.8049826373764506
98500.0 8.672904 27.153054 8.568322086769577 8.190672598752732 3.5165600681573066
98600.0 8.595578 27.707559 8.550960092521327 8.013904707350237 3.333492782791465
98700.0 8.313625 25.784340 8.248629133085723 7.76177610998639 3.541706329800893
98800.0 8.952290 25.951403 8.272714867055626 8.07872334518015 3.6054638880974146
98900.0 9.901961 29.862494 9.369581209064444 9.089053440208978 3.841205199823694
99000.0 8.639560 27.257265 7.916135466783954 7.718829440478754 3.7334965290328253
99100.0 8.545807 24.200582 8.042841107995505 7.841960808309563 3.6863507135692584
99200.0 8.932974 28.234363 8.391419656201393 8.066394783392951 3.6341757939012633
99300.0 9.574824 27.598797 8.997159417832867 8.791643557051673 3.9047136042358006
99400.0 9.109249 27.596071 8.708085886674949 8.441125894799859 3.4680620246682454
99500.0 8.364233 24.975952 8.658910236477986 8.277785640724963 3.5153117979905617
99600.0 8.098290 21.420328 7.96117039740944 7.6831175715261875 3.903694017094726
99700.0 7.030780 19.617613 7.130940458986731 6.855828115241431 3.863768444660914
99800.0 7.179979 21.155358 6.999984716064458 6.768835540318655 3.9115316688498796
99900.0 7.794280 23.963364 7.348861376440424 7.12163928477137 3.314842945414886
100000.0 7.714330 25.252279 7.712833153277011 7.251070130422505 3.4691921471262357
