# t rg re s3 s4 s6
100.0 4.594488 13.322295 3.8953028713684446 4.069069690425403 1.6340910750109434
200.0 4.366172 8.608834 4.111163582350367 4.138557036401663 1.6477064275373523
300.0 3.150209 7.966969 2.940816128165838 2.9943629498606823 1.6112088847072492
400.0 4.237429 7.543933 4.034888378765452 3.9904572244412897 1.6823996160014023
500.0 4.723419 12.225778 4.310723821903567 4.353260955456624 1.6238462679730632
600.0 4.762306 13.485045 4.441588668351888 4.482036012391684 1.6190281985953234
700.0 3.914479 9.968786 3.655890750810978 3.711110213658029 1.6688300439625494
800.0 4.599408 13.217783 4.0553618107210045 4.0973074431351195 1.6461656174651373
900.0 4.258124 8.788839 3.9369766337193965 3.974666021065423 1.6428182803266824
1000.0 3.842653 8.837806 3.588062514474582 3.5255438113676294 1.543429639927165
1100.0 4.427346 11.074088 3.9913932854097496 4.004916592628259 1.5768888502786462
1200.0 4.897907 13.708491 4.4544992034723006 4.532694766680852 1.641013279433954
1300.0 4.491776 10.776457 4.178332850516763 4.1563541051998705 1.6349621528620524
1400.0 4.772257 14.332309 4.253773121231277 4.281331130798638 1.6068313097546345
1500.0 5.099258 12.779091 4.642062826116021 4.690243119388376 1.7545387146536466
1600.0 4.338100 9.704062 4.1795143618816955 4.192032385702163 1.6089626514660893
1700.0 3.213752 6.976244 3.1481461089696343 3.127995286852637 1.482080348589956
1800.0 5.006714 13.576494 4.437943335025361 4.560326638995133 1.602950156240524
1900.0 4.628908 13.185774 4.148805110371772 4.32736880090903 1.592268353133001
2000.0 4.553545 13.651653 3.9334444499096066 4.0804255333684125 1.5964232826363207
2100.0 4.413914 14.101194 3.9526694648966716 4.05563361530035 1.6027480454486411
2200.0 4.132889 8.794178 3.7700395307494787 3.853586037621398 1.5311598078254096
2300.0 4.803395 13.311836 4.388912653697624 4.409912915067241 1.633902686171879
2400.0 4.764100 13.722424 4.186913348169939 4.273754034032085 1.675274392048568
2500.0 3.636389 7.323359 3.3923272800824384 3.3473294637769437 1.5884849857970054
2600.0 4.136742 11.122259 3.6168704036663186 3.7850417397988685 1.6541771828805039
2700.0 4.630923 13.265891 4.290535323251577 4.330387734579118 1.6372110986647608
2800.0 4.829202 14.004183 4.275794402715676 4.370630187355878 1.5714516798702272
2900.0 3.209967 5.445490 3.1202965244637983 3.0962672646991147 1.5997900021445446
3000.0 4.008543 11.246403 3.649430471391762 3.7197476745113582 1.5783943243621315
3100.0 4.183559 6.717456 3.877649527600775 3.9214918800956724 1.6348143597664453
3200.0 4.965442 14.604459 4.419342821709045 4.493832557095943 1.6208448867783116
3300.0 4.084632 10.999318 3.737331014850215 3.7927018047430203 1.6191258708933132
3400.0 3.918052 10.965238 3.5942743014319753 3.6173191195048187 1.61859793685165
3500.0 3.803730 8.404054 3.488293772449403 3.4938392165357643 1.6486320485351378
3600.0 4.645529 11.934494 4.1131845695323825 4.209411476433716 1.580703998715082
3700.0 3.972387 10.324264 3.6240220190489016 3.6888834884165838 1.6078513675572335
3800.0 4.943652 14.587351 4.41602149619009 4.546449331165275 1.6271462429123125
3900.0 4.338058 11.460930 3.82048859462496 3.919975622966312 1.6808098003916012
4000.0 5.172396 12.983354 4.7577158478139 4.845402685419733 1.6831285742327666
4100.0 4.470016 12.013417 4.044710212740168 4.09176895115067 1.634423471085191
4200.0 3.323128 7.258455 3.058748421313898 3.0988201773870436 1.6174708880320507
4300.0 4.001236 9.736507 3.703264672291279 3.7286297452139654 1.6089993735685317
4400.0 4.390498 12.016898 4.0078290245843196 4.170889555202207 1.6387210438639206
4500.0 3.734480 9.507734 3.46798939357413 3.4428638752628338 1.5788995129492194
4600.0 5.300540 15.400745 4.603856905511773 4.717748204880644 1.6339715072148817
4700.0 4.558905 13.231041 4.170003488454595 4.236151087079981 1.645399863762804
4800.0 4.733709 14.288132 4.200895284270957 4.280644534911038 1.6994048171857479
4900.0 4.370418 12.662169 3.9285109793283786 3.9593447094406256 1.5378999217111164
5000.0 4.329416 12.042128 3.774189932639429 3.930321609534455 1.5716231641793474
5100.0 3.303048 8.706808 3.049054115375357 3.0561768927274646 1.6169330813364495
5200.0 4.964443 11.806113 4.668321726831902 4.650991966932361 1.6467750588049734
5300.0 4.724874 13.854616 4.206686932403754 4.264258540752913 1.6814590965574554
5400.0 4.003169 9.258896 3.8083883601845554 3.8323982153803677 1.6744676762162605
5500.0 5.203419 14.955465 4.692551417681718 4.79229300172087 1.6711372349785834
5600.0 3.893300 9.416146 3.5824391638657502 3.6172004428091054 1.5938888530588524
5700.0 4.491700 12.785434 3.9827368255704547 4.074513015570312 1.6061435042976306
5800.0 4.220664 10.825651 3.967930820512153 3.9366988741356215 1.6359795509372959
5900.0 4.866304 11.700434 4.438160294391794 4.469724893682776 1.5779130405691537
6000.0 4.099335 13.053899 3.6640625745475024 3.7526926657350237 1.5874745619450565
6100.0 4.831458 14.161348 4.33481100820337 4.4168855046382065 1.61715511726296
6200.0 4.561039 15.020411 3.874354525628604 4.015672092553522 1.6199194502398597
6300.0 4.448506 14.036124 3.8327828506011716 3.990119086038629 1.6493114880854016
6400.0 4.653314 10.840270 4.337363901749594 4.380328536899889 1.6484820545433208
6500.0 4.222854 14.271943 3.614240519704387 3.712613380046364 1.6236910874284274
6600.0 4.969126 11.925677 4.541115177505246 4.555947078398936 1.6562739008920018
6700.0 4.971265 15.482800 4.350600946507423 4.494155484728673 1.6188621093783386
6800.0 4.862634 13.684359 4.471335277098482 4.4992856982303895 1.646771570979265
6900.0 4.381035 12.148366 4.079702612226773 4.129271168862915 1.6748713081803999
7000.0 3.754395 8.804611 3.437623750351188 3.3873051885839236 1.67217297418139
7100.0 4.267533 8.748325 4.030362277997273 3.991143734229051 1.6939959728480805
7200.0 3.792805 11.181379 3.4481483007240628 3.5831892409828336 1.5754726707352649
7300.0 3.782150 11.754052 3.439304262053821 3.5089273089848425 1.5947208590140889
7400.0 4.576641 13.524957 4.160604987431713 4.196674181154975 1.6563845216285746
7500.0 3.671785 7.772137 3.464746948019297 3.493698784880788 1.6124913260234308
7600.0 3.632647 7.568847 3.4241527661894247 3.4276313528736533 1.6551317629329283
7700.0 4.097148 8.280558 3.92432313758168 3.978055179355169 1.6839812573051252
7800.0 4.725426 13.128699 4.229324468624902 4.2367733995581895 1.6060305025588857
7900.0 4.338405 11.601833 3.9071698277793985 3.9947471063489957 1.5930745913916764
8000.0 3.971230 11.455169 3.649611678933824 3.773089175589349 1.6103823483877469
8100.0 4.181543 10.240141 3.9919808515328326 3.9732397251428173 1.6415959768408093
8200.0 3.705956 9.277244 3.4128207438093288 3.4756753637963076 1.643505055742265
8300.0 5.761891 16.533613 5.016071126556267 5.186841882142734 1.5897537845829384
8400.0 5.953843 19.399487 5.08111030118327 5.2069373056706905 1.5861850539437137
8500.0 3.249088 8.190937 3.068797030921519 3.1029066313467717 1.6314598482547649
8600.0 4.088078 12.261519 3.626441565444265 3.7312855080618226 1.6123641439059269
8700.0 3.912191 10.099330 3.5092347906562806 3.594955543584961 1.5513434744740782
8800.0 3.844462 9.218635 3.4687438802688444 3.5131721035968684 1.5911255858320565
8900.0 3.877395 11.144050 3.5244736660575384 3.5980520654398154 1.6135582381873663
9000.0 4.466878 13.546342 4.010937539395712 4.066517203892665 1.6973292256786732
9100.0 5.306870 15.651879 4.691905552179588 4.804116889190167 1.628732883882932
9200.0 4.730577 11.902897 4.392051527495824 4.439918534979492 1.547428246978427
9300.0 4.015390 10.974460 3.700476136552801 3.765248606970584 1.6768056024910079
9400.0 5.061266 15.218650 4.549874348024525 4.601315787038375 1.6850481084895714
9500.0 4.637006 10.542603 4.317108868551399 4.352555169835859 1.6710973073697164
9600.0 4.194034 9.358567 3.9404602149964427 3.9872464870140703 1.6664944383087783
9700.0 3.453994 9.634937 3.0448537481960876 3.1199077039260263 1.6066354062977104
9800.0 4.751067 11.699195 4.3073564658216155 4.355361597388913 1.6528441574368014
9900.0 4.275749 9.572618 4.068567497479646 4.042674051202044 1.6385181348069804
10000.0 4.964820 11.995608 4.603513500009649 4.666325021382746 1.7127374041200216
10100.0 5.221237 12.892765 4.838921770385008 4.848599930806341 1.6632558283637202
10200.0 3.226736 3.838076 3.1537535016310807 3.1162363226582603 1.5015809337433461
10300.0 5.350223 16.857356 4.712677056694603 4.812870226062684 1.5931362943387672
10400.0 3.873218 9.324813 3.527329579789618 3.543696175369242 1.692560650229653
10500.0 2.838022 7.809004 2.536642472464862 2.6178006876815054 1.5783997445630216
10600.0 4.294053 13.545599 3.842064693703166 3.9197279713712048 1.6449209426928764
10700.0 3.944935 11.994810 3.6151355109861876 3.6184020825192067 1.5504225495413306
10800.0 3.747536 10.153352 3.4246291278846144 3.4907724280974306 1.6248105939781066
10900.0 4.887962 13.272268 4.46808716946992 4.573012161061922 1.618201364224849
11000.0 4.692291 12.736353 4.221151261880158 4.256831976925488 1.5924431043182767
11100.0 3.665640 9.158192 3.3576444013176148 3.438917254186113 1.62233824903096
11200.0 3.706527 9.515958 3.295734371215134 3.271059118236222 1.5824928041514872
11300.0 4.202787 12.107424 3.7346731930000763 3.816453270964149 1.6722243356119737
11400.0 3.909174 10.103079 3.483947636846325 3.5720341424398963 1.6929745057665706
11500.0 4.944985 15.160489 4.331600735624757 4.468092239774395 1.6769624391501432
11600.0 3.934210 10.940548 3.647858744242953 3.6816072544471 1.5869502572959873
11700.0 4.964301 13.566112 4.404321896562457 4.543082380498996 1.5940260813723093
11800.0 4.133629 10.569912 3.8696092242153792 3.953933607104034 1.6427559081498426
11900.0 5.001490 14.615377 4.366110898699163 4.495704861243325 1.7077460068439405
12000.0 4.532835 12.217109 4.067979098586578 4.134911795732088 1.6923000762575016
12100.0 4.036130 9.224807 3.671298313933931 3.7407844936950716 1.587384818531133
12200.0 3.349888 8.322921 3.1461694595295264 3.172027429860719 1.6673642837636706
12300.0 3.529900 7.838486 3.2399248232019615 3.270473114306799 1.68057009954933
12400.0 3.996171 8.347642 3.815166415490128 3.7877965820703223 1.6492317030696615
12500.0 3.982064 11.894289 3.593262355875619 3.618278003767181 1.6121168547469826
12600.0 3.793989 9.759253 3.444345351433938 3.5317725357784835 1.6362808666704745
12700.0 3.625647 8.859604 3.3952463311261822 3.439404653096461 1.6244852900368432
12800.0 3.010298 7.275171 2.7682248994395966 2.7959071142895735 1.6005536743503395
12900.0 4.630798 11.433143 4.2718681945976975 4.334530494057628 1.667049630335956
13000.0 5.279563 13.502218 4.819139913783647 4.839496591651781 1.6956718956696906
13100.0 3.962537 9.756763 3.6110073787169723 3.708369689816886 1.5376936026089822
13200.0 3.384687 6.849741 3.178740548806739 3.136982641331814 1.6602949046673845
13300.0 4.206105 10.083098 3.833711499621402 3.8407225006249406 1.6000106979411366
13400.0 4.197302 11.310121 3.8870414104906104 3.943007319510146 1.5657157612544916
13500.0 4.295470 11.752918 3.8592918442539967 3.9011508810402677 1.6363318653327548
13600.0 4.439398 10.584715 4.13762753440343 4.1464206265069565 1.666105546996661
13700.0 4.549086 14.846429 3.905078492481223 4.010745942079811 1.6644390340917465
13800.0 4.283618 8.077456 3.9732286051096355 4.051796441499282 1.5931342994303717
13900.0 3.690087 9.117906 3.4055793949375692 3.4448050109359536 1.6323151515134366
14000.0 4.322632 10.501677 3.9646178477159286 3.93721147008442 1.5423661135742008
14100.0 4.129969 12.684315 3.730216771913166 3.8076953987830495 1.5988345425338022
14200.0 4.085377 9.370796 3.762929138529153 3.7440518424891183 1.65284800565697
14300.0 4.744144 13.120398 4.285864616680999 4.347220352123292 1.6106709313395438
14400.0 3.518230 7.982863 3.3187591871731454 3.3554900178902294 1.6321086132568439
14500.0 4.937545 11.782445 4.619537030056301 4.685469537761481 1.6803963813578966
14600.0 4.356801 13.376277 3.8165590219100034 3.9569273742922997 1.6837056047505072
14700.0 4.967775 14.370861 4.319480597777187 4.451404593039794 1.6584406143930328
14800.0 3.675180 8.948672 3.3807187146937654 3.48940565537415 1.6392070905696134
14900.0 4.666290 14.260786 4.126563217442308 4.224523564874655 1.561785257706545
15000.0 3.961666 11.683823 3.537701275568053 3.566069948374097 1.6997197114052833
15100.0 4.517010 12.507365 4.113265134260954 4.171406784499586 1.6867009170267573
15200.0 4.116521 11.679350 3.802239824816608 3.8405367538867003 1.653169330838309
15300.0 4.183716 11.144762 3.8545593893676493 3.8969648522752838 1.7220077615908063
15400.0 3.892234 9.904438 3.7104364270886223 3.683459709369602 1.6366560806733177
15500.0 5.474590 16.986214 4.854831985734121 4.951011444642783 1.6865374843991319
15600.0 4.796684 11.958904 4.301416775828345 4.386445450819929 1.673070110929024
15700.0 4.537698 13.414063 4.085358590356133 4.129387639113913 1.6446653611013953
15800.0 3.185109 7.194029 2.9425052691464058 3.078206977012447 1.5685769069453417
15900.0 3.989730 8.792351 3.630710824250952 3.6871885727394336 1.6484206219993816
16000.0 4.187793 14.092832 3.676422614132944 3.7585403794858063 1.6635357893597187
16100.0 3.678029 7.980204 3.393680049332913 3.3340420041505148 1.6373792736503805
16200.0 4.251555 12.109476 4.062950032124641 4.04677468508764 1.696744886639388
16300.0 5.411819 15.494919 4.877667274740125 4.906586239773562 1.6933774263130539
16400.0 4.569988 11.281526 4.2092630425007025 4.251326388266194 1.633693307131864
16500.0 4.699070 13.919010 4.208187980047986 4.342824377919238 1.653308913737969
16600.0 4.902427 12.935179 4.3629768798052995 4.445451246874487 1.5694230478058873
16700.0 4.731187 14.353890 4.1894403811118845 4.315810351864031 1.645094819801508
16800.0 3.985988 11.383049 3.526733337771801 3.6066650218463865 1.675838601056558
16900.0 4.202757 13.318490 3.7690317163327873 3.841009562762562 1.6139158155486515
17000.0 4.132346 10.981757 3.6642917133126267 3.734544130196474 1.666433995440451
17100.0 4.726835 13.756883 4.249589789049176 4.299006097060745 1.6146801082685625
17200.0 4.918987 15.122017 4.360183491174942 4.497158607648465 1.608245161645334
17300.0 4.089051 10.575556 3.664211625903573 3.781796046350413 1.5955308288303083
17400.0 4.304958 11.153953 3.9698229224096293 4.005961148053916 1.7382873285049816
17500.0 4.321184 11.539789 3.8568792491860036 3.9212736758576434 1.6592116136307256
17600.0 4.438805 10.997832 4.134593974871235 4.237673925386426 1.644383138531147
17700.0 4.281695 13.758956 3.8942894322359427 3.886265598708591 1.6906444146520532
17800.0 3.917407 8.630962 3.6898655575267667 3.718581966425801 1.7136249039153788
17900.0 4.132142 12.512572 3.7071423487565394 3.8130117655710767 1.5958958655459787
18000.0 4.812328 11.183402 4.294510716053259 4.415863254790279 1.618471304205443
18100.0 3.985366 9.274507 3.791449190358786 3.7731783481726926 1.5762447419922692
18200.0 4.130861 9.449694 3.897751431108578 3.9241045712068425 1.6222440030535543
18300.0 3.783531 9.859151 3.3870680063812695 3.440876068195737 1.6523535764702633
18400.0 2.786362 4.791681 2.6525239823793187 2.621296217758165 1.5658750613694994
18500.0 4.336785 12.634725 3.896835120424752 4.03754141543247 1.714689036674462
18600.0 3.492927 8.771330 3.293181620539029 3.3329654634381223 1.566641913383505
18700.0 4.438402 11.694619 4.107538733698505 4.113936756855473 1.6447664724357374
18800.0 3.853609 9.285034 3.5843687143521037 3.6210908280391605 1.6568427694865118
18900.0 4.667695 14.208381 4.125807875241394 4.213584702613992 1.5841390072885553
19000.0 4.090247 10.238109 3.7726952600069468 3.8217589919694586 1.6175436011753088
19100.0 3.574779 9.090529 3.295767467722734 3.302488428191261 1.5838569819704225
19200.0 3.309023 7.135173 3.0883031432328854 3.1239793211028473 1.6737625354163097
19300.0 4.832245 12.152770 4.412347876034912 4.439703359772271 1.6778936237343984
19400.0 4.206827 11.296000 3.794503521751012 3.8772162502657053 1.6255399223199607
19500.0 4.351190 11.035330 4.016647523661713 4.085911397283693 1.669479391876942
19600.0 4.669112 12.301484 4.3568677874795965 4.329866697832377 1.6399653188027459
19700.0 5.101930 11.560098 4.725932659890836 4.741185887501556 1.6079887742406094
19800.0 3.969133 10.695478 3.5770979561904626 3.6400649559153675 1.6653000193308625
19900.0 3.062863 6.230726 2.8768029963644826 2.9251082193226288 1.610331321438048
20000.0 3.416875 7.399913 3.217855036984252 3.2404979324368424 1.6650046142186257
20100.0 3.767297 8.815577 3.577467201483062 3.5708840655743663 1.6777914097871036
20200.0 4.449824 9.924416 4.098082037038934 4.120144199706974 1.7071464305280586
20300.0 4.502572 10.956368 4.1069481983804526 4.1741710648672 1.693125547850624
20400.0 3.405163 10.391882 3.0721686259062246 3.179026004656631 1.6164450273960702
20500.0 3.519436 10.655041 3.314034524870072 3.335751415292411 1.6482601681932267
20600.0 3.609773 7.496663 3.2009767906736637 3.2642074431194703 1.716364270311585
20700.0 4.072205 9.785813 3.7038389848997584 3.6956605970903578 1.6230929561195524
20800.0 3.555355 6.875258 3.3611694527956386 3.3910193770861676 1.678163966191206
20900.0 3.685484 8.186894 3.5731300989026114 3.532497038882799 1.6833266619007252
21000.0 3.572706 6.240476 3.4436620145173213 3.4537952394347027 1.661884961090985
21100.0 4.732980 13.883471 4.170381525448314 4.275798933075788 1.6555366244952603
21200.0 4.342182 12.374545 3.767198820543629 3.9253529903003113 1.578572293282573
21300.0 4.710695 10.998451 4.279364515646915 4.338799419480891 1.7115112660577982
21400.0 4.369853 10.665451 3.9886374266239986 4.012041918060569 1.6234752676751045
21500.0 3.090648 4.461203 3.0731168538346343 2.9752841612833185 1.613583869655473
21600.0 4.045199 8.429399 3.7762919656528164 3.8553044657459865 1.6519388771143133
21700.0 4.700642 15.457613 4.0099997695453755 4.123437147063075 1.7576738490618136
21800.0 4.190158 8.566280 3.843874864824267 3.8848886897124717 1.5924272460915339
21900.0 4.911037 14.843092 4.372515125606461 4.422921974892379 1.644914562730222
22000.0 4.121359 11.266651 3.685662659453806 3.7618835130940815 1.5718789693213477
22100.0 4.971148 11.703657 4.571895239229451 4.624583444021194 1.678383582313185
22200.0 5.155471 15.414254 4.55748617976472 4.657068381462925 1.721187880297592
22300.0 4.183636 10.673767 4.017200260879561 4.00319093004486 1.6683739627304612
22400.0 3.509494 9.150255 3.29931226759883 3.3958496709695156 1.6381552603085072
22500.0 4.294532 9.433495 3.9119951157547352 3.915362376107144 1.5927375051657269
22600.0 4.216648 10.219083 3.771550532559918 3.8559467724651144 1.5584440281141916
22700.0 4.160223 9.464619 3.907409395837748 3.8944484202221283 1.7525850217415502
22800.0 5.058936 14.790827 4.490292017495138 4.592071236632305 1.6624380296911523
22900.0 4.100593 9.656961 3.81652222220892 3.860530960761909 1.645223150383211
23000.0 3.812313 10.831207 3.4223442004644196 3.5116378267820956 1.588847646872069
23100.0 3.520910 11.145122 3.0375118857726267 3.1938667015885307 1.612783486055344
23200.0 4.374407 11.376407 4.145456988994694 4.123650933185626 1.6241386420377246
23300.0 4.490962 13.794748 4.059848852615563 4.133224095957905 1.6913504695493269
23400.0 5.292671 12.543049 4.858625317237999 4.905971867141577 1.6614393607944205
23500.0 4.721780 13.684410 4.164571094370656 4.224199881306344 1.6431360927712604
23600.0 3.778028 9.712944 3.4695316211071887 3.5474590761420823 1.5410403222160205
23700.0 3.894308 10.114843 3.4486215301803163 3.534682638906864 1.654702201005025
23800.0 3.552050 7.143188 3.49978769173642 3.465021131889603 1.6024609814954878
23900.0 4.702848 12.823014 4.171095453831097 4.261590887932433 1.6519577320006849
24000.0 3.591309 9.300578 3.4359685310497436 3.3989808898854905 1.6030213901011432
24100.0 4.642730 11.785626 4.179320891191687 4.281834363800706 1.5899751289247737
24200.0 4.336653 9.853880 4.033216186558972 4.014034720742723 1.630137091250701
24300.0 4.294257 11.953404 3.9047552299109167 3.986798342853711 1.5661412242650843
24400.0 5.254977 15.443325 4.67403050832255 4.794030980770397 1.6343685304938709
24500.0 4.382196 12.774230 3.849016385937136 3.8904051680454064 1.6771466778797444
24600.0 4.783326 13.825927 4.210448336560507 4.31865154551487 1.6279593460189699
24700.0 4.566731 13.081182 4.0835500422907005 4.12069358821746 1.650020135487004
24800.0 4.927476 15.007641 4.341608376369163 4.367174223131587 1.6768351663736512
24900.0 3.620762 8.527928 3.454187644360866 3.4797740888449105 1.6228010249895977
25000.0 4.116585 10.939117 3.899872043694853 3.914647069510509 1.6744432635873694
25100.0 4.308856 10.481584 4.043381518573762 4.032641302141685 1.5719905064962976
25200.0 3.386208 7.830938 3.177737632830744 3.194840836679788 1.555740340788873
25300.0 4.349599 13.033762 3.799426023340311 3.85917302042024 1.6044123862062845
25400.0 4.544246 10.833944 4.128238906987761 4.112983518748293 1.644226787274884
25500.0 4.302028 12.249832 3.984313606903049 4.054827657393263 1.6177995897666473
25600.0 4.766249 13.921518 4.1948642078141365 4.302460965983443 1.5945295911723216
25700.0 4.583322 14.163827 4.141472609066071 4.271309239078339 1.6350303425739303
25800.0 3.936026 7.958489 3.5748251525627577 3.554390193225318 1.5955397393139044
25900.0 4.224818 12.798282 3.8769965086329927 3.911701528229053 1.691153935145681
26000.0 3.590753 10.640714 3.13801613780955 3.226570363420341 1.6232451069341187
26100.0 3.148961 9.614849 2.745459653032529 2.8247341496489122 1.5809826871982129
26200.0 2.617208 5.792263 2.4793257521082928 2.4990436963625147 1.5918145057571782
26300.0 4.758799 13.845916 4.293341319603863 4.306834102271362 1.6841720971979008
26400.0 3.506397 8.525949 3.4660947559679385 3.4246408429351924 1.6037223201572193
26500.0 3.293869 5.760656 3.1294674910029583 3.1258897909318937 1.711989019871542
26600.0 4.353502 12.569045 3.8404345014350514 3.9223761837267195 1.639606677454028
26700.0 4.693474 13.588537 4.202883806595852 4.313447521289426 1.5914385380625748
26800.0 4.343928 8.198527 4.131245266353088 4.157751683471285 1.7164695857748409
26900.0 4.957838 12.512596 4.396243806373438 4.452445948269781 1.685112017605547
27000.0 3.958053 11.739446 3.527552580867584 3.5771530773337177 1.6218374068948809
27100.0 4.821241 12.281996 4.529866562926949 4.540347384127626 1.7008465018915138
27200.0 3.541230 8.410258 3.322423586735623 3.359619046791018 1.6132321464267048
27300.0 3.287383 5.618143 3.089226667835567 3.164242505549683 1.6154798643711283
27400.0 4.313570 10.393412 3.9664100339964876 4.035775602393735 1.6625653445211817
27500.0 5.524671 16.861781 4.790909476570791 4.956472884865915 1.6125872981861744
27600.0 4.545023 12.679601 4.233232316849314 4.292767717750668 1.762510727884433
27700.0 4.466320 10.768161 3.989936922235585 4.097825181632973 1.6651974907568918
27800.0 4.337633 13.984066 3.7475573183153723 3.921933013658409 1.6315182106688908
27900.0 5.020938 15.506070 4.4093186092916135 4.516103518117041 1.5929733727621873
28000.0 4.960536 9.822805 4.499015781333335 4.5654032750478875 1.6597618144038695
28100.0 3.817641 10.884152 3.564705591573257 3.5780784965195895 1.6858916050306794
28200.0 4.922182 14.235013 4.505284761807777 4.507757781198642 1.6337928370297305
28300.0 4.953790 15.389637 4.345228618182957 4.430687710191897 1.55168297037288
28400.0 4.765063 13.866448 4.201420200539815 4.279456173110754 1.7245568578860937
28500.0 4.400598 14.533772 3.7904679574598434 3.954814188919309 1.5767061643222995
28600.0 4.554447 10.603590 4.333636698723106 4.327640140227512 1.7257731121930895
28700.0 3.495734 9.181408 3.1225833528352975 3.108613148483409 1.6063218878442915
28800.0 4.466137 10.872854 4.114891238483902 4.166795663780041 1.6438390885261918
28900.0 5.264794 12.822690 4.851202818184306 4.863809914379889 1.660777694407266
29000.0 4.246720 9.382474 4.006500419258294 3.981709670670475 1.6227989915297942
29100.0 4.281609 10.440982 3.9320714212792023 3.961049210015995 1.6040452135622332
29200.0 3.879555 11.244302 3.4563189608170717 3.497890543413992 1.469877072881405
29300.0 4.687866 11.190698 4.407816295755566 4.412743564074378 1.6528431233831724
29400.0 3.427849 3.819465 3.1573736492502578 3.272936181087783 1.6116589744566188
29500.0 3.851655 10.947623 3.4109242195283054 3.487614545144736 1.5625947116269037
29600.0 4.627902 14.128727 4.178320767006609 4.2423672721756605 1.6525177954080574
29700.0 4.420851 12.777131 3.9860156879745676 4.07275781532082 1.5752689745533626
29800.0 4.448564 10.773235 4.168811918996396 4.238620556362345 1.703723173646411
29900.0 3.734559 9.657638 3.491313622567831 3.5533691182281717 1.6364475878755205
30000.0 3.309067 8.648900 3.1060493922492185 3.079866217273719 1.6856072308247672
30100.0 3.364060 9.344308 3.039337036607615 3.077971379011322 1.6166757169044066
30200.0 4.000478 11.547069 3.51108308901406 3.612067826489521 1.5796197058979102
30300.0 4.747576 15.667858 4.120524179669228 4.271947510234849 1.570099549062108
30400.0 4.432318 12.134719 3.954564600572106 4.001828848714763 1.6410872582116534
30500.0 4.794706 12.250555 4.511053803003066 4.553534396768315 1.6380830566801945
30600.0 3.832344 9.855040 3.4935325693813883 3.484455268032937 1.6617473736291362
30700.0 4.340927 10.984101 3.9603110117936424 4.031005509616879 1.5968257126264633
30800.0 5.221609 13.799786 4.682733987648229 4.737167254963396 1.6959566004653983
30900.0 4.481549 14.076748 3.957452125482574 4.072786315180377 1.586500930502579
31000.0 3.707097 10.178793 3.331836350991546 3.357688156211625 1.6557145661891113
31100.0 3.542053 9.060392 3.298894979493986 3.3787541309406364 1.6079379388156316
31200.0 4.643948 14.573444 4.003582599869813 4.158584675679555 1.6431606409464075
31300.0 3.333580 6.766516 3.304845179948181 3.2107158438023755 1.6097888067624762
31400.0 4.513536 9.370507 4.183281400952998 4.205030549151301 1.6019739118185794
31500.0 4.413883 12.933659 3.9344204991536844 4.106933710738591 1.6020731370067476
31600.0 3.919192 10.197596 3.7272337131078315 3.7640988039625674 1.6980148634637715
31700.0 4.525537 12.791217 4.020449738642607 4.1116952107540765 1.617406612648707
31800.0 4.195240 11.068448 3.6982875103687487 3.794218302132135 1.6193865802204428
31900.0 4.737914 11.969503 4.21116684252074 4.282103057986466 1.6139869167217324
32000.0 3.933735 10.499004 3.481366362421867 3.5953409013450903 1.6054437553906955
32100.0 4.224863 12.187350 3.72336624398082 3.8292793801398424 1.5640940895567155
32200.0 3.708569 6.910001 3.570585354873001 3.541157295140948 1.6541288534244518
32300.0 4.640862 11.357708 4.298786933850873 4.3468736026013595 1.6884608607877472
32400.0 3.720086 8.775658 3.5126208621115085 3.5340196831338715 1.668278724755515
32500.0 4.854986 14.194578 4.285031979032274 4.380243582377291 1.6163234492598864
32600.0 4.125838 10.624273 3.807562263046901 3.7539951593984395 1.586671420992765
32700.0 4.146966 12.369214 3.6570580744662706 3.732011650199834 1.6796605085919503
32800.0 5.363157 16.367316 4.726373581621325 4.803297934729264 1.675240520450514
32900.0 3.948566 9.732474 3.6779327483685837 3.6336995754534476 1.6556761998397531
33000.0 3.892037 10.508016 3.435837793307681 3.5086842891350756 1.6445807551878189
33100.0 3.467856 8.495849 3.19262336888756 3.23071329252139 1.5939948354659477
33200.0 4.812749 12.833773 4.426047919927531 4.440029352684976 1.592975090608545
33300.0 4.136912 11.145889 3.857809732800793 3.891464820604862 1.5872597846883294
33400.0 4.500007 14.081078 4.132566271567141 4.16586073189384 1.606135173875652
33500.0 3.676196 8.369796 3.54118104768054 3.5671028588837705 1.6620658890993751
33600.0 4.102276 13.287542 3.5435224733745594 3.603884233387962 1.6235569722000078
33700.0 4.598866 12.181444 4.192915116591868 4.304868129281481 1.6677619936711408
33800.0 3.579277 6.701204 3.3583200925273426 3.386427782971178 1.646162363116741
33900.0 4.369145 12.717771 3.925255815007053 3.9561037327239634 1.637186822644771
34000.0 3.527772 5.681297 3.1244223489150094 3.08374938213919 1.7086150092482508
34100.0 3.298941 7.873146 3.1276447863886583 3.1176942575324933 1.6113864022442255
34200.0 3.388372 8.426219 3.142525735877697 3.207169066010231 1.6611482440544107
34300.0 4.713209 11.549769 4.318727229168808 4.408951528135733 1.5156084271658894
34400.0 4.459242 13.972583 3.826973967748098 4.002485528453146 1.6406442695129617
34500.0 3.555126 10.604789 3.2067466971555927 3.316941394345078 1.6309081976626378
34600.0 3.849092 10.100896 3.468192601060922 3.4681685598036145 1.4836303214584048
34700.0 3.583145 10.787786 3.3050322833463244 3.3840178946429575 1.5963022596717107
34800.0 4.232432 12.346334 3.74449930722712 3.912453345487519 1.6104250521540624
34900.0 3.461412 10.352865 3.121559933494214 3.167177614633609 1.6571323500875645
35000.0 4.552486 13.738580 3.9662271363404122 4.097497581330265 1.5578419640947971
35100.0 3.996545 9.486564 3.6774604428624778 3.756784002578054 1.6897554472222052
35200.0 4.693318 10.663931 4.440848574892746 4.472862903186033 1.6291992578736902
35300.0 2.832674 5.781525 2.6701411607286993 2.687674924521938 1.689173304515734
35400.0 3.776323 11.729252 3.4040045997568886 3.4904915428992553 1.5765732718369938
35500.0 4.573909 10.146318 4.119894855620711 4.2166103205022045 1.69010726952426
35600.0 4.636422 12.897045 4.278029966074624 4.330022111083755 1.6313970108123765
35700.0 4.732843 12.196445 4.258902019827669 4.386085381539693 1.613930032258184
35800.0 4.205413 10.861206 3.8396697810955653 3.9248228471357187 1.6781373015207635
35900.0 4.995152 11.532660 4.641172563307574 4.648932924199862 1.6296749533471608
36000.0 4.625651 12.466890 4.2626887679194105 4.264594301287006 1.5618337093035515
36100.0 3.964522 10.910043 3.6624470369978996 3.703566609882362 1.6783159342246285
36200.0 3.759148 8.475678 3.4884357506687 3.5565967999309427 1.6083011511932113
36300.0 4.578457 13.715333 4.200924261977468 4.233042583330304 1.65099335000922
36400.0 4.475585 12.477886 4.127564622370667 4.124361097170412 1.6650710352181597
36500.0 3.936669 11.069653 3.662966592070857 3.73032033775709 1.6191530332419373
36600.0 4.128326 11.937060 3.6851637051285904 3.731473499837329 1.656276594822731
36700.0 4.471924 12.246022 3.949909817769447 4.094172379396861 1.7408825820188232
36800.0 3.947277 8.089563 3.7210562082441876 3.6800523575486865 1.63199368971516
36900.0 3.507099 8.839014 3.3865065191611814 3.385544067386988 1.571841737189722
37000.0 4.846140 11.658215 4.545824208389278 4.558531053589149 1.6099003476370677
37100.0 4.566768 13.712558 4.119634642687244 4.266618894800333 1.6267372817725434
37200.0 4.622329 12.022530 4.174918018746966 4.2694891547472 1.7456937911500714
37300.0 3.869286 10.141872 3.5709542818771114 3.613328138964215 1.691109666284637
37400.0 4.941491 13.093926 4.52361823088793 4.580544172046726 1.6922479720891312
37500.0 5.097359 15.063514 4.555406845510857 4.613837026282708 1.7149987829301292
37600.0 4.147360 12.730640 3.628376457393381 3.690656916404571 1.5733782814459887
37700.0 3.436051 7.505856 3.145687255414816 3.2217984947411735 1.6220951507500079
37800.0 3.685508 10.405280 3.3953589290520125 3.4750484393055108 1.60711750273467
37900.0 5.392070 15.328109 4.788377571234119 4.950528969692376 1.6468944140985482
38000.0 4.588085 14.583728 3.9833304504654943 4.0472437547395055 1.6068945802311614
38100.0 4.025639 12.468831 3.5369353751104082 3.634486808551658 1.6482446997142184
38200.0 4.937239 15.068399 4.366354501449559 4.453311372024606 1.6819751651485473
38300.0 4.397621 9.047133 4.090963451059907 4.114872741443546 1.6767435066666305
38400.0 4.380813 12.070559 4.031429842600231 4.073255950375976 1.569394498773476
38500.0 4.171170 11.228470 3.941791980294761 3.8925163920650436 1.601234901546175
38600.0 3.624096 10.278097 3.29289221628425 3.2646724339135167 1.5941241532949848
38700.0 4.607197 14.225816 4.251854386660629 4.254302480063005 1.616571406226983
38800.0 3.874059 11.419886 3.4398438066776387 3.502927523045673 1.6324635210904324
38900.0 5.002604 14.356436 4.479820982924645 4.503236659581952 1.5481394149550751
39000.0 3.097515 5.690867 2.984447248876443 2.9679110955286174 1.6917339728523968
39100.0 3.643287 11.113477 3.161207278902433 3.2031033416845833 1.630686643830743
39200.0 4.833251 15.026864 4.340742395423054 4.3837411540450075 1.7110045666003302
39300.0 4.640508 12.972153 4.108531034274298 4.1595525000150495 1.6455299830518473
39400.0 4.858716 13.616632 4.380018754114658 4.448910390218934 1.5982849173201645
39500.0 4.584827 11.697445 4.137088339402195 4.242972805463864 1.6352669711056318
39600.0 4.442083 12.889258 4.010728176762704 4.086979499403942 1.6820877949893762
39700.0 2.921632 3.597256 2.8518092995895583 2.8028228147448124 1.5821186166406396
39800.0 3.833279 10.736921 3.5433654269421098 3.538577255169288 1.5369767629414104
39900.0 3.994089 10.631003 3.6640606062907386 3.754558865947699 1.6305765911978198
40000.0 3.800977 11.294316 3.402718062864691 3.5004422363090013 1.6166517995487217
40100.0 4.553433 14.436940 3.977964490424805 4.128901465225841 1.5366829422677022
40200.0 4.834303 11.917612 4.233925678533565 4.348293685669712 1.6238696805715453
40300.0 4.713671 14.076969 4.286842259621646 4.317062872936905 1.651994565071252
40400.0 4.769817 13.048744 4.440284610983231 4.487246201735655 1.638451099379544
40500.0 4.227132 10.708034 4.0352086356327606 4.0013827135182565 1.7268862433486072
40600.0 4.328701 13.460607 3.79828513015164 3.8956258102112544 1.5696256392622094
40700.0 4.396844 11.972800 3.946939571276859 4.0248145729730025 1.7050747269408189
40800.0 3.975667 9.903313 3.7075102340057384 3.749548277771783 1.6398829845778173
40900.0 3.500259 5.997989 3.3395012979884333 3.3610188686682028 1.608892908576203
41000.0 5.327470 15.317946 4.576093537384649 4.707586510288193 1.5322031924645116
41100.0 3.596297 9.715493 3.3627356960173476 3.41875706308465 1.6412561469243705
41200.0 4.275058 9.256350 4.007710323958647 4.010532489811201 1.6497261980687152
41300.0 2.827128 3.836305 2.692789335284906 2.6678382884378666 1.595181085578482
41400.0 4.304860 9.332020 4.042653990525271 4.097006138801463 1.651912204894202
41500.0 4.277927 10.159154 3.940975302102695 3.938850848346684 1.5644690620987007
41600.0 4.647215 13.197049 4.1392938541815605 4.176712255146402 1.616343833434353
41700.0 3.794200 7.825260 3.631263421998467 3.6337499363482064 1.6978513127540567
41800.0 4.287781 12.693811 3.8274437777190378 3.9215144994976803 1.6414518608633863
41900.0 4.461000 9.813549 4.270618459166089 4.274871239799062 1.6552135915171569
42000.0 3.126999 6.455150 2.957263338686187 2.9960505198177163 1.5660807264191359
42100.0 5.146025 15.038573 4.4685782282209185 4.5691454397060385 1.6076098657310849
42200.0 4.366839 13.329235 3.8592359382764405 3.923955498383191 1.634045343205841
42300.0 4.932028 15.370898 4.335035632158277 4.435042149035961 1.7158548475062327
42400.0 4.356159 10.840526 3.9789473351646762 4.033789095099389 1.6270295985336658
42500.0 5.523003 16.409732 4.842898128774918 4.964678593430357 1.6144274813364454
42600.0 3.426786 8.989888 3.163702233631834 3.2344483936782673 1.5990388942137914
42700.0 5.431173 17.139802 4.893077812825522 4.983496928916115 1.6868012916784927
42800.0 4.433680 14.834224 3.9007367322502535 3.9563855303790936 1.6323832057613998
42900.0 4.232375 10.261755 3.937446392329974 3.9583799744586505 1.662894099384774
43000.0 4.446660 11.536836 4.102375886401197 4.170707421942114 1.6134186088199196
43100.0 4.709072 12.706751 4.164398793407346 4.323835168823791 1.6036162981809485
43200.0 3.505995 5.860647 3.28370079270744 3.2715827511938875 1.5979453140912396
43300.0 4.230817 10.806912 3.943780009273057 4.005145740663387 1.620136968026306
43400.0 4.670627 11.819345 4.287460511938729 4.32851502287998 1.6164838910553994
43500.0 5.081897 14.401507 4.517054137836671 4.616547477378104 1.6589822379987917
43600.0 5.372332 14.072028 4.888473243523027 4.946202508311332 1.6680446380686837
43700.0 3.826988 9.779912 3.3912352921235387 3.49835711821514 1.6294721162110106
43800.0 3.241159 9.002743 2.9350665821744717 3.0320363490611046 1.591328974904613
43900.0 5.049614 15.183405 4.4488912010138915 4.585806635910436 1.6460052695710239
44000.0 4.164059 11.765081 3.8183104450078003 3.8845624402692436 1.6399276192685535
44100.0 4.393462 12.963152 3.9745788737157324 4.0255738142419695 1.6016538555981452
44200.0 4.344402 10.508765 4.049496281827851 4.051468409592063 1.593265119172284
44300.0 4.349576 12.430746 3.9430358100780674 3.9956658922072084 1.5887789109405086
44400.0 4.223631 10.769844 3.842208831711184 3.8744111292550474 1.6688268659366476
44500.0 4.924351 13.539369 4.24793788983501 4.3613185070434515 1.5467665874274492
44600.0 4.194283 11.840679 3.774588889815409 3.845350022372916 1.6014164589754096
44700.0 4.825009 14.151658 4.263895543002476 4.409358245052345 1.6312837702784813
44800.0 4.430904 13.107354 3.9961293239024474 4.086286128914141 1.6729325080341397
44900.0 4.262032 13.555320 3.717941910612425 3.835367543931283 1.638339710654669
45000.0 3.853689 9.168531 3.5403911637242085 3.601422237851253 1.6146524076767172
45100.0 4.155113 7.208196 3.984646340401048 4.039375003161049 1.655469075355554
45200.0 4.822692 14.420109 4.246188350797317 4.336745657702303 1.6336607817117752
45300.0 4.273815 11.456009 3.885281949794776 3.936337212578673 1.6228273873056946
45400.0 4.181148 10.952627 3.6690290527119647 3.761592397251692 1.648304021487396
45500.0 4.415946 12.160098 3.926777114543233 3.9978157551660605 1.5698285905623857
45600.0 3.785769 9.347918 3.3961512307994486 3.477925438297576 1.5851688141263185
45700.0 3.637065 7.487189 3.3283482853482935 3.382603226367411 1.6054765520160912
45800.0 3.521360 7.531435 3.2986415235486564 3.302071132315293 1.5793656508954574
45900.0 4.362431 11.265913 3.963822001415744 3.9789467491653108 1.5916904642583767
46000.0 4.396078 10.304526 3.9898286460865022 4.040719131598642 1.6497875037726704
46100.0 4.122508 11.188046 3.796290018115464 3.852939478285165 1.6496094984585106
46200.0 4.865468 13.774529 4.397213236187185 4.508401098221688 1.6742436028028351
46300.0 4.592547 12.067605 4.1546734665110225 4.29511495403845 1.6785172073670964
46400.0 4.480304 12.550008 4.044556242334395 4.0800134313624685 1.6143332055237427
46500.0 4.228624 12.838281 3.6096596445941374 3.7678663501841476 1.6089813511314652
46600.0 5.212732 14.178965 4.753227289432828 4.750426611699321 1.6041723925901774
46700.0 4.087212 10.157384 3.8082335759207466 3.8038610398285044 1.5762822212174779
46800.0 4.221057 11.557963 3.7192532256220208 3.8138756047344606 1.567488963006614
46900.0 4.832521 13.905539 4.141829566995388 4.242456865127363 1.5849719402536702
47000.0 3.667399 10.314794 3.4168019769898623 3.4458217318617654 1.5561967575960696
47100.0 5.437946 12.905874 4.916090724815715 4.939079115810368 1.5980658740024027
47200.0 4.273820 10.975435 3.8226858771620105 3.9370992268931464 1.5921633324609084
47300.0 5.030759 12.410984 4.663941506972914 4.653996350854045 1.6471521491820762
47400.0 5.681424 16.793531 4.880017908709233 5.000609709124308 1.676625319672916
47500.0 4.571610 12.058139 4.2082064277221924 4.234724487048852 1.6102896595059069
47600.0 4.925030 14.685729 4.526423117084341 4.600772957489607 1.6441435341987405
47700.0 5.589988 18.058036 5.022825588849916 5.0884691562664175 1.7220364526760472
47800.0 4.977386 12.268825 4.475890473270783 4.5374869743512285 1.6297757672212347
47900.0 5.297305 15.787715 4.7433630525424855 4.82582149090583 1.6845418429226886
48000.0 3.450178 9.328894 3.1563580905814415 3.2315695729595233 1.645934963079601
48100.0 3.403367 6.692359 3.2722258112122526 3.206309765888478 1.6028274998316567
48200.0 4.353617 14.467136 3.715484318934256 3.8048018474388074 1.6162188118987462
48300.0 4.193661 10.393713 3.7355330678409824 3.832213300351904 1.5869413686199805
48400.0 3.123636 6.063654 2.955914200293683 3.004687779170502 1.6524182711262916
48500.0 4.093060 9.166464 3.855242072863576 3.88825243129989 1.559912475454767
48600.0 4.497708 11.205018 4.107136731672602 4.170753949852044 1.6164648660534398
48700.0 4.842454 14.893733 4.220463751089526 4.341477709559456 1.593279430799267
48800.0 4.852785 11.006857 4.4276984062328655 4.406732163118914 1.6846398387313382
48900.0 4.997992 13.872805 4.444796643832461 4.561051506648928 1.6302537593203918
49000.0 3.329384 5.745783 3.1502084366317518 3.1625594360849987 1.6112723020954864
49100.0 4.430383 12.691875 3.9032138720879046 3.9870072340730554 1.5704172475641507
49200.0 5.915649 15.260603 5.278894355534805 5.315690874789495 1.7197222701665766
49300.0 4.614622 13.694179 4.139276630615241 4.195407673167365 1.698803419285012
49400.0 4.443464 12.676657 4.082782866689154 4.161465340469417 1.6338748007032713
49500.0 3.704378 8.556469 3.49943068185796 3.4508858123638757 1.5999542501225734
49600.0 4.103436 9.761396 3.7933505364181594 3.8244420382618562 1.581178670568263
49700.0 4.451350 11.246078 4.119060547751092 4.083175915843016 1.539448296505704
49800.0 5.199097 15.002449 4.637330089087342 4.711500721611111 1.651739376695467
49900.0 3.281485 10.843260 3.016956326619917 3.093103194843602 1.6194427051680969
50000.0 4.556751 12.141043 4.094905991553413 4.13361055653453 1.5648478062932878
50100.0 3.773871 10.068980 3.4169246596400304 3.5472504340264943 1.6433505388592953
50200.0 5.000213 12.880881 4.541905194244731 4.592666782067573 1.640130984315355
50300.0 4.843587 12.863977 4.3660852474114495 4.455540465642033 1.6159629098687838
50400.0 4.992937 13.632504 4.461249239074863 4.553544631748976 1.6127398577817835
50500.0 4.375311 12.224211 3.9627300031076897 4.05309541629132 1.627634073559675
50600.0 3.621154 9.774641 3.353860766940079 3.3340586126098737 1.5483856244231802
50700.0 5.206113 14.170033 4.544839698682852 4.666462558268164 1.6261137462537805
50800.0 3.725808 8.154105 3.414367442213054 3.4335807329060035 1.6269128229518286
50900.0 3.914211 10.052593 3.6142844583779454 3.703873724596124 1.6292719255431865
51000.0 3.552871 5.663340 3.4258358651184313 3.4214796586705916 1.6569248148360578
51100.0 4.868224 14.558952 4.420577137785227 4.463031282570174 1.6774242528394299
51200.0 3.449392 4.603878 3.309648879493 3.3251735455789015 1.655705290325828
51300.0 4.095618 9.287304 3.797300179357332 3.838002375400706 1.5953454063666945
51400.0 3.857653 12.027109 3.4272070424708967 3.50839616265935 1.5618631732899064
51500.0 4.703956 13.681324 4.225436260900052 4.3362947796457 1.575724510642077
51600.0 4.603765 12.917973 4.145611510645283 4.180021930124373 1.674612543086441
51700.0 4.545096 11.932101 4.200879485154114 4.271978799731791 1.7406268010264248
51800.0 4.427111 10.361377 4.123717622919526 4.127146486028339 1.6658427511953413
51900.0 4.751600 11.694498 4.586121740949618 4.616373195131592 1.751593567497727
52000.0 4.135411 8.700421 3.848827524183582 3.917864549788637 1.7110838347787016
52100.0 5.228901 12.705692 4.750470838264644 4.83034454647641 1.5425253515453397
52200.0 4.973983 15.015930 4.340745646438391 4.490931220435381 1.4935700870594
52300.0 4.709364 14.425568 4.24356471600277 4.3531604999982125 1.6532290483114098
52400.0 3.787393 6.908873 3.4959161616423224 3.565191270714529 1.6354075859542898
52500.0 4.637954 13.071047 4.028130852192683 4.17995501927794 1.5238684977921542
52600.0 4.596594 14.349516 4.13363718449597 4.173682535213266 1.7175303914904951
52700.0 2.965739 8.571030 2.709449077378229 2.7990463052412298 1.622840240092952
52800.0 4.434917 10.977640 3.928145525898036 4.078864090338329 1.5033155441892425
52900.0 4.383308 12.680432 3.8753744347203662 4.052678932239024 1.6740524211487886
53000.0 4.419400 12.322605 4.040491966849115 4.163869834938761 1.6414184235630789
53100.0 4.113055 13.533240 3.714222218776031 3.791484210844887 1.6282363963968776
53200.0 3.270592 6.308263 3.0537616682158726 3.0348535960138756 1.5464962835031577
53300.0 3.635093 9.800743 3.3987714393950395 3.4202964227225583 1.5747837639995146
53400.0 3.723387 8.535460 3.4827638217728016 3.4797154836643496 1.6501679612992004
53500.0 4.865712 14.133856 4.363602598219901 4.425079213620671 1.670932702423023
53600.0 4.200120 10.860577 3.7445270872772842 3.8104467158790483 1.6151973283500498
53700.0 5.195716 16.369443 4.433341851724153 4.557855701759278 1.6600470836703702
53800.0 3.360548 6.564186 3.3122937585972143 3.3096477471804424 1.6440808560404492
53900.0 4.027226 9.106926 3.8330223129135863 3.868539143322696 1.6520621813293686
54000.0 4.413033 10.520945 4.086434399402345 4.186394316832896 1.656383869548682
54100.0 4.289263 12.387966 3.853515681594374 3.9845180714776216 1.584491713925443
54200.0 5.090108 13.519724 4.5243996456469375 4.582167062588595 1.687073668670152
54300.0 4.898089 13.514812 4.360058636447382 4.453534152301449 1.620371370872999
54400.0 4.684877 13.790153 4.150754604222936 4.269870919939878 1.713651224696086
54500.0 4.128535 10.377238 3.8083980353995868 3.8467444301555798 1.5701111192074657
54600.0 3.964643 10.165830 3.6590962064840173 3.679879068076766 1.6213654206387373
54700.0 4.515982 13.302314 4.201946079829834 4.283924268491294 1.5739259042021156
54800.0 4.625317 12.841718 4.241068551492632 4.324040175257084 1.6226036669377453
54900.0 3.478370 10.302334 3.06624574796656 3.172895958122737 1.543140102828488
55000.0 4.574226 10.132187 4.183060046248955 4.234971836367376 1.6276005672049831
55100.0 5.164741 16.392297 4.461753438017309 4.621970107978809 1.597351088894295
55200.0 5.669484 15.807820 5.0988654358491265 5.170148726750157 1.6684257625218517
55300.0 3.629899 9.752256 3.3931525328106384 3.405735306020565 1.6504589009733148
55400.0 4.473200 14.287232 3.795285866034476 3.928772485371913 1.6061331510371823
55500.0 4.211415 12.675383 3.83122103739469 3.8160053205940856 1.64227137583073
55600.0 4.241586 10.640789 3.930947879906207 3.92764156792716 1.5782311824602309
55700.0 3.726914 7.421844 3.4875178735517562 3.592354814803546 1.5970399519540857
55800.0 4.148037 11.312914 3.8471241502459863 3.8986815535730948 1.6492813228471888
55900.0 2.964642 7.659909 2.7379635855739934 2.7982747696481276 1.5856715588618422
56000.0 3.574099 10.345467 3.327768839421564 3.3789756262039607 1.6877557097756632
56100.0 4.624859 10.364663 4.3370489975753985 4.368731759407002 1.676116323357223
56200.0 4.335456 10.204911 3.85932279054503 3.913581286466598 1.6549300994151073
56300.0 3.958693 10.567597 3.6355502741872243 3.708083888581845 1.5491130995382965
56400.0 4.369112 9.340132 3.956961731378917 4.075904682224059 1.6032376514960591
56500.0 4.587382 10.481115 4.442530358568238 4.373572848532247 1.6462215825518831
56600.0 3.929795 10.583655 3.61438027501334 3.711777472097347 1.6013149918138958
56700.0 4.270095 10.864902 3.880774334488291 3.9607415203704806 1.6476655552621258
56800.0 5.425632 12.925843 4.859503890139591 4.897619722019577 1.688552007608179
56900.0 3.865759 8.565734 3.563151418382131 3.628552937511793 1.5692290834741354
57000.0 4.246792 11.487401 3.861138677757275 3.940737465765201 1.606518574008378
57100.0 4.757663 11.492363 4.313276996597939 4.372887586267673 1.6956515242522092
57200.0 3.747317 10.141598 3.4336367960452168 3.4705061919636604 1.6541929980488863
57300.0 4.899448 13.851514 4.350534867676844 4.447904248675429 1.6714498263262418
57400.0 4.492609 13.835806 3.9635264719810737 3.9852194619068912 1.7073808418417702
57500.0 4.518778 11.716449 4.243139726816518 4.189706137334262 1.5841368835253324
57600.0 4.207328 11.482573 3.8330931537697333 3.882364123764753 1.6206763218850406
57700.0 4.661867 12.555426 4.166594964310788 4.242236467066671 1.6364293570255863
57800.0 5.040969 14.533781 4.4482678183128845 4.55487905557157 1.6188526342710639
57900.0 4.860611 11.557440 4.415571979450543 4.560797874363796 1.628110339966496
58000.0 4.085550 10.554984 3.7824440887517 3.848538183744225 1.6263321979742194
58100.0 4.687666 10.235837 4.373629274911457 4.423437714236935 1.6390044765102232
58200.0 4.699563 10.962082 4.343071713620515 4.30229742416032 1.6400891379061704
58300.0 5.593479 17.263235 5.000294158004651 5.128460563967742 1.690174639763958
58400.0 5.187344 14.346753 4.7015561698267065 4.716105665383677 1.6935170285538443
58500.0 4.333498 10.733903 4.024962920468034 4.111806045797449 1.5419758022185817
58600.0 3.459409 8.288611 3.296239246378375 3.3077397874803274 1.6186831852827372
58700.0 3.895175 11.980730 3.6065938204879986 3.6572974442529267 1.6748803060181672
58800.0 4.078232 9.880677 3.7856052125372464 3.7813320035923312 1.661295038316434
58900.0 4.196719 11.676352 3.830932814462985 3.8983061243800905 1.5884610982853402
59000.0 4.223010 10.824795 3.9430690274744515 4.01943073286663 1.5280374244665087
59100.0 3.469885 5.003304 3.218972716348125 3.3107376117458895 1.628729707422116
59200.0 5.997975 18.282658 5.243938684383631 5.362014913435917 1.6578878484889346
59300.0 4.894581 11.935182 4.534698406942076 4.531601346911301 1.6237755642692266
59400.0 3.426532 7.726465 3.19257361500877 3.232956054770273 1.53303937076056
59500.0 3.633511 7.123757 3.369571753446278 3.4536357052027773 1.6607868878774832
59600.0 3.006828 6.170657 2.8296415120704506 2.8374028496204495 1.6208289842998262
59700.0 5.391319 14.387203 4.905129886982214 4.920619596696659 1.733239894418745
59800.0 5.169912 15.104025 4.723450955677027 4.755518855453056 1.663003431414341
59900.0 3.527849 7.526762 3.3090316417190113 3.3646929139928226 1.6643961778656247
60000.0 4.384694 10.802276 3.9601935297827398 4.0398113823341655 1.6170420963047876
60100.0 4.100574 11.002964 3.793701202560239 3.8772113694709067 1.598484737222329
60200.0 4.344767 11.045222 4.047908281536489 4.042190363390651 1.5451958291514403
60300.0 3.530508 10.590938 3.2197810033857706 3.3265684647107787 1.4397166643251567
60400.0 4.424512 13.397734 3.9743002079155376 4.069924155961009 1.6145997173305182
60500.0 3.693852 9.823562 3.3515841563154956 3.3679684596211823 1.533633520451666
60600.0 4.140741 9.965815 3.9353916865432645 3.933116186610236 1.6226445248525534
60700.0 4.850896 11.452919 4.398321290184366 4.425329394659998 1.6639905295474993
60800.0 2.499596 5.207917 2.4024007749687444 2.3682194381452764 1.66541752450307
60900.0 4.433430 10.445738 4.121856244698948 4.167059481674528 1.6599100628248282
61000.0 3.782631 10.611204 3.5039738632071726 3.599789515960054 1.5795609879514798
61100.0 4.839244 14.195429 4.246377308708981 4.355566972634685 1.6682414722093044
61200.0 4.253650 12.566723 3.916906010924253 4.00359473526164 1.6858880522477033
61300.0 4.656829 10.406450 4.323550610332597 4.411672436795189 1.6435938249313538
61400.0 3.266839 5.343432 3.1602933289930415 3.1648780619507835 1.59542887402827
61500.0 3.697249 10.544897 3.3901465499077887 3.5154201980059843 1.683294973888946
61600.0 4.189105 11.454545 3.9142724601427066 3.8693450104560996 1.5826403942709486
61700.0 4.338461 12.742283 3.8482293193861943 3.9114857370592993 1.6665177832711315
61800.0 4.739921 11.947532 4.277661546290796 4.345339138752713 1.64034208594181
61900.0 4.490645 12.101599 4.17195060858088 4.2164486365561284 1.6043410479450095
62000.0 3.954958 9.352218 3.721076683040189 3.7551736153695714 1.6974396233227047
62100.0 4.585010 12.074475 4.0698115489073885 4.202193265719887 1.5892241156183682
62200.0 4.291568 12.332254 3.795345468682986 3.866509004836163 1.5735668933821663
62300.0 3.936662 9.714388 3.635452422666601 3.6904497527368894 1.548611736799575
62400.0 4.504055 11.730676 3.9858296411586585 4.1095856973698615 1.5839006003613747
62500.0 3.632418 8.824356 3.3811374366106692 3.4470748420602892 1.5970041085030695
62600.0 4.374096 7.952890 4.190076249963913 4.142644575099619 1.6722093290392355
62700.0 4.399592 10.611186 4.012306068180285 4.113906073610037 1.613935088562206
62800.0 4.849024 11.036839 4.62634240838018 4.620354393198114 1.5785821812611303
62900.0 3.927414 11.043626 3.5684953529211128 3.5829545193275156 1.5404169863787296
63000.0 2.839327 5.016424 2.6850280420311345 2.6641168138704496 1.6308184221250674
63100.0 4.477440 10.852013 4.180729508195155 4.198888985486159 1.6421326660961006
63200.0 4.313610 12.000548 3.8591706559769197 3.937280176634483 1.6281894414166869
63300.0 3.857469 5.601950 3.779277762089524 3.7316493944096902 1.573591538026377
63400.0 4.888234 14.895026 4.391472571921545 4.484119595278574 1.5429404456626727
63500.0 4.988698 14.469641 4.638623753102878 4.683030520816741 1.7130849614846224
63600.0 3.851313 9.822752 3.516828075321699 3.593799966225254 1.6076972953446105
63700.0 4.348003 10.962817 3.9831948519467937 4.072243132736839 1.7265287827809839
63800.0 4.736712 11.429174 4.502325618314844 4.507891538283006 1.644264910033953
63900.0 3.955828 13.050309 3.4516055023130714 3.546316641051153 1.6515850886893446
64000.0 4.257250 10.693382 4.010619072751087 4.0633848147611 1.61804558386714
64100.0 4.475957 12.110530 4.086832960157519 4.132750014219574 1.6557605071689516
64200.0 2.937824 7.351706 2.692765446021854 2.7415511676235185 1.6121773958341314
64300.0 4.390217 13.582175 3.9160875509936974 4.04100552336411 1.7201764999627038
64400.0 4.905559 13.800589 4.414844752377831 4.511480191647026 1.5872890592359457
64500.0 3.724300 9.728496 3.5148116431008996 3.5039589706444327 1.6005686232973535
64600.0 3.744266 6.788566 3.5719391319619307 3.530150902390343 1.6405944406667985
64700.0 5.053269 13.683041 4.5412404247607725 4.563488435963735 1.6442127189300684
64800.0 3.588467 10.578313 3.2245013892292804 3.325880052971164 1.637633518026083
64900.0 5.085442 16.086010 4.559417656229359 4.644607454060992 1.59061618663111
65000.0 4.670755 12.534378 4.169353571863842 4.227155750307882 1.6473651100825304
65100.0 4.002434 11.591293 3.576249216781613 3.6731623918168386 1.5714833702054183
65200.0 5.065308 13.223785 4.676580299608411 4.681826482952212 1.6045183353162067
65300.0 4.304439 12.702533 3.657073122583904 3.756837171302155 1.5325689937885267
65400.0 3.883831 5.991898 3.8069792892904646 3.739102126058243 1.670420951096523
65500.0 4.476041 11.851116 4.043795363209683 4.09418522156178 1.6628378396995758
65600.0 4.241069 11.588974 3.797074201964281 3.79839704202798 1.6156655407208476
65700.0 4.596582 14.412695 4.024912435496985 4.144670729299092 1.5925656830312442
65800.0 4.937333 14.278998 4.305663246269047 4.427382613041749 1.6564696155982042
65900.0 3.636283 9.608948 3.287560424279395 3.310734126131585 1.6542810517389097
66000.0 4.084866 13.140572 3.693150826064503 3.7312970980615043 1.6879235452654613
66100.0 3.376071 4.616985 3.2812231654955513 3.247282949031147 1.4573535117599143
66200.0 4.799079 12.967614 4.335304101067947 4.435320115546076 1.6297201691486574
66300.0 3.454704 7.594256 3.1588824965972764 3.1884029394389533 1.7092407061591686
66400.0 3.823596 8.354041 3.54026024814856 3.5505207395828267 1.5886616131687537
66500.0 5.190020 14.067564 4.706173989340406 4.767074109763048 1.7050183939806423
66600.0 5.263407 14.486283 4.589123193917056 4.719602510431447 1.6733146453872467
66700.0 4.922013 13.429892 4.483776732293554 4.530377280248106 1.666368126827733
66800.0 4.103661 8.449703 3.854161697619488 3.8702972888364453 1.5630817757614053
66900.0 5.226177 16.966682 4.439293878483981 4.581165664155759 1.6138642052049703
67000.0 4.089244 10.202606 3.7278466015041696 3.837870721477374 1.6712952382063853
67100.0 3.829592 11.022975 3.4591323853073983 3.466381248584966 1.641507247719099
67200.0 4.632030 13.246872 4.11740947463516 4.26609570431689 1.7251435479738184
67300.0 3.564458 5.074479 3.5045704443137438 3.459922881218503 1.6605076349089614
67400.0 4.441607 10.717638 4.091448403165304 4.163596602243818 1.627382185015231
67500.0 4.184646 11.384362 3.727044811430789 3.7678479753076255 1.6091242494168163
67600.0 3.855392 10.408928 3.6588761842269095 3.682442842576778 1.7468601747636032
67700.0 3.890520 10.455634 3.5908604633953587 3.5925376256904586 1.6305888063845146
67800.0 3.770737 9.766919 3.3854366491822847 3.48813868272708 1.635971061038731
67900.0 4.024879 11.316980 3.7330926553829156 3.8128541061229226 1.6641068950517377
68000.0 4.320353 12.625137 4.0115658777706935 4.065259769120654 1.6684243864069963
68100.0 4.143652 12.032355 3.8119273162488407 3.841558268489948 1.593494715126306
68200.0 4.456364 12.555619 4.130936045527328 4.185221094938428 1.6555916586971136
68300.0 4.905977 15.936349 4.275583289398695 4.409163812155565 1.6457573831437642
68400.0 4.763055 14.008652 4.150972578632791 4.217574148586174 1.6406890512224952
68500.0 3.105020 7.108409 2.947678956758415 2.998248530121685 1.6454738642959803
68600.0 4.336674 12.578747 3.9036456271806705 3.934422567942625 1.618724161957996
68700.0 4.242474 9.574481 3.9795881282525154 4.03295609447859 1.6619213609179166
68800.0 4.452715 12.856699 3.924133440883028 3.999397985290902 1.5507445525615644
68900.0 3.778327 8.241482 3.4879136646777225 3.506185608162353 1.5978266557544243
69000.0 4.641219 13.714294 4.034165297538043 4.136191927975084 1.7075741650094654
69100.0 4.603622 12.688659 4.088422112633475 4.192461192698935 1.6194145789200471
69200.0 3.992515 9.855799 3.769661490062589 3.7379323472723276 1.6088168850127904
69300.0 4.228187 12.534651 3.7500192215072214 3.8496746124287395 1.5595348714597959
69400.0 4.177436 11.682549 3.8300641061919407 3.8769902701478496 1.7131111342012648
69500.0 3.566766 8.929455 3.234117884069449 3.251550846958703 1.6747142196014209
69600.0 4.688690 12.982679 4.264907714415714 4.3285732091497895 1.6444343138620474
69700.0 4.477755 11.914594 4.000494572310697 4.045210054482575 1.6471951433114227
69800.0 3.804874 9.840609 3.6493728831629437 3.5786383820779895 1.635911021908106
69900.0 3.405441 6.273799 3.1118777255305634 3.1266555336700823 1.6240298077694724
70000.0 4.717668 12.816488 4.3910390059664826 4.50530781500894 1.6462846946955636
70100.0 3.815743 9.165536 3.486550385404821 3.5589519377174854 1.6491646083842997
70200.0 3.762652 9.372784 3.5401126051369523 3.5486005239356535 1.6140031900066492
70300.0 4.324910 10.927274 3.901058934909343 4.0119811629157365 1.6119027821388718
70400.0 3.588124 6.874553 3.317768238375272 3.3284396198289596 1.5649937384169412
70500.0 4.191798 10.995001 3.662295563353399 3.7211673208330938 1.646994180040603
70600.0 4.043175 10.435828 3.8267197700714086 3.815014538921896 1.6039973458380499
70700.0 3.212556 6.026482 3.0560627424754827 3.085307038024159 1.640134064837185
70800.0 3.715279 9.958054 3.32505926574081 3.425624369415167 1.571552119847094
70900.0 4.721620 12.475541 4.333450356419635 4.369295549225716 1.637679286889978
71000.0 4.480243 11.865476 4.157077691301921 4.2693953680983725 1.5837308080149939
71100.0 4.752217 12.724187 4.273043401105172 4.336101831538305 1.6798816717717104
71200.0 4.399121 10.738330 4.120026496661737 4.20142537256048 1.595596456461958
71300.0 4.781692 14.715244 4.086479956204359 4.2082287887574354 1.5839497035153607
71400.0 4.947586 15.206967 4.33822830412419 4.416307578843451 1.5402537580187516
71500.0 5.025148 11.953286 4.546466944145551 4.653554378268748 1.5824189464938063
71600.0 5.065668 14.969549 4.5471099591520945 4.632284837034511 1.5014467754073484
71700.0 4.102216 9.957610 3.798855444503495 3.8460869678886427 1.6517363510756475
71800.0 3.307819 5.180994 3.060792936520216 3.0450115321562623 1.6425682783976592
71900.0 2.753460 5.142440 2.5562529869541843 2.5945006476705865 1.6332609008292867
72000.0 4.648388 10.562491 4.300052365478266 4.348118781361915 1.6736494355497251
72100.0 3.951998 10.516475 3.5100496952326976 3.6358899805238303 1.5759567710029252
72200.0 5.145483 15.074647 4.552732018824461 4.625098982096157 1.648682076660552
72300.0 3.236627 6.591710 3.0158041275418337 2.9939125703012013 1.5606228452465587
72400.0 4.755034 14.314066 4.244279738066829 4.358257004025782 1.6506671783903013
72500.0 3.671299 10.300726 3.293386595585646 3.3292970752771223 1.6663022016308668
72600.0 4.640795 9.944253 4.258128939102522 4.363769129184308 1.5855414996599386
72700.0 4.564449 13.011477 4.008058058133248 4.10044479609876 1.6741914579596138
72800.0 5.447569 16.268206 4.920537418063729 5.025873012299202 1.7523670806814615
72900.0 4.679960 13.198176 4.14458430563112 4.196987609255051 1.6029998579120408
73000.0 4.307546 13.326127 3.881813902030044 3.9735854490157183 1.5959977577388398
73100.0 4.379848 11.589879 4.136682403393767 4.136166936681272 1.6628096547086197
73200.0 4.597155 13.917409 4.135686481461424 4.210108203435106 1.7090924283055202
73300.0 3.304650 7.374052 3.084987009112017 3.082093488127557 1.6527566910899576
73400.0 3.750262 10.823558 3.401799708131347 3.554306415338955 1.6005186864186423
73500.0 4.482523 11.959988 4.194602896747424 4.2217780307645745 1.7011019926725215
73600.0 4.156343 13.575791 3.6602397658078845 3.720616982362736 1.579592704191842
73700.0 4.583508 9.830704 4.286292153972222 4.359758799377873 1.6248348974561095
73800.0 4.483441 13.383017 4.010430189769794 4.113008312936706 1.5936524801527503
73900.0 3.083042 8.072270 2.8098005646448265 2.8439697583447088 1.5577474573392605
74000.0 4.047897 11.567346 3.619109588336224 3.7413608222810493 1.5937994821554313
74100.0 4.066434 12.149050 3.4816298466979902 3.585489315682622 1.665156159793214
74200.0 4.262097 11.356068 3.8452289433894635 3.932014793347412 1.6883447818303925
74300.0 4.376763 10.952654 3.988336186277702 4.135766135576331 1.559086668203682
74400.0 4.799982 14.936412 4.27170081106686 4.3719417439636 1.6563441873616953
74500.0 3.468158 9.418670 3.2512854876030177 3.290118578650022 1.6082758411508051
74600.0 4.453984 10.736950 4.129660267432147 4.107400345023241 1.5697887635347079
74700.0 4.507009 13.771125 4.046182616436877 4.182731907528353 1.6504508101419446
74800.0 4.378318 10.145269 4.076035352465566 4.148411510605453 1.5773440477591105
74900.0 4.532870 13.584759 3.9860320854798497 4.102419638871439 1.6207439200054445
75000.0 3.751772 9.849015 3.6040577455664673 3.6258329021922564 1.6355788754202876
75100.0 4.982567 14.887224 4.555775273674 4.5755641854063205 1.58280784292065
75200.0 3.855898 10.503810 3.4855612049405704 3.490280356947669 1.7058519206918707
75300.0 3.265757 4.292056 3.0420128700718774 2.952652462686887 1.669693626282745
75400.0 4.578900 10.876272 4.269587559913668 4.315303406245753 1.6600220161978079
75500.0 4.225665 10.709373 3.803002990967671 3.846012589402886 1.6563810952505549
75600.0 3.225534 5.087813 3.1482840953176123 3.1082505550879773 1.6881269416230809
75700.0 4.471742 14.490166 3.8928228619275056 4.037668872157191 1.6159611161653689
75800.0 3.894400 11.195893 3.5851654817598417 3.6646996160406724 1.6629922291656904
75900.0 4.629485 10.795607 4.3341767373599955 4.362430338946196 1.6263183298811534
76000.0 3.764979 8.133658 3.5982040755411164 3.6113220164765534 1.644161885895629
76100.0 4.140521 9.518595 3.910044181804322 3.9341794576402775 1.6883504611464484
76200.0 4.441217 10.308642 4.117757308653178 4.153068375809797 1.5991643273126708
76300.0 4.270386 11.366144 3.8244638621319993 3.8592208152751 1.6814069756644483
76400.0 5.056336 14.835618 4.444381865801731 4.552251442263293 1.630441670113978
76500.0 4.031274 9.329567 3.627686449475658 3.5875073246672122 1.5476970218834116
76600.0 4.724336 14.713209 4.263483349207088 4.3634111674826475 1.6742748602214073
76700.0 4.916951 11.719999 4.577516643121531 4.594986709754205 1.6857430873439738
76800.0 4.035357 9.876352 3.6726906787143037 3.764263518964908 1.5965731143360762
76900.0 4.836689 11.601540 4.499743668410287 4.508587790181487 1.6289854585057006
77000.0 4.550005 12.367299 4.148760595128214 4.1330100215833685 1.6281362749600636
77100.0 4.758844 15.696282 3.9785725109941263 4.1550877417386065 1.612379086819476
77200.0 4.351226 11.563299 3.912867616352497 4.033665887407776 1.6721832765945541
77300.0 3.150984 8.886622 2.974692738408919 2.9655677426812024 1.579872944588969
77400.0 3.129366 5.430434 3.045121842039087 3.0005027429770728 1.5729706011110385
77500.0 4.943878 11.489648 4.601979479405807 4.68934988001808 1.5729199435504821
77600.0 4.283460 10.994128 3.9323476337426695 3.981219336169133 1.6743544227279803
77700.0 3.468470 7.002302 3.28605574410521 3.329932133082143 1.5241044817626457
77800.0 4.182540 13.276686 3.703403808916299 3.783061553261459 1.6228950325742286
77900.0 4.150235 11.190519 3.766950321487684 3.814752240736178 1.6109690970752168
78000.0 3.565595 8.305334 3.3621124529662 3.3404348159504944 1.595778908303344
78100.0 4.238696 14.223398 3.677023451713211 3.7845141291309137 1.6495518029287857
78200.0 4.345505 13.184497 3.8337534430390745 3.970044698161623 1.6747399926066346
78300.0 4.914148 14.043507 4.337708593005582 4.44013267904046 1.68749184797481
78400.0 4.499159 12.986938 4.220100016598627 4.194201763227982 1.6346169528593608
78500.0 4.341332 11.897241 3.958926166486514 3.9371004134525602 1.6325558799401703
78600.0 4.197558 11.687804 3.8656099843291853 3.9521934782438466 1.616534391449805
78700.0 4.833134 15.388193 4.072585554497727 4.264969639786188 1.5973891790336536
78800.0 3.635487 9.224231 3.3107132987307057 3.3947930038770875 1.623779954290289
78900.0 4.287176 11.603667 3.9915478254997008 4.029468312589738 1.63548245383369
79000.0 3.849678 9.472881 3.618385714011025 3.566824630700547 1.6625652156570236
79100.0 4.741310 12.611354 4.230387903786033 4.3615446936101385 1.6181639272158705
79200.0 4.645196 11.173081 4.3943631049268985 4.384964784670818 1.6586807278575395
79300.0 5.014157 14.614396 4.399555973205947 4.470686525870713 1.5422143326462427
79400.0 4.188280 9.582337 3.8620947622225255 3.924770793527192 1.476063485637095
79500.0 3.541592 10.273827 3.32244490942635 3.2986841914246945 1.6126011266803337
79600.0 3.770353 7.452909 3.611666342167732 3.5671361385335527 1.5998042653924074
79700.0 5.315443 16.144825 4.739638436833515 4.8039080568390515 1.617853697323477
79800.0 4.780951 13.436561 4.316225417654005 4.447643165909356 1.6914767383185996
79900.0 4.330771 8.665844 4.179182762238475 4.197701461538598 1.6807163821425188
80000.0 3.590698 6.623289 3.423640341070864 3.3908106417167434 1.588320884553831
80100.0 4.265811 11.699560 3.8007422153935417 3.84463047169658 1.5813622684026352
80200.0 4.309683 11.724529 3.9258879546257384 3.9792610254938254 1.6184631747448233
80300.0 5.130925 12.153446 4.726390857579938 4.737144928379856 1.7436274200043347
80400.0 4.342644 10.254805 4.072092191166945 4.1739457163494444 1.6179418943024209
80500.0 2.853648 8.063328 2.583600831745818 2.610875232769823 1.6276917397470096
80600.0 4.812148 14.335875 4.230691942504369 4.321444669626463 1.691800337752939
80700.0 3.717856 10.800949 3.4500979491407264 3.5336550316114876 1.6687474835046836
80800.0 4.230782 12.341279 3.84367009654417 3.9014472863474117 1.5553517762220632
80900.0 4.770179 14.319963 4.237037691415214 4.358138583922624 1.7228844522120572
81000.0 4.498845 12.701343 4.093474396894545 4.12788338939957 1.7192032465699703
81100.0 5.070867 13.712961 4.591635286403342 4.6796556814946015 1.651997561166931
81200.0 5.206169 13.758879 4.671603538255851 4.781625254223386 1.7227477010527106
81300.0 4.323483 11.590831 4.015584323015265 4.030361521901627 1.627258439394626
81400.0 4.558817 12.432415 4.180079025933348 4.274295867824035 1.7185866564111412
81500.0 4.632374 12.799929 4.164374850209536 4.30287612016661 1.6110132996176847
81600.0 3.749513 10.968652 3.398451408988829 3.443938312104225 1.601666133004801
81700.0 4.182330 11.227509 3.8335858982880002 3.867199087819069 1.5698665854575515
81800.0 4.761865 14.093632 4.294227093695742 4.235792868753098 1.6704618785999175
81900.0 3.203111 3.261453 3.162696784349044 3.109438015589001 1.6991651682088325
82000.0 4.934383 13.450131 4.438974887795994 4.514698041144535 1.5917626492641446
82100.0 3.540311 8.654928 3.2946977870400422 3.313654454875482 1.5987252246519357
82200.0 4.127734 11.948811 3.759235423534377 3.822951484970776 1.6323735357918958
82300.0 4.417074 8.658944 4.212738623561473 4.270474921040317 1.6978549559034526
82400.0 4.456270 11.885763 4.103698718992023 4.198649079113538 1.6057988059751875
82500.0 4.455322 14.357972 3.942898757086655 4.023084856955823 1.649456111883524
82600.0 5.043646 14.666125 4.370686371695727 4.527801738957515 1.6046229631441065
82700.0 3.335602 8.635510 3.08619810807972 3.157833074453433 1.6618128631344857
82800.0 3.919807 13.338546 3.483806827085089 3.584207966551139 1.6638968059516959
82900.0 4.717331 12.993869 4.23375078129136 4.371237623684043 1.5816385994865112
83000.0 4.953926 15.121450 4.426126951767563 4.520780753825821 1.6328514220280639
83100.0 3.505532 10.324443 3.11205051869806 3.231494663804732 1.6632037940823063
83200.0 4.808047 14.535169 4.336041358091641 4.39019992865718 1.6681226463873238
83300.0 4.654925 11.421254 4.380357873238229 4.380169063199304 1.63924091691012
83400.0 4.906019 13.354809 4.412842507248048 4.512585131376234 1.7309522414622056
83500.0 4.316035 12.312981 3.9083360073773483 3.974886301713525 1.5945776598409975
83600.0 4.576186 9.310021 4.233871216657616 4.254223606665698 1.6484877052009301
83700.0 4.759102 11.226473 4.35035657286238 4.361819303864396 1.6397339528862989
83800.0 3.687916 10.095778 3.212520593762058 3.315156523067063 1.5776541274252431
83900.0 3.602378 9.519025 3.364228562065327 3.3427851998528015 1.616767283249756
84000.0 3.232619 8.102606 2.9636628855680196 3.0710564132126303 1.6085047994003276
84100.0 4.507171 9.867312 4.149304453205691 4.188577916165773 1.6362728086895746
84200.0 4.148042 9.471189 3.9860792071930846 4.008019450405175 1.6775331696302656
84300.0 5.036021 10.770068 4.695812736717433 4.733741842840278 1.6006454080449928
84400.0 3.266942 9.271463 3.010678445246655 3.054985072660074 1.6074930784199677
84500.0 4.032850 9.887854 3.6807725231126684 3.706187740334044 1.645159928006486
84600.0 4.063005 9.505338 3.8981378338480073 3.901012759138239 1.5485026477252426
84700.0 3.785287 10.795245 3.5096706284778616 3.532370597127236 1.5909717580403373
84800.0 4.055174 11.837927 3.6061370821108425 3.716712695840149 1.6574937410356216
84900.0 3.932767 12.217750 3.5500442788040103 3.619009862207834 1.6195312108323336
85000.0 4.206214 10.476676 3.691541310709426 3.801689043819924 1.6379231217159949
85100.0 3.287223 10.523820 2.851339374674276 2.9271762986912786 1.62683999160868
85200.0 4.158310 8.917111 3.9203058376648396 4.008016066765 1.6843349033104205
85300.0 4.853536 14.418224 4.326462859863404 4.338645995039097 1.6178072710966374
85400.0 4.418074 11.036366 4.058638563120894 4.114117386557303 1.6445000309269253
85500.0 5.281546 12.692180 4.809020851485812 4.811787804528705 1.6541848492717381
85600.0 5.019731 13.126329 4.481825890691345 4.581035931138977 1.6527025173935146
85700.0 4.051003 8.352167 3.6322603907212194 3.705481419583043 1.5949102529617956
85800.0 4.115452 11.464381 3.7103638394853693 3.8291469321400506 1.7129550377584362
85900.0 4.905692 14.511541 4.193457483225556 4.34386623990606 1.6137864593941842
86000.0 4.845525 14.534607 4.269925711143145 4.349006536109967 1.6960908466642919
86100.0 4.919763 12.633637 4.466411516581943 4.545173770329719 1.7155227635209658
86200.0 4.549316 14.502749 4.0256909940801195 4.094682897623561 1.667110267124955
86300.0 3.896475 9.111904 3.489441220168202 3.5755827114965006 1.629099517644015
86400.0 3.633014 11.647733 3.2138891878322764 3.318868282932399 1.6101042278407045
86500.0 5.066159 11.952804 4.579416512675875 4.6047862589028705 1.642850105160271
86600.0 3.576470 10.083102 3.185321760582725 3.2685717760219304 1.5832526239926723
86700.0 4.407879 13.324130 3.9200745777999684 4.061602072623198 1.6313316021722322
86800.0 5.121472 15.355808 4.470254218650781 4.591080857745333 1.5793318163489973
86900.0 4.205490 7.816497 3.9508140899900392 3.9296830904188362 1.621516674483838
87000.0 4.647775 12.151732 4.240819189423163 4.361038619911458 1.64230521094383
87100.0 3.722443 12.587353 3.192315302564746 3.364671893688165 1.6121229322950852
87200.0 4.884266 13.483421 4.520506499053108 4.551183939956647 1.6413445924855399
87300.0 4.132265 11.142251 3.6408618054766735 3.736032049181813 1.5363462503249405
87400.0 4.672504 12.501228 4.167199414154735 4.280816776924665 1.5928028848114157
87500.0 4.373259 13.904608 3.882065209972535 3.965835363994131 1.6490228348932885
87600.0 4.161931 12.665578 3.6797683343983865 3.722846147003723 1.6748073000263413
87700.0 4.921722 12.838834 4.414980749314005 4.524706387529699 1.543756492139803
87800.0 5.601654 16.968395 5.027203028527858 5.076193160487313 1.7409670710620695
87900.0 4.272809 10.994710 3.9063757492886935 3.9435733438416376 1.668525312521288
88000.0 4.341961 14.231489 3.8053024185452733 3.936412977068098 1.5176655346183552
88100.0 5.038916 15.557535 4.473369177352947 4.590633268959551 1.6772666946362889
88200.0 3.963176 12.307113 3.5359665464278303 3.623087324825677 1.5715439091338848
88300.0 4.542484 12.064220 4.081756793540311 4.14781273310421 1.633804701307292
88400.0 3.539990 8.080203 3.383032799798436 3.369026848069116 1.6857624892827254
88500.0 3.899549 9.026439 3.6707992147363253 3.677622297211007 1.619232839022772
88600.0 5.275077 16.982807 4.609390230609747 4.727680150740448 1.6856471681488359
88700.0 4.400955 11.774479 4.074175964485329 4.068370294098177 1.6460504461848426
88800.0 3.641519 9.282211 3.2982959046157125 3.436973148244999 1.6775788766085558
88900.0 4.160978 8.475774 3.748279039181376 3.790742222198532 1.679505247661593
89000.0 5.144286 15.448612 4.511602957792496 4.572490877070201 1.641257662964238
89100.0 3.992568 7.470802 3.8316854941321314 3.7972860284796437 1.6062846853525825
89200.0 4.049306 11.805800 3.6435641563505405 3.7222182831298487 1.6770967010896602
89300.0 4.154882 10.354288 3.806811907451676 3.8383934002800495 1.7032903357179656
89400.0 4.053522 11.960308 3.6142066023121067 3.774758809820761 1.6586899079696398
89500.0 4.573017 11.619734 4.163669488625878 4.253216592476083 1.5679643105751089
89600.0 4.542662 10.784001 4.350123948403654 4.307914537209753 1.6592640633285427
89700.0 4.708494 12.050742 4.291688787878282 4.284947236756083 1.6587339644464536
89800.0 4.078877 10.405773 3.671367163818364 3.6877141171598065 1.5119952568528452
89900.0 4.871853 14.116911 4.400751441743698 4.47783710125792 1.6670297383406483
90000.0 4.221822 11.253281 3.865074934609025 3.9143039728149325 1.5737753245243293
90100.0 4.729690 11.738820 4.329644540318865 4.39218675942939 1.6858180005366126
90200.0 4.303154 12.432644 3.8738647063269434 3.903989678919322 1.6441826295215247
90300.0 3.379395 5.425153 3.2110000052586805 3.253417051960482 1.6383043509784854
90400.0 4.200830 8.336844 3.9255230118653173 3.986600876688979 1.6142273631079187
90500.0 4.030977 10.644699 3.7166892260896343 3.8110881885976777 1.6618307944555368
90600.0 3.351264 9.354787 3.049586763184848 3.0962901854893885 1.6260209630239355
90700.0 4.919498 15.796023 4.209793903485555 4.367369404078322 1.6810692591879433
90800.0 4.547687 8.501018 4.353772506483079 4.379766710833056 1.59594784071121
90900.0 4.453995 12.369904 3.990424135805398 4.112134367656003 1.610216461799484
91000.0 4.090383 11.489127 3.8275967447090746 3.8345120921830786 1.6526588084519236
91100.0 3.651868 6.376621 3.5757240739531584 3.5767412860764725 1.647759052253495
91200.0 4.418187 12.315945 4.071880473488826 4.135256708817089 1.5302316051734108
91300.0 3.138049 9.555140 2.823769270051295 2.8794896460551884 1.49532547419898
91400.0 4.635498 14.182871 4.193861073036555 4.2706134461429786 1.6804646002640748
91500.0 4.495397 13.753189 3.988575853757716 4.089862100382242 1.6553971359796351
91600.0 3.688183 10.003079 3.2248853453111055 3.2594561763458687 1.5514303898475907
91700.0 3.376668 8.777443 3.1440524521392916 3.212792908291437 1.6403232884901175
91800.0 4.596881 13.462608 4.158711250419208 4.286604414678928 1.5767170032227018
91900.0 4.231087 12.542380 3.853449957348101 3.8994796634224183 1.7019410320508166
92000.0 5.269311 13.774851 4.804509091386246 4.888534595344141 1.6627376139812369
92100.0 3.181942 5.235255 3.05410470374417 3.0486678391423614 1.6783519218466243
92200.0 4.349811 10.118195 4.029938297133734 4.072538055457424 1.5951695938593475
92300.0 4.863871 15.095940 4.31208151589677 4.441719947009643 1.6259862382177208
92400.0 4.994922 13.903623 4.555403733337071 4.653209567275516 1.699253148307997
92500.0 4.731119 11.062794 4.213574655569375 4.236520760525183 1.6566286641112067
92600.0 4.572696 11.871903 4.218318073238315 4.265125731054957 1.6498014972003925
92700.0 3.449372 6.934588 3.298167416309245 3.257281177397376 1.659076117099725
92800.0 5.209312 15.410629 4.48640066038617 4.555193695107659 1.7342610210034528
92900.0 3.414999 10.656395 3.102381778986933 3.1308964725087525 1.602516699834773
93000.0 4.068571 11.435601 3.6860076349752933 3.7512869549022176 1.6499043859270277
93100.0 4.837592 16.398422 4.0145369683579295 4.204362152552488 1.5855678101550992
93200.0 4.472581 12.514981 3.9970894920699025 4.035289140561619 1.6642879158684927
93300.0 5.244159 16.667677 4.562574050355338 4.667009031539591 1.5461965272867195
93400.0 4.553430 14.176359 4.1534260747119 4.213983969052473 1.6281221300476543
93500.0 4.283880 11.047923 4.008382027735857 4.0433927308323705 1.5648661059803095
93600.0 3.924555 10.298448 3.6410157082259222 3.666306592792608 1.619693913691792
93700.0 5.047766 14.326907 4.402647241370687 4.495502425405256 1.6661170345102485
93800.0 4.525991 12.261081 4.154218581822316 4.239086216491358 1.5821972488707685
93900.0 5.003093 15.703000 4.387699915019366 4.495837430742585 1.6923308961167234
94000.0 4.836898 14.630146 4.3693611656741105 4.395413969580198 1.6102921721751147
94100.0 4.366127 13.379475 3.869514749341308 4.016770295995358 1.590125266072367
94200.0 3.640854 8.659963 3.4419452222366593 3.4898698080639794 1.6174079598712294
94300.0 4.081987 8.668028 3.9337414790483263 3.907681796615949 1.6846693805514301
94400.0 4.162253 9.540375 3.9053865438306485 3.908039667234407 1.6507947006092856
94500.0 4.829939 15.154920 4.221448941826518 4.387363067591351 1.6607717909989013
94600.0 4.892986 15.802983 4.301020282292422 4.4299599151885 1.6963984358664905
94700.0 4.541047 13.417501 4.090335420916869 4.284498319746496 1.6931715176997584
94800.0 4.211352 11.024857 3.9331412236409347 3.974220903663142 1.6802695491453257
94900.0 3.359747 9.078628 3.1455374230768336 3.211665643259841 1.640352261875136
95000.0 3.701955 9.259517 3.467951169707541 3.486484258237518 1.6071664865962216
95100.0 3.905282 10.064903 3.583882936915428 3.633846258907259 1.5912032350282064
95200.0 4.446952 12.484472 4.083721646560255 4.155505139739273 1.6583796727916869
95300.0 4.606028 11.403145 4.193604166973023 4.20696594114688 1.5729045618623563
95400.0 3.923661 9.027652 3.651107770899137 3.661850906839825 1.6329782060111797
95500.0 5.116962 12.941080 4.738015834946621 4.72436515649216 1.6678343858122666
95600.0 4.016044 11.741212 3.6380976567619263 3.721820935929292 1.6049331016766444
95700.0 4.220640 11.629106 3.8507563485385434 3.8914185803076564 1.6173287878763671
95800.0 3.349181 6.642215 3.205916963281971 3.2043575133781146 1.605623620429122
95900.0 4.142092 10.310923 3.9255182416700785 3.987158168142712 1.6522129095168487
96000.0 3.891186 8.597147 3.6472946708863327 3.6711974782834136 1.7166229807236053
96100.0 4.463385 14.365231 3.8905211774434365 3.9942212919621203 1.6112412945670163
96200.0 4.727992 13.631184 4.228968107274918 4.327598967412963 1.7222993767070203
96300.0 4.455289 11.873055 3.981205931673138 4.01455617751918 1.5986300873865864
96400.0 4.784024 13.040454 4.330613292296742 4.3767702491472615 1.6304337519531427
96500.0 4.591727 8.778348 4.314731978051452 4.355072357098295 1.6858870154080325
96600.0 3.666932 10.749017 3.28703768699221 3.353305351353642 1.657923652370476
96700.0 4.962024 12.232651 4.596952382750048 4.675760059110045 1.6005237549257014
96800.0 4.267890 10.407686 3.902699901863941 4.0006088671053615 1.6399520597284483
96900.0 4.443710 10.714139 4.180851899625029 4.231873418834759 1.7211933279834484
97000.0 4.868478 14.270547 4.482617312681497 4.569317819220632 1.6179266874093867
97100.0 3.108160 9.171687 2.728017018450677 2.8127734209228286 1.5626877066146767
97200.0 4.455535 11.121738 4.049664553166536 4.049586845400061 1.652104611863347
97300.0 4.037949 8.476948 3.805704540013241 3.842523702383867 1.5795853603929013
97400.0 4.688062 13.698559 4.194940748004331 4.231097619044759 1.6765185428772926
97500.0 5.096464 12.515814 4.541156818325169 4.632884691586072 1.6334538130793088
97600.0 3.859120 11.147439 3.468138355850361 3.5902312907735543 1.591465125013358
97700.0 3.586604 8.403076 3.3403025949883105 3.374255151248197 1.6389301847311775
97800.0 4.748635 12.994685 4.1782778891983465 4.343413259081428 1.6491865891831428
97900.0 4.315335 11.361234 3.948099647661048 3.9975419518001427 1.7232604951895119
98000.0 4.244636 12.174818 3.8883030049658953 3.884786833270356 1.6025318497503862
98100.0 4.207153 12.581815 3.7801023929847584 3.8245659386336404 1.6879093481812486
98200.0 4.171646 11.580396 3.870159227895958 3.85025214892009 1.6345209103068985
98300.0 3.327824 8.122566 2.958761695038397 3.0557462310875336 1.6241943153659508
98400.0 4.022700 8.988751 3.6951750686111526 3.7327108253510652 1.6630973680093173
98500.0 3.867180 10.777357 3.4794959466708666 3.5715532882415637 1.5755618734644965
98600.0 4.302269 11.504096 3.8783343602635996 3.949077088681764 1.586557787726834
98700.0 4.269180 12.372768 3.8496512802132585 3.942835051132658 1.708183891900449
98800.0 4.761169 16.030984 4.0944558772042425 4.194804133389315 1.6302027308736915
98900.0 3.305851 7.446734 3.1029555856859834 3.0902221288576794 1.5897102224159732
99000.0 4.240612 12.936734 3.774557230211264 3.8965968593793425 1.7150212125557032
99100.0 4.129942 10.607939 3.803536850043015 3.859596299384991 1.6679542812232633
99200.0 3.592763 11.784053 3.284540309637673 3.396602249321772 1.614279839108225
99300.0 5.199942 14.972921 4.630004535889697 4.690715888722877 1.628575069414561
99400.0 4.103280 12.931568 3.6074243182069807 3.6741630829885294 1.6186524703380856
99500.0 5.617395 17.697981 4.9017993722144215 5.114324502224808 1.6436556418005475
99600.0 4.332574 12.102149 3.722819535119561 3.8489144371193387 1.557562702976302
99700.0 4.433140 12.721278 3.934656877228835 4.030127713309116 1.721105419477833
99800.0 4.406680 9.781275 4.081150791207043 4.079362894455759 1.6669907991068276
99900.0 3.912165 9.003086 3.682060209064606 3.704334661948473 1.6391351716979004
100000.0 4.963709 12.953916 4.437418757830894 4.506631463056663 1.6433474554245229
