# t rg re s3 s4 s6
100.0 4.804289 15.212387 4.647062176152454 4.3926720671033195 2.545753903152645
200.0 4.540655 16.124208 4.221614098453221 4.010162856827727 2.1979931629522302
300.0 4.376150 9.851537 4.347634596990653 4.231840398533709 2.3418591415703203
400.0 4.674283 15.180502 4.482397843107448 4.336600506975042 2.297435155052686
500.0 4.425524 12.404427 4.414935822270433 4.212032140093479 2.387816676129041
600.0 3.653483 10.010721 3.5445017795041975 3.447884221120869 2.3012029510647074
700.0 4.550429 15.011017 4.432344706620357 4.2348222529438155 2.2493341743785646
800.0 3.746067 10.397132 3.914127172426046 3.615633348328453 2.2933380315443226
900.0 3.428914 7.585019 3.7474283227580423 3.442227852780005 2.4533936451532137
1000.0 4.301607 13.420500 4.161305790275766 3.931805724896818 2.2881973436755634
1100.0 4.324258 12.956431 4.2039940358354695 3.995600567189282 2.1533163314664288
1200.0 3.294352 11.548466 3.2100655552588067 3.039994467472112 2.2961694700233215
1300.0 5.046922 13.146720 4.957517789216363 4.752556733413518 2.0884398322339663
1400.0 4.270354 11.615439 4.388312329680295 4.1020376371132095 2.5213780108113566
1500.0 4.320051 11.207369 4.090609051736865 4.015341608952133 2.489340476838673
1600.0 4.086163 12.127921 3.9832244453309493 3.8350043832189815 2.3824372710773476
1700.0 4.599209 13.952989 4.646612191413349 4.271224764771813 2.3366067085446662
1800.0 3.992229 10.254026 4.009460913842724 3.8025288061682794 2.4352360140290155
1900.0 3.951309 7.409763 3.748605771644292 3.8098713954777383 2.122341692356499
2000.0 4.330749 12.201589 4.518971674456448 4.134939560127239 2.3639801200085255
2100.0 3.010823 4.446813 3.331564664251136 2.994389767040068 2.108991539833398
2200.0 3.307186 6.606015 3.50167140563141 3.269789305883184 2.3806234015982723
2300.0 2.867907 3.628938 3.3174730119676865 2.89751801537637 2.226623641819487
2400.0 4.691734 12.239115 4.63238384041413 4.415027630268143 2.188467540809799
2500.0 4.058513 11.979853 4.148872084418834 3.88936170283536 2.1022139237024358
2600.0 4.178064 9.996147 4.0937623778826016 4.018019447685599 2.310044580324143
2700.0 4.357790 12.901435 4.352849589763659 4.16421140183991 2.3120645783979645
2800.0 3.159749 9.076552 3.535454946858407 3.1016576073769597 2.2953506889292017
2900.0 4.058738 11.263639 3.933484547158595 3.90625511229952 2.196816920938221
3000.0 4.405042 11.792193 4.185094888019354 4.1322453893018585 2.029741937400398
3100.0 4.664106 14.032193 4.612678931272337 4.412896711266854 2.4248176097215306
3200.0 3.146682 8.880604 3.4005739954555683 3.0749391721022716 2.053919928261416
3300.0 4.556829 14.284751 4.39730956196526 4.216085771483515 2.2577877635932637
3400.0 3.690035 10.087780 3.792699321439032 3.551125166539813 2.5662798237855022
3500.0 4.624413 11.592089 4.560325735005073 4.365275904100796 2.424474046759224
3600.0 4.356936 11.213438 4.150347390501446 4.057941082344056 2.5721906532849017
3700.0 4.741672 12.122370 4.610872995478583 4.45711057245 2.261581529782802
3800.0 2.960373 5.122572 3.128585607617439 2.852171287478477 2.207621768727059
3900.0 3.709604 11.993408 3.6019422619440027 3.419285434480829 1.8613863198519554
4000.0 3.875099 8.325950 4.052809501572632 3.8467438207392823 2.3455335949204814
4100.0 5.352390 14.164742 4.887756950560282 4.904711789488739 2.008971605046823
4200.0 4.368285 9.533921 4.1750844717452775 4.125943955292296 2.341325441092131
4300.0 3.110625 7.755386 3.441232258176531 3.0824944181839005 2.2092304136384846
4400.0 4.541370 14.101668 4.425667843173766 4.195139224900144 2.266222759305611
4500.0 3.942423 10.284146 4.077898784950282 3.8569897055687794 2.1741709587598548
4600.0 4.003512 8.515449 4.122698510598108 3.8730384095801402 2.2457533630068642
4700.0 2.683418 7.150516 2.8809934126184213 2.64303651571063 2.428545089453069
4800.0 4.052886 13.937517 3.831644436300934 3.640640237065472 2.7824073857153215
4900.0 4.558325 13.299517 4.662880393015329 4.287198974701129 2.1079025249026033
5000.0 4.191040 13.817323 4.320056106007142 3.956445968242239 2.13659244943898
5100.0 2.926206 7.102514 3.13338318202293 2.868189708257124 2.3287252729702907
5200.0 4.390319 11.945971 4.530984179883711 4.231272819344187 2.420069212701352
5300.0 3.445031 10.420141 3.747093181170655 3.3562793635394557 2.5220733904985395
5400.0 3.416394 7.393645 3.8300838020338275 3.407448233696323 2.1642127586411517
5500.0 4.410190 11.184445 4.538713938116098 4.270778587721426 2.4940673175446832
5600.0 4.272461 13.386213 4.268396582718386 4.009483246842125 2.19098227471021
5700.0 4.209712 9.929118 4.248998730834048 4.0191502199698235 2.292606853547837
5800.0 4.578988 13.088025 4.4924646959384065 4.284617187702968 2.5250964716965316
5900.0 4.717433 11.613355 4.535279454815694 4.387835218895499 2.2276143499382237
6000.0 4.304027 11.530666 4.087574662369275 4.06551474219867 2.3156266680600774
6100.0 4.255622 9.949152 4.364417607141212 4.108714762396766 2.496568150271717
6200.0 3.544805 8.552860 3.821861811286895 3.5194537467295643 2.2038632118542556
6300.0 3.139287 6.098624 3.0441736207979337 2.911542577754928 2.2214800934169494
6400.0 3.696951 10.128251 3.9435601929084303 3.6155880665065356 2.3774009814014425
6500.0 2.902319 8.346007 3.12558808717639 2.855289098610573 2.2603381484677056
6600.0 4.626448 11.057242 4.329497785500543 4.3274771054463015 2.2566126055914686
6700.0 4.263304 12.035696 4.289405967746281 4.03308226203214 2.219591351092175
6800.0 3.849909 9.648945 3.955255295507584 3.686868918523159 2.22350366233106
6900.0 3.581727 8.911663 3.555582711987321 3.440831264145303 2.22281614843448
7000.0 5.050875 15.461986 4.750044469190604 4.666011366458836 2.1348283385524485
7100.0 4.735376 14.698217 4.75909538743693 4.4190371845726615 1.986254560792431
7200.0 3.840291 9.911339 3.8957745265399257 3.656844808182584 2.3128371108035304
7300.0 3.420774 11.032799 3.6001528216882317 3.294967614486704 2.253902838075757
7400.0 3.302750 6.947868 3.6756400851756625 3.3006181905368455 2.1277889867622184
7500.0 4.091350 11.871331 4.039710888411728 3.9180655271614824 2.2385807770934703
7600.0 4.913492 10.833625 4.701702340191686 4.577264311953497 2.1405506049743086
7700.0 3.589049 11.854270 3.4638494775879494 3.3621604721246023 2.5025130210876907
7800.0 4.712730 11.970691 4.521001537437592 4.416576456530125 2.084055903270398
7900.0 4.330711 12.736147 4.13022334234721 3.95449078614057 2.1831415725570706
8000.0 5.365671 12.633499 5.0740530777456305 5.01392480808222 2.26767924108537
8100.0 4.531910 11.859380 4.19476173349541 4.222553042850305 2.276381042753789
8200.0 3.866299 10.471448 3.9273627443382053 3.6560952326652685 2.3435262889405206
8300.0 4.340003 13.005406 4.543621387079574 4.153256660722344 2.287046746200088
8400.0 4.254528 11.017440 4.214324609739231 4.006803631931547 2.2003724479824465
8500.0 3.791793 10.208070 3.8967763497770083 3.6614004363460446 2.431681617376645
8600.0 4.599783 12.387423 4.778800150404452 4.4665066745085715 2.073108792894045
8700.0 5.141980 14.609417 5.022228507270722 4.781900457647745 2.2130455037541035
8800.0 3.479261 10.517775 3.465722978415508 3.2990597104569535 2.1175745654134324
8900.0 4.496250 7.973663 4.124136691936953 4.180606764047164 2.3775081530185083
9000.0 3.954985 11.917592 3.889332464432758 3.6964366147256955 2.2855017483208857
9100.0 3.564678 7.722444 3.7531520935451064 3.500369576271673 2.2438073490357255
9200.0 3.352188 10.041993 3.231114830218493 3.1485308551979787 2.231677941032285
9300.0 4.030353 9.732127 3.6420129521057625 3.7471581616292577 2.1777426252998757
9400.0 5.401223 13.468889 5.408611779004476 5.152427963708238 2.2864110720488444
9500.0 4.482536 11.662669 4.333492093693338 4.220337960555944 2.1737618578064772
9600.0 3.802777 8.649100 3.8031399117716282 3.699574946529161 2.498183001092907
9700.0 4.172226 8.826678 4.1484028357867535 3.977611111168791 2.1971583018192016
9800.0 4.161996 13.056815 3.865414440031907 3.8115638534804863 2.1193154113427424
9900.0 3.513837 8.273331 3.711732494430565 3.418785614617998 2.1204745048338323
10000.0 4.426460 14.949616 4.131138159609518 3.88348893291128 2.4543545731654146
10100.0 3.267796 8.396199 3.22001315444486 3.039710264786663 2.200512356578098
10200.0 3.809439 11.963556 3.752136789860092 3.53780412695267 2.370730910974002
10300.0 4.239816 12.506893 4.048166574095546 3.9119506131606334 2.3264647665051905
10400.0 3.663803 9.092306 3.610690582593109 3.4447013242832956 2.3122821274572734
10500.0 4.145632 7.296117 4.227916088690165 4.020793727744565 2.313769229059978
10600.0 3.563743 9.579495 3.612811001689135 3.429576733952302 1.9652082684307777
10700.0 3.161948 5.541084 3.048855750468278 2.982240346192946 2.504049276204248
10800.0 4.816319 15.397770 4.651056821455468 4.422670377094334 2.0769070332796447
10900.0 4.595350 12.557709 4.558220522344684 4.370025105821682 2.1201328688518304
11000.0 4.364512 9.517923 4.310280771337481 4.156519408738473 2.1679995539962147
11100.0 3.988651 11.784560 3.9509135896453698 3.6741916916043413 2.525158020118957
11200.0 3.806916 10.898097 3.680982224806244 3.576175194210271 2.1943398356075527
11300.0 2.585732 5.687079 2.966104183384276 2.6136234381287298 2.127939891714182
11400.0 3.340215 9.111442 3.530198843592373 3.2433676503256414 2.165806565202852
11500.0 4.209934 11.224146 4.16069655029049 3.966174364629425 2.5852631172000766
11600.0 3.401270 5.451614 3.445582905097297 3.2861033442275267 2.543236153285759
11700.0 3.771914 9.268978 3.6628695882390265 3.5996522658517054 2.3882287150703454
11800.0 4.784878 12.807991 4.605149944239689 4.408028476189 2.409819958101586
11900.0 3.326235 8.135582 3.4231430637302203 3.2399675667716794 2.3485359607632508
12000.0 2.993441 5.838087 3.339496469183592 2.970956388675672 2.531828305625422
12100.0 4.626883 14.278580 4.611426452371808 4.346493842017918 2.1996382659387947
12200.0 3.007178 4.328448 3.0500774404308726 2.9618085558855696 2.290159487474855
12300.0 3.125035 6.823184 3.505443411770175 3.148292862134487 2.221472844984414
12400.0 3.812920 9.421457 3.851456754038555 3.6420267883885065 2.301192418856391
12500.0 3.705136 9.825953 4.013360642699135 3.721788650937735 2.1621737114450865
12600.0 3.011117 2.451652 3.2551017785437484 3.024148146456967 2.634107466928191
12700.0 3.763211 8.959031 4.085003603052248 3.7889998085739616 2.0893777588787015
12800.0 5.192718 15.859166 4.7250123549062 4.732559176590306 2.200005635253168
12900.0 4.891134 15.744849 4.701447561334113 4.4626056881883915 2.240681191702919
13000.0 3.326865 9.867483 3.119503953981556 3.037468045482594 2.1650866094528505
13100.0 4.053471 11.811709 4.3008376320866475 3.907855061983661 2.3947798069537907
13200.0 4.836272 10.977901 4.874475909151218 4.710360607240598 2.2584461269558918
13300.0 3.326752 9.477292 3.5414053702743606 3.2968407538283238 2.0830348718975826
13400.0 3.343862 10.451092 3.365674240334577 3.0531653349532384 2.2545699498716334
13500.0 4.124408 10.677121 4.19842723973681 3.920682123011882 2.505744350012613
13600.0 4.726358 14.101984 4.493653476998386 4.365531909666248 2.143910123519243
13700.0 3.550607 8.068730 3.6444647596114264 3.486639948964592 2.4817334530096646
13800.0 4.160442 11.931656 4.180729691420161 3.9218015524484278 2.26357475610179
13900.0 2.967927 2.567547 3.2274930209635944 2.879358082594805 2.315084657853154
14000.0 3.338165 7.101625 3.6168505719294437 3.3554459469403377 2.3569709579521647
14100.0 2.801942 8.190796 3.0730552778209415 2.735590479226359 2.483324660280279
14200.0 4.567029 13.028997 4.224227530846674 4.194972090266001 2.212501511646437
14300.0 4.075564 13.396854 3.844587800370841 3.7418406127924864 2.4104891743074424
14400.0 2.535991 7.145963 2.9184573220968386 2.5320353819233263 2.488948918488466
14500.0 3.240074 7.027955 3.41482862998165 3.2355332227087 2.3691565985568372
14600.0 2.911088 6.060144 2.6690636356201147 2.6600606332126895 2.172418733125271
14700.0 4.163117 10.747362 4.1279126807155775 3.959344293510439 2.4448383929928266
14800.0 3.127028 5.808347 3.114529436608204 3.0005484391495543 2.459577740918069
14900.0 4.485859 11.872654 4.4331509572349495 4.2094420803167925 2.272095683359679
15000.0 3.462074 9.266071 3.531926799539888 3.3402594596231436 2.1930593440521595
15100.0 4.263305 11.853825 4.377165629712381 4.136534657268884 2.552871761052192
15200.0 3.550565 10.318156 3.779634906871775 3.43921740881569 2.2358220351487956
15300.0 3.731923 9.582015 3.846502987440339 3.5605655683601634 2.352942068441306
15400.0 4.018771 9.841013 3.8677506475970356 3.8436786208141496 2.125486094112245
15500.0 4.795764 15.618962 5.02297830912614 4.549018579863157 2.363381766149288
15600.0 4.296981 12.264058 4.267777940715182 4.072125949791373 2.38441337773143
15700.0 4.418424 13.495319 4.287928771756433 4.0945196549468195 2.2784494187395428
15800.0 3.413165 7.186148 3.5063932371854003 3.3262322681221708 2.3628119406457118
15900.0 3.821408 9.602955 3.976392151531972 3.6507151653743355 2.2777004264096514
16000.0 4.141376 10.669410 4.130150489211385 3.948219621308122 2.3587225323232115
16100.0 4.131963 10.557189 4.24591992516302 3.978047556921896 2.154753455497276
16200.0 3.890030 12.258025 3.6850426231281115 3.603365033508646 2.325494666740627
16300.0 3.097579 8.578911 3.2976181027633 3.0005483073778336 2.473581906343526
16400.0 3.226305 6.564572 3.2910650110065744 3.120544354959706 2.0507940666669264
16500.0 3.522594 9.236319 3.642782530991778 3.43489164166412 2.3089340613104357
16600.0 4.642081 13.914273 4.322942779816385 4.3056421711636474 2.220151193867087
16700.0 4.288963 10.243663 4.254259079401017 4.084270079573455 2.2031730312071174
16800.0 4.169260 10.920241 3.968445619269144 3.8665930919219758 2.209931996567092
16900.0 3.842410 10.545293 3.8775883317116038 3.6881053703357987 2.3452972646399317
17000.0 3.820371 10.398982 3.864515584160811 3.7304163387694382 2.205466434790659
17100.0 3.803283 10.763608 3.816503201091697 3.5598681599604034 2.3867354667740632
17200.0 4.078557 10.401376 4.134907798705042 3.8996322148294067 2.2969403497872256
17300.0 4.338173 11.275162 4.643467742596129 4.183958235545324 2.0238615180557367
17400.0 3.990230 9.760247 3.9474911967252844 3.8014851806722194 2.237963268670839
17500.0 3.712012 7.255211 3.5499362753060155 3.4941027780086595 2.2428791929021528
17600.0 4.003334 10.020232 3.9903597631587466 3.7934572583412605 2.4204379816719443
17700.0 3.796113 8.257598 4.07546892707092 3.7947041129064285 2.250677038326462
17800.0 2.746197 5.267935 2.7968775511442305 2.6108349044729624 2.73506115096986
17900.0 4.392075 12.056897 4.2334558753726395 4.071013540693899 2.3942484773277926
18000.0 3.383717 8.921134 3.6292496585511467 3.274332107313882 2.395622634939249
18100.0 4.292073 14.359194 4.1395185353621 3.9165284171091863 2.3559525230900533
18200.0 4.602962 14.920240 4.560864789271009 4.309061735797467 2.3032644104754145
18300.0 4.178099 11.926357 4.312887872272484 3.9395665635093646 2.239813394303541
18400.0 5.087118 14.085809 5.063495893305076 4.736757983696775 2.2990440246035835
18500.0 3.500305 7.973622 3.698746350730349 3.42538072778027 2.2736002869742706
18600.0 4.180753 9.999645 4.260158231856298 4.049523946249727 2.272050234456822
18700.0 3.828521 11.461094 3.9843163889225055 3.637672295498116 2.105756674422669
18800.0 4.216449 12.187988 4.041911181204533 3.9609124576604327 2.329756906155841
18900.0 4.155060 11.145557 4.082924837704205 3.8806905372206573 2.390679943864266
19000.0 4.734736 13.796574 4.702046562937502 4.432508039438817 2.2759895397034264
19100.0 3.569249 8.361568 3.8019698513654947 3.4923580215376497 2.0639458123215992
19200.0 3.700842 10.175356 3.848703351025373 3.558837287348467 2.2852225542660674
19300.0 4.366393 12.757523 4.521189815003077 4.220968434985218 2.2336014271392957
19400.0 5.169959 15.074914 4.980070582583762 4.796772930082477 2.2441873950233293
19500.0 3.638437 10.314319 3.6969243967146985 3.5537203971421487 2.3744533261556287
19600.0 4.059012 11.188363 4.078329275221985 3.902157114808607 2.466015408759901
19700.0 4.164482 11.582577 4.188794039051566 4.053825575603908 2.3790033210149226
19800.0 4.287577 11.250388 4.22585172208208 4.043911731980696 2.160374604514012
19900.0 3.546862 8.405122 3.473059697254335 3.3147891362077155 2.4241209764712193
20000.0 2.827235 6.948900 2.8287565663558865 2.681376271329681 2.432475304523275
20100.0 4.621056 13.247567 4.481513322159856 4.311751151453254 2.523722718028621
20200.0 4.265602 11.890082 3.9443957044502067 3.93596744908544 2.172238585380355
20300.0 4.432975 13.571427 4.705157435500736 4.268808792709735 2.127871372144614
20400.0 4.166719 9.486974 4.169396939962219 3.9865313060355274 2.40566084242152
20500.0 3.804046 7.706954 3.753342128327992 3.5547375228275766 2.559735145284157
20600.0 5.000842 16.241863 4.7960804991055435 4.607292226783613 2.1735400402344025
20700.0 3.622203 11.458031 3.5767326614072803 3.416151416323729 1.8919689440304752
20800.0 4.468559 13.694065 4.490085356088413 4.239026326844371 2.217709885244781
20900.0 5.192997 16.005875 5.033249738485906 4.798881193432378 1.978529587688691
21000.0 4.563560 11.920407 4.56449651425131 4.335598430092414 2.114174630138678
21100.0 4.056532 11.564486 4.212739037005471 3.9448496970265756 2.1755693718811027
21200.0 4.406106 13.359343 4.40878399628553 4.097718602413291 2.142223872399797
21300.0 3.476552 9.178319 3.6781727229333105 3.415191704156198 2.403864174477971
21400.0 3.967530 10.806856 3.994937998495607 3.780944578744351 2.2394011063280788
21500.0 3.642958 9.424783 3.8056663648023967 3.585278909554401 2.197448445303756
21600.0 4.656494 12.427599 4.619905046376394 4.400777728724174 2.5383558773371067
21700.0 4.418184 10.629451 4.348215369942734 4.2129980867161 2.1051201282426364
21800.0 4.725851 12.589863 5.011419366751866 4.632117733991431 2.171281183738519
21900.0 3.976655 10.153337 3.7993197136997447 3.753461835792294 2.38288575291148
22000.0 3.530950 8.697002 3.6022248316092935 3.3880328743655976 2.288609012747078
22100.0 3.478274 8.858365 3.6677734298020375 3.374573335573638 2.241990715108883
22200.0 4.328352 10.364045 4.394587687307535 4.135689791627222 2.2704148783977463
22300.0 3.939202 7.774232 3.8837599010163135 3.8247777678958146 2.234793594280259
22400.0 4.519895 14.066156 4.350151604951381 4.222753147761917 2.33423133006712
22500.0 4.099631 12.282157 4.0440667715631555 3.8316353164722154 2.6953012962648857
22600.0 3.031188 6.143152 3.2722638684049437 2.978521449435522 2.290671619788928
22700.0 3.605193 8.396992 3.5416844932656697 3.4394020107433083 2.3512285639304467
22800.0 4.235880 13.873124 4.296717961638227 3.9670016871248848 2.3183431112544053
22900.0 3.798368 10.062843 3.7029619702067276 3.585704552468084 2.2060563368138895
23000.0 4.381787 14.767265 3.903483538975949 3.847555976631152 2.510573049145677
23100.0 4.871001 15.347877 4.671613409583817 4.4724828489686725 2.35899514206553
23200.0 3.052704 5.784744 3.2544244389779102 3.0376506846355915 2.2021165408165024
23300.0 3.536805 8.276915 3.5343839789399416 3.383200792030848 2.2399687070624936
23400.0 4.147203 11.622922 4.237270488615446 3.917966647469596 2.1237890496678156
23500.0 3.822730 9.633427 3.913728861809251 3.7526790595330373 2.284408059128152
23600.0 3.501841 10.080528 3.737520333326845 3.4429958968534016 2.285477140697893
23700.0 3.810349 9.319318 3.7960841000799714 3.625546720504235 2.5328235895376503
23800.0 4.378685 13.801629 4.426846990477735 4.021935676231574 2.2376360480536923
23900.0 3.991134 7.680011 3.969194705950966 3.809714115460792 2.440481408360708
24000.0 3.697279 7.226880 3.841790057628192 3.5988927677452294 2.3680637378039795
24100.0 4.404653 12.582005 4.37322924379278 4.136452849803761 2.6565564136729574
24200.0 4.727455 14.455069 4.243954748914058 4.1311996294099105 2.1846030939081342
24300.0 2.522320 8.020458 2.856759366097876 2.5492701234614676 1.9259254529947951
24400.0 2.891676 6.265895 3.1843977948880045 2.883355089629186 2.2090782373960893
24500.0 3.958685 9.639062 4.293172313838847 3.921593026095573 2.8244836309731927
24600.0 3.140327 7.450602 3.449587379776357 3.1081169136704836 2.205516752596809
24700.0 3.753038 7.619328 3.4959543773079536 3.481874420552366 2.0695954478633944
24800.0 3.732442 8.991772 3.74444911492443 3.5408476820477053 2.1853917402271748
24900.0 3.784944 9.531616 3.8460306986980504 3.56332888588948 2.1533205128730444
25000.0 4.165308 10.773192 4.248625524101124 4.042801882316255 2.3731454496953224
25100.0 4.884052 14.859283 4.528725782121369 4.396578368881242 2.2742754787446158
25200.0 2.933078 9.468833 3.110194547319706 2.8347583897690325 2.606942914374115
25300.0 5.582843 16.532974 5.351585331072748 5.197323293825965 2.3713806002816833
25400.0 3.659750 8.747097 3.6519106622326127 3.4978635739668222 2.1790238653978427
25500.0 4.394488 13.189766 4.118286995095681 3.967809756535777 2.3862345340418916
25600.0 4.015382 6.317776 4.3429180049575 4.036826333169944 2.440535059573861
25700.0 5.110559 14.566372 4.765237221754428 4.672454675781213 2.130585151964889
25800.0 3.845865 10.302773 3.7214538558241297 3.5764399665265434 2.228116984960328
25900.0 4.741632 12.610250 4.5007129039935245 4.304530614304164 2.326648411453535
26000.0 5.184760 14.833995 4.8619566464048125 4.697919903827904 2.1803182425012966
26100.0 4.202340 10.459526 4.146802010926314 3.9096629461596906 2.4988514655474607
26200.0 2.992588 7.945500 3.16082486159671 2.897871921143058 2.4069337245337374
26300.0 3.579508 7.959967 3.466085844508577 3.3186818569638135 2.023341481575213
26400.0 3.258252 10.087543 3.2793740829224114 3.0728921359592554 2.3099988437638768
26500.0 3.570635 11.311493 3.6933562081782774 3.3978416009068177 2.4853310852117394
26600.0 4.063051 11.268373 4.063295148892819 3.8007192022209257 2.1614468201990222
26700.0 3.668160 12.631428 3.3149972462089465 3.286945949874627 2.0008179169888463
26800.0 4.413093 10.890196 4.29486870401061 4.183180534217677 2.32811471558441
26900.0 3.845959 8.418451 4.096897549257392 3.758892675850229 2.580798653350561
27000.0 3.269239 5.077296 3.2174810431792142 3.160952442622638 2.2460733110782205
27100.0 3.581473 6.781795 3.7206694415335315 3.5759005347476474 2.247138181838913
27200.0 4.900988 14.110146 4.659061085984358 4.508557971077212 2.318131446237218
27300.0 3.338507 8.446000 3.368347326585705 3.1642289271375126 2.5429697719691204
27400.0 4.331292 11.223931 4.503056721320205 4.115621246649125 2.051441593167398
27500.0 3.667192 9.596358 3.6377595240538114 3.4292452369500146 2.304591166975493
27600.0 5.378707 14.841715 5.2610858523888275 4.982003003902577 2.291649762312828
27700.0 3.912335 13.255301 3.6915594654464043 3.5634455862348093 2.3010171577371796
27800.0 4.819631 14.518699 4.673609058152875 4.492863331502733 2.2713550234747784
27900.0 4.290601 9.556390 4.2327857715275705 4.18271381815684 2.353200027924802
28000.0 4.769282 11.650229 4.970510830387711 4.666951631660982 2.226418460957381
28100.0 4.124782 12.044619 4.127447843312353 3.89205955332091 2.421190576468886
28200.0 3.415075 5.748178 3.672811905716948 3.419412742285677 1.9992670255645806
28300.0 3.661862 11.531964 3.8605776240894643 3.5641359981929246 2.2926029531357384
28400.0 3.068964 5.528376 3.209029384017143 2.8934232116667684 2.2875089039437615
28500.0 4.089015 9.033431 3.827930879061718 3.8154868524617114 2.261488361872527
28600.0 4.134191 9.767466 4.279748046955951 3.946689947600576 2.306934162666774
28700.0 4.345568 11.808853 4.285119358510025 4.1068593224901075 2.3395605848465473
28800.0 3.831437 11.261387 3.9711926487087124 3.6381482746177487 2.3293970513171605
28900.0 3.960312 12.496869 3.8587584929997982 3.707163497830108 2.549938322379061
29000.0 4.156034 9.543970 3.8901061653475937 3.837526766105856 2.376231131627145
29100.0 3.952452 11.293445 3.8528964300113144 3.6684049277543105 2.40823066746725
29200.0 3.701805 9.091949 3.697370243385544 3.5004761566068074 2.468212370800252
29300.0 3.495348 8.804919 3.529338049162928 3.269925881024523 2.4196565810987205
29400.0 4.191120 11.199339 4.105216835611076 3.9559977903651866 1.9534416831524857
29500.0 3.126277 5.536045 3.15430726798097 2.9789155185696194 2.2393597846114437
29600.0 4.866370 12.898303 4.678414184319948 4.565218123533921 2.4105436780818716
29700.0 3.260535 6.298631 3.541449292573991 3.286810842470093 2.3625351209745404
29800.0 4.731034 16.448528 4.574017326035223 4.301243323908486 2.305653241691164
29900.0 3.276997 8.696036 3.2444904678118123 3.081231446839359 2.511360311441852
30000.0 4.413214 13.384419 4.384578741763965 4.123826113754229 2.106406267989427
30100.0 4.845775 12.701426 4.799137721422964 4.607324030108759 2.2506665085749904
30200.0 3.065713 8.808626 3.270929662776543 3.0065342445829843 2.34004785841469
30300.0 4.839607 12.105824 4.887127730071872 4.6897636570668615 2.3673010275045026
30400.0 3.584587 9.714760 3.659531914573003 3.3855314198644484 2.4497932065187173
30500.0 4.499348 12.915273 4.481084711860941 4.19213357536307 2.146381075719041
30600.0 3.900171 10.377760 3.849549579938147 3.618074302683576 2.3876818817041054
30700.0 5.150330 14.727226 4.910459872283329 4.753182068606419 2.322806322355508
30800.0 3.420111 10.375027 3.7760298831055334 3.349118304833585 2.2032832284392745
30900.0 4.121473 10.582853 4.117437369795384 3.9100199702043477 2.331623897762632
31000.0 4.708427 11.202700 4.44996269912564 4.371951505861678 2.1879291606150186
31100.0 3.714335 10.905473 3.545572851881902 3.4769395028644468 2.136814746477312
31200.0 4.274659 11.243566 4.125474300684259 3.968547702241794 2.2116171801456495
31300.0 3.865286 11.417263 4.061068681409432 3.7772314121487316 2.0298551103234375
31400.0 3.688748 10.139560 3.7373166784453082 3.555958749481518 2.2230685537260184
31500.0 3.713588 9.451948 3.7419247760991428 3.5471602595800538 2.24608194399972
31600.0 3.729312 9.932672 3.6774170793422183 3.5921033214210905 2.1808463602245776
31700.0 4.796982 13.017992 4.850480822827046 4.56548965520832 2.1644724655100576
31800.0 3.828003 10.737111 3.8790553006060033 3.712363747105894 2.2404287825738476
31900.0 3.207963 10.899672 3.223170870972941 3.0151292614977376 2.34790971280856
32000.0 5.472067 15.440369 5.379956064040631 5.1231759993820125 2.202980438554055
32100.0 4.447202 11.601065 4.506080709431907 4.232244862547935 2.3000562478816153
32200.0 4.453231 11.429227 4.379992370373162 4.248759447119235 2.0469603518571327
32300.0 3.467524 5.807060 3.3449355022487053 3.301146272583179 2.218267382961143
32400.0 4.906040 13.981926 4.849945199389154 4.614001595398875 2.535069739985734
32500.0 5.103838 15.812823 4.993762845623129 4.786797060005855 2.6647099449311953
32600.0 3.629879 9.355222 3.831872332043363 3.5721513386088004 2.1225572864959013
32700.0 4.209610 12.825497 4.122544455090926 3.889160168847864 2.324258862903035
32800.0 4.301637 13.100079 4.330663108912126 4.0205975556585996 2.2577284110028755
32900.0 4.326211 12.256957 4.203038321792574 4.018826332490724 2.4572283511433453
33000.0 4.374480 9.728647 4.176037799376718 4.124417366991636 2.0823203166562783
33100.0 4.376283 11.345020 4.083053689161514 3.9758892773205243 2.265226253482876
33200.0 4.378754 11.183294 4.034650904969108 4.07919380553954 1.9425653110944088
33300.0 4.162594 10.661640 4.136427383251088 3.957746710110984 2.2471238022646705
33400.0 4.073182 10.581362 4.193950470811993 3.963110588414856 2.3594487894409513
33500.0 4.208117 12.002436 4.2359949307050355 4.007721622156599 2.2497316867977872
33600.0 2.673154 3.530816 2.9005514916014854 2.6315224658129037 2.309319760915697
33700.0 4.328752 13.611890 4.228777526078742 4.0434005441745615 2.338460589625783
33800.0 3.710953 10.357962 3.860702943129086 3.6218879011740004 2.2030799607304323
33900.0 3.939445 11.035686 4.1014769571439516 3.7268953547205252 2.3174808258430604
34000.0 4.702526 15.264719 4.457980047983865 4.278398391783915 2.3318345243416423
34100.0 4.067827 9.288150 4.194049305963389 3.9671387157393734 2.340603291617745
34200.0 3.803180 10.010903 3.830077174337931 3.614588784320559 2.382121451907991
34300.0 4.391543 9.134701 4.325656078905509 4.151460309594976 2.617294367429212
34400.0 4.071983 11.576967 3.621391592235477 3.669153596062298 2.211579318652278
34500.0 4.746645 11.849822 4.9253128858115245 4.579776826187679 2.2928414908513646
34600.0 4.246934 11.059387 4.226030931796884 4.016367315727319 2.254964723949825
34700.0 3.696241 9.558277 3.6133354038499705 3.529578721559898 2.273026035166183
34800.0 3.576754 9.157622 3.666595536632054 3.440167002477816 2.2584121336331275
34900.0 4.163803 8.770167 4.161571723776793 3.997405884600766 2.182167684812577
35000.0 3.777007 8.755033 3.91578603879801 3.6939806960318533 2.3015531095640247
35100.0 3.630296 8.352480 3.8217602718477335 3.572389113044435 2.2443368475523826
35200.0 3.682277 10.533763 3.825686213997969 3.5700587650106574 2.266976181994946
35300.0 3.737395 6.373467 3.8250961060946036 3.6657817521684573 2.4122485554932775
35400.0 4.418490 10.062451 4.46121744971071 4.230833601960857 2.203612327782176
35500.0 3.678283 9.236206 3.6723751968497265 3.537233429239408 2.297228711210726
35600.0 3.325049 7.766272 3.4642060697059174 3.2873287270097626 2.358988118327459
35700.0 4.409423 13.471354 4.1618153086271 3.964474956284248 2.238394701392248
35800.0 3.859240 10.738151 4.028302124818607 3.655539137346112 2.0176840484112977
35900.0 4.079711 12.509387 3.975676420795926 3.772783376402187 2.2729908126148417
36000.0 4.596001 13.169791 4.324732811268209 4.237588731224714 2.185666627490802
36100.0 4.293955 12.835601 4.464485147755678 4.114808754487401 2.5369881305953115
36200.0 3.914659 12.047550 3.6747435767487007 3.615607454562854 1.9959666708643555
36300.0 4.861030 15.821181 4.49549083449636 4.365458138692619 2.0852965504237964
36400.0 4.530601 9.424317 4.465739357464629 4.32716278994981 2.4987897221604394
36500.0 3.462024 8.026206 3.7244607049816274 3.4211656129987884 2.3488003107041995
36600.0 3.972888 10.221918 4.126893144594177 3.8053400061716536 2.240006741644664
36700.0 3.960367 11.252942 3.738274750805818 3.7028880205737584 2.2004458944180842
36800.0 5.277020 14.782070 5.08271206455558 4.810649160990756 2.5532161053124227
36900.0 4.321725 12.523005 4.209676292228449 4.006193341997212 2.279361431019606
37000.0 3.445732 10.263660 3.4262439452884994 3.286398068930421 2.45041741198209
37100.0 4.166252 10.387104 4.316729482077995 4.064187829032122 2.351427891599738
37200.0 4.991250 15.141632 4.795677146028469 4.649259513830383 2.2840875367841087
37300.0 2.630731 6.670640 2.9144879770984344 2.626188587023856 2.240938128755796
37400.0 3.307665 6.588994 3.60292789614453 3.2630599402392875 2.163978685093925
37500.0 4.979097 13.466777 4.6783252592148825 4.6895007131707365 2.332853455830876
37600.0 3.538161 9.454713 3.8308145674828196 3.51382193113565 2.514755172392724
37700.0 3.367695 9.966358 3.499755026640858 3.2404328640458053 2.098928533184532
37800.0 4.528236 15.220736 4.39773344832435 4.203317555816776 2.5796528225853113
37900.0 3.282462 7.443934 3.3166669865287153 3.181917875463189 2.281736102284932
38000.0 3.357489 7.857910 3.466074942263963 3.2330819198082437 2.3782006498447448
38100.0 2.923913 5.081948 3.248498885951889 2.913566359439077 2.3994056100678427
38200.0 2.991837 10.144085 3.159085529999871 2.852940183082261 2.3353821268835913
38300.0 4.038306 11.072261 4.306698913424035 3.9380792465723484 2.4548652274059863
38400.0 4.478775 12.628004 4.385558133940742 4.262908966303344 2.247761179909405
38500.0 4.198146 11.197938 3.917976767297648 3.82463218678605 2.3780278158112855
38600.0 4.045747 10.697180 3.887493273416799 3.7459381544793424 2.139935055915483
38700.0 2.254038 4.813272 2.5793130502160784 2.2968458660520112 2.3794866585694323
38800.0 4.807687 14.330419 4.54454219955441 4.356062461384802 2.477630694446341
38900.0 3.130738 7.979816 3.1521908818928903 2.998128641654569 1.9699193196233804
39000.0 3.993628 13.136612 3.7828026191220556 3.5734793003996304 2.1173904528797354
39100.0 3.564827 9.272153 3.895865588727124 3.492675796979522 2.6271475939428894
39200.0 4.053059 11.419502 3.905499731640007 3.8302755249874494 2.519170665670006
39300.0 5.397454 16.527218 4.936236067775373 4.812922552355052 2.334523663215805
39400.0 2.753398 9.629130 2.7936561924981134 2.572553540568991 2.2000890967145446
39500.0 4.291836 11.465923 4.565247055000325 4.253852813422917 2.030135029502905
39600.0 3.643064 11.326971 3.779476865188127 3.4968456840097897 2.03666939412958
39700.0 3.868066 6.685069 3.6100915699553635 3.6417744115260646 2.140027935356078
39800.0 4.311094 13.410403 4.398036301196081 4.107260256547742 2.2138364901503804
39900.0 3.974926 11.471414 3.980774850487766 3.78680917094878 2.374659879025466
40000.0 4.479292 11.814322 4.187540964152056 4.100110310730695 2.565692346343257
40100.0 3.817967 10.210301 4.072928594210421 3.7077979747210064 2.467944577239716
40200.0 4.996742 14.143697 4.901163845771969 4.732437568450809 2.078236340478104
40300.0 3.873795 11.307047 4.356217519628391 3.8890008853759106 2.1984495271005207
40400.0 4.586357 10.561885 4.520001002060574 4.302441536590878 2.3691239829886186
40500.0 3.647105 12.794785 3.696338122505061 3.4967004296748008 2.3438945002939064
40600.0 3.687906 9.993033 3.715476783926555 3.458138933873857 2.2687306377069065
40700.0 3.477204 5.000174 3.441522179727365 3.2787326804294854 2.4972323226249458
40800.0 3.867795 11.569018 3.807354017479854 3.6129982143187482 2.2872599153086384
40900.0 4.354782 13.699157 3.811829332466033 3.823205145420357 2.165428271470989
41000.0 4.330565 13.170928 4.204082223669751 4.007890050148216 2.1876776764659667
41100.0 4.678247 14.461048 4.7661043695358405 4.400718376470856 2.398720472791381
41200.0 2.925590 4.794577 3.26447279888933 2.95753715319928 2.2057645557446732
41300.0 4.819561 12.696731 4.8592539080271715 4.614904667144566 2.314981104433824
41400.0 3.258078 8.614643 3.4639703548656424 3.149381435025333 2.160305981624326
41500.0 3.887445 12.420047 3.691960859628487 3.5743843960279817 2.3527884489674147
41600.0 2.880827 6.158963 3.031693140411971 2.8590526087981902 2.08999025956742
41700.0 3.396561 9.072703 3.8114545737754706 3.381341313935427 2.098895994651525
41800.0 4.245388 13.592606 4.205183621695885 3.9689998810770972 2.121010817317893
41900.0 4.305791 10.749067 4.216536797803185 4.0746880765123334 2.4961698830167136
42000.0 3.682688 9.332748 3.8582830684046643 3.5356198949627826 2.2370707549549005
42100.0 2.909505 8.247585 3.1335896744434804 2.8186164384421417 2.4525519617585334
42200.0 4.056942 11.387182 3.9009590826262333 3.772147027083828 2.124358763954342
42300.0 4.243435 8.679419 4.151365788047337 3.982420129813243 2.111816626675508
42400.0 5.156758 14.381892 4.888887165995283 4.72855162104794 2.100298922073617
42500.0 4.513557 9.940505 4.3330960554614455 4.232575335286619 2.2195725497562155
42600.0 4.226834 14.326712 3.9226941465522907 3.767366794351036 2.2081792074071696
42700.0 3.423032 5.799066 3.552231129036028 3.357108030065892 2.470764296370636
42800.0 3.809403 11.433426 3.6392728117386084 3.5177017056716924 2.1209496720366188
42900.0 4.361816 11.839127 4.144777180729738 4.029407043478942 2.2691574298026875
43000.0 3.794779 9.521395 3.680179294278595 3.508199383220365 2.2194426393778945
43100.0 3.670509 10.328441 3.8017989925546964 3.5723273583194266 2.2698403539628855
43200.0 3.866584 10.240581 4.2039563190651705 3.7985412406406405 2.3918896802416887
43300.0 3.487649 6.059363 3.570905185048632 3.4200067168551977 2.104356026200235
43400.0 3.592871 7.339620 3.9181431466300003 3.5903140512399396 2.245164797306835
43500.0 5.564218 17.714621 5.191697852109801 5.0319183772155505 2.149866026036265
43600.0 3.497475 6.428829 3.538696161111454 3.409836491635479 2.2827265776670833
43700.0 4.291663 12.962975 4.1059498187047305 3.954747041208516 2.0758732268786257
43800.0 3.255825 10.021570 3.478002964219449 3.111018324778804 2.1786731628476064
43900.0 4.338839 10.544079 4.712722974877696 4.371464256291037 2.2638483051141205
44000.0 4.313928 8.410977 4.17018136859579 4.1463865314884 2.369734911423992
44100.0 4.033335 9.879130 3.993752498926691 3.8597907023704967 2.5503733701158238
44200.0 3.884134 10.270147 4.124081194608733 3.71261718790735 2.3541222434934075
44300.0 3.689142 11.599383 3.8178394639204885 3.537432982466771 2.2547129468587834
44400.0 3.803388 9.548235 3.976301740809362 3.7181484168799774 2.2433537552097014
44500.0 5.361803 15.907733 5.111735089816517 4.976134864665515 2.382038488403645
44600.0 5.074812 14.593485 5.09731093029255 4.76973976187372 2.2989149245954037
44700.0 3.531858 11.209001 3.585587758977827 3.348621471505301 2.340526424258121
44800.0 4.595395 14.053782 4.231340448559937 4.2669733639295595 2.2230849903576995
44900.0 3.952640 10.046134 3.7953515754867104 3.7313332917216915 2.199248373093812
45000.0 3.887217 12.089799 3.9593597557703095 3.7162207342646054 2.1061788225281175
45100.0 3.118938 8.356765 3.4912507104327415 3.097961318971282 2.008194859358399
45200.0 4.782303 11.182134 4.749371318100752 4.607478969570108 2.242550539809099
45300.0 3.939689 12.421669 3.82641212849604 3.6386696405611825 2.42372237393769
45400.0 3.728326 8.258418 3.84177086127661 3.658782579569155 2.4359095561543334
45500.0 3.996408 9.586272 3.9477944485115946 3.8026639462917617 2.292659183353573
45600.0 4.327954 11.987147 4.3768730819237165 4.1667331859824674 2.477711484385819
45700.0 3.487879 6.837783 3.49195145748514 3.348889404941614 2.425069540812722
45800.0 4.318007 13.725149 4.387722526005862 4.092812195720848 2.5329815333715
45900.0 2.918318 6.290256 3.295125359953587 2.942541027740754 2.1330893623123917
46000.0 3.461101 11.312813 3.490969525027057 3.2995039391435887 2.421611467677552
46100.0 2.891292 7.352751 3.313586347111986 2.9270214369987726 2.3614926262739684
46200.0 4.698433 14.561495 4.536633359665434 4.338368163259164 2.238473466564611
46300.0 4.209557 11.605973 4.3190499651438925 4.0950456672872875 2.070338178866935
46400.0 3.958055 9.831956 3.8752537277653136 3.7373236696657153 2.213201650465867
46500.0 4.396937 14.075635 4.443259682367437 4.16231430091733 2.3529168354939096
46600.0 4.211600 8.887183 4.139702770953907 4.012641966587112 2.283285447819182
46700.0 3.472899 10.295759 3.6293680608152865 3.3285120661219456 2.2040845384088503
46800.0 3.538968 6.513989 3.778894701211688 3.528674950883629 2.3696524185842924
46900.0 3.972262 11.871754 4.090504677614773 3.8650042534336384 2.1685107983424206
47000.0 3.625143 6.392178 3.928133067327219 3.568245736285037 2.1944037066690094
47100.0 3.219939 7.506613 3.395479697529031 3.1535867704129124 2.5196875066744266
47200.0 3.736896 7.841075 3.91889705823511 3.6647813665570212 2.2005254578369193
47300.0 4.536957 11.864927 4.320567069571089 4.2246525840333415 2.251398976316302
47400.0 3.849877 10.830890 4.1449178281961565 3.8198822924017626 2.355631083841351
47500.0 3.549528 5.163368 3.6911618603109204 3.397482971938386 2.2866384212768875
47600.0 2.822335 5.067909 2.9036397228123887 2.7436445033199446 2.2043475258206624
47700.0 4.376629 12.232630 4.27154811429379 4.084376009758267 2.587084319213778
47800.0 4.571484 12.011019 4.646911796954459 4.350837055134737 2.2235848623760748
47900.0 4.980457 14.968034 4.72828837227572 4.570368956747127 2.30711705060219
48000.0 2.248856 3.426723 2.551883029842892 2.2634533818834424 2.3260398451751767
48100.0 4.232945 11.234645 4.097327572083494 3.9128015907312723 2.736036232758004
48200.0 5.079494 14.620473 4.835630287394412 4.709136404665398 2.2653870044752984
48300.0 3.686355 10.678962 3.813708416006416 3.5502156645798912 2.0215331090051363
48400.0 3.663226 7.377529 3.637270830263958 3.496850345595734 2.2501933585670915
48500.0 3.762658 9.315442 3.5514519051349245 3.5147722558729977 2.310158064339558
48600.0 4.257659 10.210949 4.077643897056467 4.005347800376022 2.082045386772719
48700.0 4.388517 12.670934 4.24727976566733 4.035327359192351 2.4049166879140236
48800.0 3.171507 8.475785 3.337116900407634 3.082086041161676 2.318847010177401
48900.0 3.521873 9.508775 3.6529859568592786 3.479785027913801 2.10909094329674
49000.0 3.587413 6.606852 3.795107235412633 3.5718461298563384 2.337013158923062
49100.0 4.064074 11.122351 4.133033865741415 3.8673353032353557 2.4686032520583097
49200.0 3.754582 8.297442 3.984639908429196 3.7146501634125055 2.293919439820894
49300.0 4.113504 12.833450 4.250768353430181 3.969937274453402 2.214269256092435
49400.0 5.174428 13.662005 4.969090919624271 4.781376952836527 2.3185779731619935
49500.0 3.572361 8.399131 3.7768109377763803 3.507092638843082 2.5072582123535074
49600.0 3.821114 5.131632 3.936904796188299 3.8058649921050804 2.140233884144862
49700.0 4.157726 13.904836 4.159633185452647 3.8949863446302855 2.224522451116547
49800.0 4.349775 13.770165 4.365601997514054 4.064701415504389 2.277009872566019
49900.0 5.256455 15.933898 4.868976315580897 4.781211046475381 2.24980044516595
50000.0 4.269619 13.850271 4.065925823926881 3.853848872079142 2.6851551346583964
50100.0 4.688248 12.768952 4.581632294405487 4.399006880851114 2.3937560834933986
50200.0 5.060836 15.916505 4.755943303073224 4.649981941081271 2.067106626751787
50300.0 3.933953 8.705385 3.799490533361903 3.715720938933649 2.286008762547843
50400.0 4.516515 12.361491 4.505211367807725 4.334826559373937 2.382671900678813
50500.0 3.949147 11.039449 4.025952331621105 3.7686442330636747 2.0557948046958106
50600.0 4.447468 13.262295 4.66780938245623 4.311403502916578 2.461027697744975
50700.0 4.555298 13.854429 4.388623996752742 4.180062857921549 2.408990318172392
50800.0 4.751207 14.583115 4.55064335220801 4.441229040824419 2.0256733535248728
50900.0 3.324871 8.828995 3.618188374631593 3.2897393510932824 2.1086596731565974
51000.0 4.144237 10.597684 4.177855638282205 3.939998538046245 2.366094254982159
51100.0 3.801756 10.333505 3.9395362889837244 3.7182415552971 2.1723700088145725
51200.0 4.097631 10.734352 4.120886024794224 3.972686598386497 2.1612730390645876
51300.0 4.526819 13.569101 4.425582659646322 4.2371392177676075 2.0718298441656056
51400.0 4.181657 9.900293 4.317022672136117 4.087905247560252 2.3102702678378795
51500.0 4.225532 12.408581 3.98436691976302 3.7665211381850416 2.261385904210326
51600.0 3.953839 7.318989 3.965995967614176 3.840297433224354 2.3978631230818777
51700.0 3.977990 9.458237 4.118806082449236 3.8284647306638298 2.323213480951061
51800.0 4.915681 14.288214 4.708011736713446 4.488640304622627 2.099195185979799
51900.0 4.019749 11.466741 4.017634311087015 3.7770224263363184 2.1844410732140127
52000.0 4.377096 14.506471 4.1121660570003415 3.9911407003938932 2.3353039486983627
52100.0 4.958346 15.192066 4.707788135702775 4.492479540725954 2.3508288084684703
52200.0 3.760424 7.743523 4.141076136100991 3.7721913650361905 2.2820681581340687
52300.0 3.705565 7.962888 3.8659273941789563 3.533521843832572 2.0211417852161833
52400.0 4.760715 14.254821 4.832959195700338 4.552115355162143 2.4831732533537143
52500.0 3.641654 10.865855 3.3662367738127212 3.3353918663534987 2.0592986412564773
52600.0 3.569103 10.223232 3.9079154521524417 3.494936564466072 2.550007945538124
52700.0 3.854046 11.231754 3.5919985017492166 3.6084921564577925 2.533391698725045
52800.0 4.749101 13.888835 4.636734866636377 4.472497354417187 2.3575678413622767
52900.0 4.425215 13.993461 4.628890302216688 4.20817084063443 2.0275978210685683
53000.0 5.170192 15.561002 5.116222680239655 4.915918112478561 2.3790873036615166
53100.0 3.595583 8.824288 3.587075269941196 3.4099665034243745 2.0028471362952387
53200.0 2.520744 8.731309 2.9195604555688113 2.499427890345749 2.106051146577973
53300.0 4.307436 10.455374 4.456207071781263 4.178053710917382 2.1960403081901134
53400.0 5.031308 15.522937 4.7815313811779445 4.6431620910640685 2.137142079590601
53500.0 4.723596 12.602329 4.673347597379828 4.4471430758132104 2.257490012249644
53600.0 4.097737 9.299524 4.100825721604271 3.945507786655903 2.2378002300280078
53700.0 3.870841 7.264610 3.889615208925116 3.711945560963443 2.069598590120047
53800.0 3.074617 6.994617 3.3882646742486155 3.0769564527864772 2.631343824245826
53900.0 4.190486 12.307757 4.298358056093437 4.0218890737169115 2.1513604390711825
54000.0 4.708507 13.619482 4.265269656917928 4.23788972885535 2.19505808404755
54100.0 4.195018 8.079931 4.283082615853636 4.118437685742659 2.3050201138527586
54200.0 4.131361 10.644573 4.186061830384021 3.927666197218623 2.228523094754429
54300.0 4.556519 13.221011 4.425570053547159 4.302234443484819 2.3466601659127115
54400.0 4.070628 9.840140 4.0891735508957705 3.8630640063877055 2.265215152627336
54500.0 4.120580 8.177766 3.9645710357876736 3.896294881907894 2.210851916174464
54600.0 4.234279 9.484248 4.081591858356235 3.8880476758752436 2.4650519668048556
54700.0 3.207577 7.670201 3.232296189264926 3.046554710656431 1.9840350505402595
54800.0 3.470573 8.359610 3.508787838688041 3.2843109156435752 2.290264115373004
54900.0 3.883854 11.809659 3.8823096860081807 3.6884144556182648 2.2476849094085996
55000.0 3.465866 8.618090 3.6831614940612796 3.3876975129111737 2.0138578870272097
55100.0 2.988358 6.559303 3.1867111294450416 3.0120803199782133 2.3122014732223723
55200.0 4.050398 10.173169 3.9323594881800688 3.7922781459625567 2.3439613577745546
55300.0 3.919222 9.775321 3.740967474056406 3.658421515553543 2.3294678336420933
55400.0 3.797516 10.779662 3.7305282968119284 3.594941280780716 2.4092775961918225
55500.0 3.776276 9.434532 3.6194060239152828 3.473545005992973 2.2715667856964523
55600.0 4.356998 11.240249 4.08794018025681 4.069554083241181 2.5416813471784865
55700.0 3.506438 6.403168 3.698900664005365 3.4973953322128364 2.2193421796346087
55800.0 4.329224 11.645911 4.3258581957435265 4.123580533076236 2.020319052142795
55900.0 5.063923 14.630858 4.756437204950945 4.6550443004719 2.4273973835330054
56000.0 4.383884 10.966934 4.55646442860223 4.290391445043506 2.125010202546215
56100.0 3.485561 10.076034 3.441367282733793 3.365490092033931 2.1389666122582534
56200.0 3.490137 10.482205 3.569338264745805 3.384494057574405 2.286720726914737
56300.0 5.238753 15.500409 5.048996260644925 4.8372474975277155 2.2809870187587884
56400.0 3.674716 9.651535 3.444929444232216 3.4028537623407273 2.265646859593346
56500.0 4.623845 12.211566 4.273327437808959 4.169676075200964 2.1450671738098177
56600.0 3.558767 5.671213 3.6365502414316415 3.4695888378860564 2.340249313408949
56700.0 4.791521 14.480904 4.607025803410511 4.361991653768825 2.128619587078686
56800.0 3.923881 7.867131 3.997298933897514 3.78139696053532 2.0934580150837183
56900.0 3.762826 9.568411 3.766459516607572 3.6120833456845802 2.3403936913364753
57000.0 4.133344 10.409015 4.308758190245577 4.07307656314673 2.211839590181017
57100.0 3.833453 11.412322 3.6943989822235506 3.5664792095473623 1.898975597981955
57200.0 4.431316 11.392210 4.446035051214114 4.276180674351772 2.5024469578387367
57300.0 3.934765 12.782224 3.773662268857131 3.654634447139224 2.453099405786921
57400.0 4.532092 10.694252 4.5127397420957385 4.327814759520385 2.3687840869193826
57500.0 3.981590 11.635048 3.972224107219617 3.7548662263044563 2.3471087954735244
57600.0 2.612979 4.277463 2.9139788249944907 2.5878767484621625 2.5090688493277016
57700.0 3.469636 9.097808 3.4348541384603584 3.3036379400389673 2.405461244996204
57800.0 3.907533 11.605236 3.759036918123807 3.602968622328779 2.233240757247685
57900.0 4.216614 12.031389 4.446079204917821 4.060452860380883 2.0812564180741293
58000.0 4.471997 13.247458 4.36170855895939 4.194429028049124 2.355363400065491
58100.0 3.731020 8.273217 3.8132477251513652 3.722317776336273 2.1363835420754778
58200.0 4.338533 10.706983 4.135020236111865 4.0143192707529955 2.11738437775959
58300.0 3.826191 9.318159 3.8773595808892 3.7126012833880497 2.304762718408164
58400.0 4.206508 10.666540 4.081694084261777 3.9801223650128916 2.2156791089452477
58500.0 3.355202 8.942701 3.33332543161087 3.255747498223719 2.3825575136771207
58600.0 3.992943 13.840403 4.0676150865354925 3.755416715696685 2.4089838597287763
58700.0 4.455864 13.917136 4.355809553882905 4.173254503357423 2.3230301920105036
58800.0 4.738878 15.395270 4.594330645448836 4.376936262499685 2.05786123670707
58900.0 4.200079 10.837086 4.278440671621025 4.018332862453206 2.3625503875656824
59000.0 4.144137 11.453756 4.27143929410851 4.006455853862328 2.296098111068017
59100.0 3.581517 9.371607 3.5579396134745696 3.4148845378433506 2.1286396342760887
59200.0 3.523160 9.042214 3.5812251249360836 3.4039421534245657 2.3281282623456954
59300.0 2.457378 3.815036 2.7143939653780054 2.44732178481751 2.4980518819112505
59400.0 3.737775 7.818216 3.86727014412543 3.674513655771681 2.642396871640261
59500.0 4.571864 12.179067 4.42500672598515 4.248714677573505 2.2102581569422473
59600.0 4.487737 14.314853 4.277621493285809 4.135780070411284 2.3434836613801067
59700.0 3.623373 10.605944 3.629488392763914 3.428106386447414 2.3969613412772137
59800.0 4.902178 13.159356 4.641724060651356 4.560529962178086 2.2919281646483527
59900.0 3.105990 8.257715 3.0861666652401354 2.924081977509853 2.294952838032396
60000.0 3.531744 9.280941 3.832469058409369 3.4876977022965203 2.408044433969577
60100.0 4.543672 10.873014 4.603384839045276 4.3625668788331335 2.2471954108754812
60200.0 4.648045 15.256948 4.7384250176315925 4.330786402171825 2.2772527410638457
60300.0 3.587010 9.578000 3.7565845168297027 3.5436395744504727 2.200135452315871
60400.0 4.934646 16.002800 4.903173216032413 4.597914147048987 2.426961033984169
60500.0 3.465340 10.069846 3.577011751086037 3.323179607567158 2.3580187682842975
60600.0 5.292497 12.550071 5.02779013339948 4.98465827309628 2.1498682697066704
60700.0 3.984988 9.443179 4.165493499051832 3.831370561125543 2.1764432778868428
60800.0 2.751097 3.852503 2.916346982059577 2.696746652748776 2.177416189795895
60900.0 4.902130 12.732358 4.830247841415863 4.634709020627889 2.118549383207292
61000.0 4.882059 13.549083 4.674488232168751 4.534030578708515 2.4962971929707414
61100.0 4.697436 15.681206 4.635692170509707 4.332709956353279 2.0031223234571054
61200.0 4.980796 13.448294 5.09302232121242 4.750813355183858 2.327290067265411
61300.0 4.804219 12.582195 4.689840905905567 4.507494085668657 2.1913155709564127
61400.0 4.174236 12.326281 3.8792573996564843 3.8565597071566424 2.0284020869677524
61500.0 4.741265 11.773150 4.821299805949418 4.4907081236088775 2.277059458055292
61600.0 3.793234 10.758510 4.032956082403908 3.7028001758656526 2.0608868777132416
61700.0 3.907123 9.990471 3.901808850457449 3.7164284505140137 2.356242577079573
61800.0 5.148818 15.708807 4.94970872748207 4.729524482950172 1.9355179781409764
61900.0 4.817100 13.502165 4.857823396148204 4.59939420801317 2.374301911270959
62000.0 4.516567 11.941306 4.493477948681125 4.336570896230595 2.2812059439121373
62100.0 3.670191 10.376688 3.8045789019948524 3.552235847714202 2.411683972943985
62200.0 4.349969 9.289134 4.603729164083784 4.262921271132857 2.3787971500442042
62300.0 3.227758 6.587667 3.2464293066203043 3.124872836708297 2.185881284323024
62400.0 4.488547 11.678793 4.462290343398416 4.294359360896608 2.088500716267211
62500.0 4.405731 9.479195 3.980821728326121 4.054250668248329 2.0573589123322793
62600.0 4.139836 9.088901 4.271795167017701 4.022817885377844 2.3643340429129527
62700.0 4.987428 16.000619 4.889251228862803 4.678228872444751 2.127440781727515
62800.0 3.946359 9.639498 3.963575676237266 3.773807882781685 2.2663709910773124
62900.0 3.514557 8.642149 3.6304099271386554 3.4065269512247016 2.3269647602703505
63000.0 5.402448 16.472231 5.293621349057452 4.985875814015549 2.4138520212993244
63100.0 4.417089 10.887963 4.430772709987289 4.27070842756792 2.1680365993741026
63200.0 4.130915 9.247785 3.923060757797486 3.868256459115588 2.1433286468443358
63300.0 4.543027 13.722658 4.546356702853136 4.33240580630993 2.2035888942753115
63400.0 4.172855 11.331936 4.1825541623513605 4.028453159644438 2.3686981230357005
63500.0 4.078888 10.228436 3.8297981061674706 3.8191866730176574 2.09559730955833
63600.0 4.392346 11.449465 4.548867025215732 4.1952887538930055 2.2155952184923366
63700.0 5.012768 13.422975 4.633039564909868 4.621811021217897 2.3473412012111328
63800.0 3.872034 8.240658 3.9380032794575923 3.7662173020136667 2.4327579164623163
63900.0 3.679378 10.040928 3.981112609784456 3.5988994154102465 2.445430317770802
64000.0 3.423063 10.251531 3.5448057145782137 3.287041360085125 2.224947844389262
64100.0 3.766946 10.177252 3.9017266362614644 3.6077212906833767 2.2575555080525707
64200.0 4.528161 10.805387 4.274925040466088 4.258163273472182 2.3581890507213044
64300.0 4.120824 11.396795 4.093574894626584 3.894147709248015 2.345122812597494
64400.0 4.353603 13.048817 4.161783462821636 4.037498862209466 2.180900381091877
64500.0 3.131189 3.719178 3.2714051096398236 3.072693195855454 2.3199178972572034
64600.0 4.891556 12.730528 4.532803524264929 4.492429831365571 1.958831817679177
64700.0 4.026771 10.902924 4.050676872671766 3.872720342495042 2.464960717866174
64800.0 4.848103 12.167139 4.6223878718884714 4.511420394319641 2.161739020704294
64900.0 3.376322 11.414803 3.287012769574299 3.093991276132766 2.414788961717544
65000.0 4.203239 8.917813 4.2867734212376405 4.0539848886985 2.2805550440982425
65100.0 4.506341 13.716909 4.447077266223447 4.223885164464592 2.330451516020169
65200.0 4.050152 11.466025 3.899770165266537 3.7864156857313476 2.1106339157446863
65300.0 4.435941 12.506178 4.376392529673229 4.17126989368677 2.1635507553157205
65400.0 3.232200 6.790136 3.4462011181856282 3.213837701001428 2.3302462608286523
65500.0 3.458486 8.250829 3.513295682648926 3.3501058856540338 2.5020212011435077
65600.0 4.287563 12.482577 4.097477779520412 3.9801180793550737 2.1878559104506334
65700.0 4.963254 14.403212 5.068534584083858 4.738523265116668 2.218517697538878
65800.0 4.358820 12.941377 4.539721135683913 4.19202140079054 2.476920620847582
65900.0 3.818052 10.530167 3.819376107383187 3.6084508026893003 2.2531858559001905
66000.0 4.417343 11.339884 4.564348675191139 4.328667627955242 2.4389783136536707
66100.0 4.425360 10.822266 4.435480237359894 4.226379463260889 2.334900327909805
66200.0 4.202763 12.221529 4.267752082810167 3.985872853537778 2.4046905910726886
66300.0 4.551339 14.367991 4.615712674087444 4.316967033731715 2.268219940098835
66400.0 3.015787 6.008357 2.9300112872198154 2.8251696724473145 2.173374207466563
66500.0 3.959696 11.420243 3.8793477589644056 3.690265890856471 2.409997340569328
66600.0 5.301434 14.237312 5.316169401246219 5.039927544897818 2.331703209200083
66700.0 3.474697 8.347026 3.5405908733240374 3.371761809879244 2.1384212530147813
66800.0 4.340183 10.017472 4.201284301486828 4.185696160130511 2.168065517479873
66900.0 3.240814 8.792121 3.398315185619333 3.0929913068523542 2.3748623218213067
67000.0 4.200877 10.354026 4.122704653682625 3.9841526595708365 2.3588141288934357
67100.0 5.277160 13.344807 5.271064110316319 5.133881468542073 2.0912764464386187
67200.0 3.367315 6.508181 3.52826677713713 3.2724260099276616 2.2884529799636195
67300.0 4.420420 12.125100 4.411717716911787 4.193984355209133 2.2095423980060622
67400.0 4.639298 12.446535 4.692068214642071 4.355724611388115 2.296086529687064
67500.0 4.080888 9.660669 3.873343068463103 3.7306456750447574 2.198720825099673
67600.0 5.156950 15.409200 4.957120852766466 4.769706388171791 2.3569020401202048
67700.0 3.542506 13.115751 3.441862409455736 3.2655200759611205 2.10610223511086
67800.0 3.441729 9.608955 3.5379459834209244 3.2924617545388846 2.5244239379864344
67900.0 2.805794 8.759374 2.9418657182104893 2.711695169542046 2.132913557462653
68000.0 4.048639 11.812355 4.173460048375077 3.7964676717695554 2.756824354751179
68100.0 3.908911 9.846273 4.107560896198707 3.7393621402351385 2.5828076891324665
68200.0 3.136541 6.571991 3.275954676620155 3.0237690954915504 2.498723160622914
68300.0 4.889657 13.101289 4.763412398373088 4.651412207983517 2.1570529123525906
68400.0 4.387106 11.362400 4.278083942009296 4.097974100206669 2.207151563439978
68500.0 4.349155 10.982883 3.971729619011886 4.0217487318872305 2.2433312302014285
68600.0 4.238120 10.703933 4.23674844891072 4.0685553621715815 2.463145452415886
68700.0 4.454997 11.225221 4.229797659288016 4.191556041783111 2.146846365173945
68800.0 5.248430 13.375968 4.956579747289902 4.871368057213283 1.9125958386319415
68900.0 4.199486 11.714638 4.41175227731501 4.031408459562814 2.4030281319996134
69000.0 3.660539 8.541234 3.7339193980677696 3.518401754962015 2.5249517182986962
69100.0 3.088991 7.651853 3.294441946241816 2.9254902128254225 2.2463266018048804
69200.0 3.850503 11.464983 3.77821752742834 3.624039765451185 2.170153923756752
69300.0 4.743963 15.478223 4.604128288217305 4.401819074695195 2.2784093908914786
69400.0 3.940516 12.796166 3.949510521627218 3.7546177867913024 2.167133056904392
69500.0 3.546304 9.292910 3.5789023693239153 3.362940638726818 2.410224146229558
69600.0 2.983927 7.845339 3.125722361982654 2.855051732830935 2.4096938699473336
69700.0 3.999710 10.077470 3.8963471342804725 3.739677705315128 1.9739604487433209
69800.0 4.151253 9.075955 4.094434815408125 3.8845041481778333 2.27417286239614
69900.0 3.590771 9.706839 3.6009121711822796 3.415061711952846 2.5553980109783585
70000.0 4.119488 14.031851 4.296930424404904 3.864637165446383 2.699346731175933
70100.0 3.962206 9.674231 4.001442012944923 3.6831063157846438 2.675992631035427
70200.0 4.065424 8.717027 4.003252959793906 3.872583463172197 2.487868427019021
70300.0 3.582479 8.748031 3.598060613028763 3.41338540407352 2.416244044594164
70400.0 3.242891 7.225442 3.0683343745024088 3.0142814488508383 2.139248491315732
70500.0 3.391514 6.958281 3.580130928195269 3.376863317954077 2.5377691377553466
70600.0 4.054627 11.531220 3.8312621949440047 3.759211544359324 2.4488565965326927
70700.0 5.004294 15.375872 4.642749779833449 4.629885662892952 2.161701501258096
70800.0 4.137980 11.836654 4.245479262269257 3.9052549403350616 2.341996068562497
70900.0 4.651080 13.096693 4.556585235483155 4.384122106325341 2.3935221584849558
71000.0 3.953221 10.742243 3.944941892305145 3.758549113645203 2.3100205025942073
71100.0 4.167373 10.697155 3.978114671301905 3.912307071716443 2.239653017498052
71200.0 3.918261 8.872771 3.83474579695608 3.6753075271129525 2.1083464884854646
71300.0 4.723509 12.926828 4.677108200536543 4.500769659921528 2.415335233601435
71400.0 3.735789 10.448038 3.783985792058301 3.605397106613901 2.3120272519491607
71500.0 3.783965 9.216042 3.7915058414673792 3.6179475830986103 2.2551513892106825
71600.0 3.626590 11.237891 3.729153585811151 3.474529628157639 2.3647126065881134
71700.0 4.342088 11.082545 4.204116518366706 4.103230947641632 2.1883253645839367
71800.0 2.970473 6.050707 3.3319264202073358 2.995979054837671 2.3312919480810854
71900.0 3.899954 10.954346 3.9699833825215904 3.683639124214503 2.204551366275768
72000.0 3.934265 9.633273 3.882711346218878 3.797527633446415 2.190766090577256
72100.0 4.517207 14.374366 4.401688684452952 4.132861575336082 2.189648595459064
72200.0 4.409492 12.928420 4.4245389999285685 4.1110598633854725 2.193453582117961
72300.0 4.467377 13.859208 4.36733489871413 4.134825300817524 2.2788477011476806
72400.0 5.413022 15.323937 5.226717400962314 5.0266932592504165 2.43456754999811
72500.0 4.666162 12.855908 4.394564847045872 4.315364626027959 2.5799117435187133
72600.0 4.912414 13.802195 4.827213955013022 4.642636177468973 2.1898283864783106
72700.0 3.684467 8.629031 3.586418551190977 3.41847716914024 2.0941214702728073
72800.0 3.663792 7.036662 3.7997922294978532 3.569351567507046 2.286862747644
72900.0 4.721650 14.058464 4.5876206182928865 4.3946634258780755 2.248132605367641
73000.0 3.545196 8.874477 3.6875031682818253 3.427267094905346 2.204222353747425
73100.0 5.474557 17.720099 5.136434996862834 4.97570630439082 2.434901107426259
73200.0 4.217438 9.556740 3.9394400759490464 3.9407462103364472 2.5384735059943617
73300.0 4.411464 13.262352 4.148588953209177 3.9968281452574317 2.2601782629458422
73400.0 3.278717 9.767483 3.283922598623752 3.100162134153831 2.247490708895694
73500.0 3.049646 8.399646 3.1479763213151073 2.915231783032898 2.2013800409010313
73600.0 3.606245 10.538585 3.790561527719158 3.549621080771661 2.1351549467497866
73700.0 4.504802 14.100625 4.432976587980425 4.269483744667338 2.1305090920308705
73800.0 2.897203 6.387858 3.3365924374378513 2.982910470982183 2.36150217894206
73900.0 3.914192 9.719177 3.832322960421998 3.6994516542125497 2.22175553920563
74000.0 5.025649 14.798840 4.987987851249285 4.67848249955351 2.5815090836883
74100.0 4.486255 11.426509 4.425020310242559 4.221813911899381 2.4114832497338616
74200.0 3.046810 9.318548 3.1321133230434395 2.907872853627698 2.276224862886914
74300.0 4.326552 9.334677 4.212147301743678 4.059096146777834 2.330634822771318
74400.0 5.460960 17.455992 5.04605057872336 4.953237248491466 2.364629813191371
74500.0 4.239051 10.182466 4.163922667478631 3.9622161864193397 2.530263520164624
74600.0 4.895852 13.731369 4.796084592045748 4.543813059185373 2.2843802456786837
74700.0 3.592968 8.402113 3.7463766748927463 3.50785477497846 2.3030983750398653
74800.0 4.402003 11.573636 4.392162255260327 4.310009232591081 2.112714646614888
74900.0 3.029253 3.566149 3.358676852629986 3.0374456358561117 2.345079080754307
75000.0 4.400147 11.572737 4.384456133740303 4.200696237716596 2.388079287486779
75100.0 3.802428 7.484747 4.12595762295826 3.8510152088103036 1.9421889037498303
75200.0 3.449904 8.339432 3.3587597882886673 3.297547303151196 2.1224534052948307
75300.0 3.819591 8.880128 3.6847078327029887 3.6167015194741268 2.310553773707493
75400.0 4.622949 12.839518 4.3743974101338425 4.194745884303851 2.2381872392606885
75500.0 4.804651 13.610085 4.70746633752661 4.570560609500507 2.3219371063270127
75600.0 4.692193 11.285315 5.064857614496872 4.702647123632091 2.486504526573563
75700.0 3.518618 9.680006 3.6004086233456496 3.401697016513254 2.6490481784165025
75800.0 4.505679 13.573707 4.530115970809605 4.28226064891922 2.346726566162431
75900.0 4.493188 13.625844 4.432505732696639 4.212705279425527 2.4543548708590506
76000.0 4.255676 11.226703 4.166557469572929 3.9919773905388056 2.341104773668933
76100.0 2.890494 6.369599 3.1064765502313505 2.839104864384445 2.399822811735212
76200.0 2.663368 8.093489 3.0001053327001665 2.6808700842791064 2.526602577867279
76300.0 2.918975 6.175720 2.9401186669467587 2.7778040370189627 2.5282818783341883
76400.0 3.929689 8.426893 4.076462565418302 3.7944354583619564 2.1572148664504005
76500.0 4.261738 8.368967 3.9757798168290956 3.9926313004884415 2.3965242529949635
76600.0 3.752806 11.693586 3.8827264321295756 3.5327724922367056 2.3196633019081228
76700.0 4.230918 12.623941 4.372923289581138 4.063112781132349 2.409549307927638
76800.0 2.742468 6.278747 2.930495780326218 2.7164754113160385 2.3525815735947777
76900.0 4.230471 10.650223 4.26338363668734 3.9929652078338425 2.3563836783526666
77000.0 4.578873 13.919804 4.484388390631513 4.37775255403356 2.260897409291708
77100.0 4.616129 13.990554 4.363975857147969 4.230108817419592 2.232659678771338
77200.0 4.962226 14.168477 4.741291030239567 4.5170257191521195 2.2410147785729166
77300.0 4.685249 13.520965 4.378464330628266 4.388199570915656 2.001785708917525
77400.0 4.468026 14.133785 4.389369473037431 4.1169721199804235 2.228524540116056
77500.0 4.855385 14.472037 4.890171021269197 4.6926032658128065 2.2709139368595666
77600.0 4.722065 13.320513 4.604043664454262 4.477215073017144 2.2690387181767098
77700.0 3.924213 12.607139 4.041107025552587 3.7202847245800634 2.5623303717991166
77800.0 3.868936 8.975409 3.9179790872762705 3.6859444248127406 2.3168666097427653
77900.0 4.956709 14.467261 4.799977404948228 4.514283477925451 2.549481760883093
78000.0 3.513700 11.938749 3.675302932590956 3.3469965530224446 2.0659905103482714
78100.0 3.336238 6.443391 3.587580748387463 3.281595921620548 2.446953750503879
78200.0 4.764490 15.414614 5.040062113970838 4.567615911292047 2.1540374854535935
78300.0 3.868786 11.783467 3.9268210153399883 3.6994888681201537 2.1981911235085763
78400.0 3.076591 8.998138 3.389510961251456 3.075945640055319 2.499221688020747
78500.0 3.295768 10.512653 3.3493145339539563 3.152035601595711 2.250893011073896
78600.0 4.030705 9.403156 4.188307071609626 3.9659043754605903 2.41366773658319
78700.0 4.142284 11.070115 3.9650167256010427 3.8448292009627596 2.308906745207255
78800.0 4.477749 12.041341 4.372817080756424 4.171549640526354 2.28485738370592
78900.0 4.708818 14.838082 4.494743280844649 4.32971892890812 2.291510291009863
79000.0 3.644866 8.806052 3.9110097113829663 3.6531974066277084 2.102463081909468
79100.0 4.145665 12.070114 4.224715184982938 3.9219381953429973 2.1644127266724555
79200.0 4.062524 10.541272 3.862236512739443 3.7879493598392644 2.1548888372964905
79300.0 4.367690 11.334127 4.155002128845249 4.020356277806924 2.1467405549929977
79400.0 4.712059 13.225858 4.684258985789908 4.454945387362925 2.2438430482966383
79500.0 4.023406 11.059545 3.9098220525306857 3.735430733544331 2.4337547931734895
79600.0 3.876076 10.232078 4.058201097774781 3.7728734679403515 2.1693356007647315
79700.0 4.621444 10.745883 4.115436465612303 4.172174945342312 2.1957740888109702
79800.0 4.080939 12.570782 4.222539739702159 3.886196759619 2.2386046569714315
79900.0 3.486848 6.404755 3.598714565600701 3.3924871452793033 2.3099769274333175
80000.0 3.337648 9.207710 3.5443257412174933 3.2478606543733473 2.2788495522792287
80100.0 3.614544 10.299557 3.6604749015145943 3.4612734590049286 2.422264726473491
80200.0 4.240112 13.123572 4.1496333918466055 3.95342667336747 2.045022330638572
80300.0 2.533145 4.342077 3.027655170801443 2.611874267818345 2.47098200096173
80400.0 4.651770 13.777160 4.4591289067336835 4.304427627742205 2.271394156554827
80500.0 3.437151 5.537448 3.767438883708103 3.4736870180463963 2.4697147018798886
80600.0 4.320695 10.361993 4.136068257462931 4.035802290464046 2.3091166232088822
80700.0 4.766680 14.088242 4.645479150263871 4.432044526789481 2.3135648529291912
80800.0 4.880394 12.970310 4.617838472961387 4.465881723809872 2.2577966543815235
80900.0 3.183618 8.663142 3.336468044288316 3.111409524988244 2.14271482727042
81000.0 4.031312 13.288755 4.294677149852823 3.891074599474097 2.3651033335483698
81100.0 3.712031 8.347485 3.764963274669007 3.557032661107592 2.5706803518580816
81200.0 3.912507 10.579993 3.9084484507818313 3.686316169206607 2.2265518837853695
81300.0 5.175677 15.596638 4.929401426370032 4.718693050921193 2.185123630239183
81400.0 4.021408 10.885628 4.069742588098295 3.8194750111383065 2.4255629832474077
81500.0 4.467016 14.649264 4.431333636279807 4.159461699245385 2.3848816233003287
81600.0 4.398037 10.905606 4.1506806193290835 4.0774464833871535 2.50421513698512
81700.0 5.380764 15.469735 5.110435963996629 4.899444307251742 2.4720777518775416
81800.0 5.234399 17.310058 4.894867818223273 4.722173384369326 1.7893177819366781
81900.0 5.043000 15.390809 4.664355015583382 4.6083755284792325 2.0554337374216556
82000.0 4.889102 11.668605 4.713209992548179 4.639853741993205 2.2424180540072265
82100.0 4.471537 10.434074 4.26675701387901 4.143070988352761 2.2055465133292396
82200.0 4.147828 9.265171 4.1101011682122754 3.960576694924645 2.6266351386157814
82300.0 3.553675 9.163559 3.42963505966031 3.247326100700424 2.4890766352177565
82400.0 4.517809 13.307735 4.44482716429199 4.226157642241595 2.3466075052821105
82500.0 4.023891 10.293519 3.8764548574548 3.758054778843511 1.9731030150298137
82600.0 4.378091 11.256212 4.5024739739204 4.240727001019882 2.1905650890690906
82700.0 3.374994 9.588640 3.5267101616469776 3.2166047798662243 2.4841799724620537
82800.0 4.833319 14.860487 4.558469151290203 4.409779591356968 2.3522747191286273
82900.0 3.428907 8.845936 3.3699597357648474 3.278898721129207 2.2185424726699146
83000.0 3.760782 8.334338 3.913652041251001 3.674340599213558 2.2060659277232717
83100.0 4.022630 14.344469 3.8727370132198153 3.7029477748598465 2.164605777503575
83200.0 5.224906 14.270684 4.907498121512158 4.788079799968831 2.4736487914363483
83300.0 3.085163 8.139853 3.3676441673077497 3.070225519388163 2.175014107791421
83400.0 3.456678 8.068227 3.7282887925383066 3.4194699312044468 2.189056127004514
83500.0 4.574942 13.275682 4.45894557342895 4.255768977945907 2.537946079676067
83600.0 3.631469 11.455536 3.7905765671072604 3.520536457212212 2.170001636357179
83700.0 3.637734 11.337834 3.8879224034104634 3.472584909225451 2.1432504896703666
83800.0 4.546595 12.047076 4.443832945812329 4.218834670103876 2.461117656864327
83900.0 4.261603 10.468336 4.175459649763729 4.058026778051835 2.2870029155382485
84000.0 4.597413 13.533582 4.644361565231681 4.393112234829368 2.4198663312638518
84100.0 4.335943 13.985569 4.08499849937038 3.974871817569075 1.8336822079728732
84200.0 4.682139 12.248508 4.8459758658610035 4.591472751235773 2.2218305188707026
84300.0 4.656117 11.818582 4.203970745744403 4.231958671011822 2.194962992158554
84400.0 3.458601 7.200687 3.5938209759595408 3.3900208982266307 2.195962944688575
84500.0 4.460061 11.973123 4.583451226686562 4.264272344464202 2.4946402217270935
84600.0 3.428296 10.409639 3.3557602234166457 3.2389555557438214 2.474805999476874
84700.0 3.721091 9.185730 3.5671200909029674 3.4603152639460606 2.2069017959623505
84800.0 3.628412 8.085677 3.5304339787848438 3.531552503132064 2.2621225631342927
84900.0 4.363890 11.997672 4.542879692032105 4.170499168049625 2.3828157541975985
85000.0 4.152159 11.558774 4.272687039690616 3.986318921371806 2.235554383769499
85100.0 4.851542 13.885117 4.809614558217086 4.536685312726451 2.283658487888545
85200.0 4.533333 13.135678 4.561796348261672 4.336691198883076 2.165795076297664
85300.0 3.732420 8.684509 3.8332165831102936 3.5919579020143586 2.1165864684261266
85400.0 4.592902 12.794506 4.61197178511467 4.408041690291375 2.379805791220089
85500.0 4.122177 11.106425 3.9561876566803797 3.853885113484495 2.1117544497094047
85600.0 4.579143 13.319244 4.453955880030387 4.248478127564903 2.34459978112924
85700.0 4.483630 12.895148 4.24664244120603 4.082589169756378 2.347093574102553
85800.0 3.347715 7.411466 3.7285247410248252 3.3497738592847863 2.078961411596415
85900.0 3.729279 5.658702 4.002973216598834 3.7429456834232657 2.456539859812685
86000.0 4.063396 11.969506 3.8277337723749745 3.739581676702984 2.217125066690672
86100.0 3.194368 10.357782 3.3140114294942604 3.0326651418676565 2.2886022854236936
86200.0 4.512942 12.916863 4.520618105811754 4.282987623006407 2.3870159435739464
86300.0 4.604725 13.945328 4.860785957089874 4.410192478613803 2.279851480503741
86400.0 4.413097 13.554052 4.355599156535237 4.1067547906364315 2.32229284256621
86500.0 5.350601 15.947265 5.180955412637409 4.941275371309341 2.311949621066033
86600.0 4.190689 9.720602 4.151228330129322 3.9543490108962556 2.0479318040512227
86700.0 4.863137 11.471161 4.613732894916598 4.512545640356261 2.2849863632105456
86800.0 3.815997 10.333261 3.7094944120697 3.580079589130935 2.18605523925951
86900.0 3.434125 8.262390 3.734404422892988 3.383039875094278 2.2909756227262332
87000.0 3.484394 7.224390 3.734821846902576 3.5066898341363646 2.3283220985020026
87100.0 3.840739 7.390387 3.9923731242701304 3.8244212455670166 2.298105895128343
87200.0 5.124270 16.632516 4.932963735571085 4.6867237859493445 2.21447344648042
87300.0 4.568771 12.007512 4.608540503237226 4.422473603954517 2.363931701978536
87400.0 4.825989 14.005117 4.913186904023103 4.641420354012189 2.1135015776323853
87500.0 4.774431 13.050368 4.931700371778164 4.616693240690801 2.1982001266757583
87600.0 3.758775 10.687843 4.044598928966926 3.6769097005532903 2.4407200383103254
87700.0 3.114950 9.370058 3.2815326288573172 3.012245087952274 2.3512342813378546
87800.0 4.005408 12.734832 4.013387547989418 3.750861616356367 2.3613266291376127
87900.0 4.088173 12.507785 4.0611509690483425 3.918428667414225 2.3115384309803355
88000.0 4.189949 9.588342 4.274969667260672 4.06576871420866 2.213409241118529
88100.0 3.392227 6.960554 3.3409568829960383 3.2472963551390217 2.0823929967308996
88200.0 4.213487 9.377109 4.176693876127072 4.028492744614489 2.2817072147852957
88300.0 4.244179 13.693928 4.14751149700038 3.932194529678267 2.4378740409434907
88400.0 3.934104 9.107268 3.912758850735565 3.758442706370299 2.3392466289011944
88500.0 3.983004 11.737084 3.9767342168072766 3.742422282417905 2.4535801170869473
88600.0 3.471737 8.142899 3.5462344252071114 3.324489975828102 2.1843588980970097
88700.0 3.253605 4.713854 3.3631114791884555 3.2220184080290877 1.9712298142068125
88800.0 3.291301 10.069532 3.5570032522498707 3.2277425134781548 2.449106511562646
88900.0 3.990352 12.340153 4.121662256503647 3.7874746592211537 2.366611669003083
89000.0 4.236142 12.161325 4.055902656829081 3.8610128571984466 2.305961925578055
89100.0 5.211266 12.565653 4.9450495003004376 4.856732015066718 2.0443110973057137
89200.0 3.898359 9.489374 3.676334491717172 3.6162590713167 2.158728105426382
89300.0 4.337931 13.527395 4.122445801002413 4.001403244191026 2.4118329719921547
89400.0 4.629619 10.932923 4.280634283617475 4.2949669045318135 2.1327745561720577
89500.0 5.115115 15.626240 4.70080277057098 4.661134422988003 2.421616638919069
89600.0 4.863768 14.270207 4.667347850032325 4.501463571101416 1.9713301779475385
89700.0 4.600222 13.380896 4.828127800313541 4.415417147607391 2.119902094600983
89800.0 3.660475 10.858445 3.584945945299213 3.4794230630605925 2.0795635003879993
89900.0 3.825211 10.127412 3.7517889503009934 3.7028920221919837 2.1290833839606704
90000.0 4.182799 11.561779 4.244161742160765 3.9735398125694785 2.5728647061675667
90100.0 4.759230 12.916143 4.612871062573573 4.433278281487046 2.1840815318799605
90200.0 3.978259 11.044575 4.331301628517076 3.994802066442186 2.332732522256444
90300.0 4.892043 10.803888 4.873192866533754 4.696676283363042 2.2433788041227536
90400.0 3.543848 9.651469 3.635408408936496 3.4277250817930365 2.2545366979157015
90500.0 3.790136 10.760073 3.9717353191426925 3.7168841035892384 2.4848236267072332
90600.0 5.454427 15.512970 5.110635381349823 4.998572997852393 2.383978605393055
90700.0 3.657093 8.454572 3.750379144532579 3.5159116211578523 2.5023610819467033
90800.0 4.693613 12.609114 4.579157074362327 4.370082558784776 2.3485405517710727
90900.0 4.486082 13.185807 4.145971413787657 4.079905795380782 2.465955988173894
91000.0 3.757208 6.199761 3.860044995911246 3.6688797459182685 2.19430930004917
91100.0 3.587631 7.751463 3.736254975783094 3.530852541073784 2.218311252166501
91200.0 4.528862 13.336838 4.3814453644346 4.226759265385426 2.1121492682360694
91300.0 4.090409 10.400841 4.211247796033549 3.9232745011317482 2.386861633746725
91400.0 3.926268 9.835030 4.050942446547643 3.8430020308414825 2.4601817784805204
91500.0 4.210295 12.151523 4.307560850471705 4.029857519607997 2.220669619697338
91600.0 4.254719 9.890564 4.352495560478255 4.139365875613547 2.214068195609063
91700.0 3.407045 6.213406 3.477235729234922 3.350117385696948 2.2722527860034347
91800.0 6.043734 17.037667 5.726200181837967 5.509337424766048 1.921149810961432
91900.0 4.243003 12.952218 4.2575245022100745 3.9366892785581995 1.9822136481411452
92000.0 4.954874 13.375328 4.797380113208675 4.686121375363529 2.499766605675157
92100.0 4.139164 12.033636 4.1486251252829 3.9276587189053718 2.2661565450148347
92200.0 5.102576 13.911232 5.274159130489559 4.850704088054632 2.190573342305918
92300.0 3.776076 12.139081 3.9233282421620945 3.58189931126068 2.137884413669032
92400.0 3.684755 7.281571 3.4551130527410967 3.4396694357082502 2.559680168490234
92500.0 3.581487 11.343678 3.5074977380106525 3.3338686946191256 2.263679924333238
92600.0 4.291351 10.306041 4.150491889610869 4.100611684291875 2.4647548848646057
92700.0 4.035508 12.168707 3.879923440941755 3.7407851193025383 2.0300431224205817
92800.0 4.411438 12.942519 4.066749216739462 4.045696848591544 2.247206398275931
92900.0 3.990354 11.134288 3.9941710899679124 3.765773953570078 2.370609515151428
93000.0 4.256088 12.308720 4.145782457281271 3.965928174464078 2.522382127464518
93100.0 3.640445 12.203025 3.5675201899430293 3.3577522861208524 2.370575700025854
93200.0 3.847211 10.797947 3.914877677129525 3.6619900747587284 2.334985940688593
93300.0 3.698938 10.226738 3.9328157513806428 3.5707191348494374 2.547653558003864
93400.0 3.157851 7.421548 3.210309029770634 3.046220858722793 2.3111513479614003
93500.0 4.604757 15.124718 4.384267961476876 4.2434133796841405 2.1547138789595155
93600.0 4.038139 9.473013 4.035529240211777 3.8465430743258686 2.525424011571744
93700.0 4.642913 13.422885 4.2290121499738 4.157730668939826 2.2393613370300756
93800.0 3.433725 8.531743 3.7103744782055963 3.4086855420112676 2.2060792095501776
93900.0 4.570408 13.885603 4.533747043114018 4.299513902007848 2.3233116511495178
94000.0 3.854020 10.865616 4.0693963151721 3.8047519761667807 2.0710635697432367
94100.0 3.335773 9.230827 3.333029883562146 3.181723876593614 2.1098959807759434
94200.0 3.077084 5.973269 3.293076369044679 3.0090054030627913 2.069322512460888
94300.0 4.408925 12.416207 4.393306195483766 4.143896598224948 2.1931311271554814
94400.0 3.685255 6.376170 3.7703820091917297 3.5313048071565065 2.1980211511071204
94500.0 4.694578 13.080544 4.299858841271426 4.243971847448472 2.358674412627595
94600.0 4.086745 12.148947 4.145012362042468 3.912972454401665 2.6681872937610436
94700.0 4.018114 11.998210 4.100639480151313 3.790516084676791 2.4237674451769844
94800.0 3.026924 9.678650 3.0963043260768597 2.85394884350172 2.456389564113698
94900.0 3.561227 8.634582 3.41632244694408 3.2420967832596364 2.4144820934968902
95000.0 4.278303 11.059320 4.156272814548706 4.063787693229469 2.4432673212677867
95100.0 4.504392 10.262393 4.657913532077263 4.3785787245267445 2.5505781016108027
95200.0 4.320475 11.907467 4.418219774674075 4.076754446416181 2.36761349137871
95300.0 4.236370 10.288419 4.132347477911954 3.9371723881993432 2.3487693872017936
95400.0 3.539182 10.259639 3.4110272424628767 3.400681364378555 2.1190865045389904
95500.0 3.274673 4.683048 3.3181916236475892 3.1598382514894 2.282784648948307
95600.0 4.111498 7.084984 4.037445836169685 3.9442117281218785 2.167399328669124
95700.0 4.312276 12.199123 4.427508890757677 4.0441751157574215 2.1960155417576774
95800.0 3.185807 6.372244 3.599702389437721 3.1837235675052513 2.468917520024603
95900.0 4.390128 11.428822 4.141683795691394 4.049508870350804 2.351639968070166
96000.0 4.427793 12.847700 4.358738983617356 4.173380843929638 2.3001837248063306
96100.0 4.097627 11.703894 4.007558782069929 3.811886970435866 2.42136249855223
96200.0 5.619051 16.997496 5.229402066527083 5.053248786652095 2.307935159389628
96300.0 4.227371 12.367994 4.1072539528577465 3.907428463841688 2.349413130474041
96400.0 4.428000 14.124623 4.137552149522596 3.9385805836356154 2.423654469433102
96500.0 2.470333 5.668900 2.847234652248561 2.476631226846196 2.4131753940884564
96600.0 3.593644 9.220901 3.798573644085679 3.505850098198955 2.527471818043637
96700.0 3.002411 5.710211 3.505053052002617 3.1006808559259746 2.264996651355864
96800.0 3.956015 6.778722 3.8784260573065015 3.739897130749702 2.211772182266211
96900.0 3.974930 12.269773 4.1588991930188195 3.885547203238997 2.205061640490729
97000.0 4.238273 12.192910 4.1102059719625625 3.901484874724502 2.2958813198420036
97100.0 3.901159 11.030607 3.909144969524883 3.67639855417934 2.303996739084014
97200.0 4.305574 10.126084 4.477830431323913 4.2453794458690375 2.2631563302700033
97300.0 3.625941 7.205462 3.7406056317615226 3.5864805388159997 2.2280402787252735
97400.0 3.119053 9.827280 3.214221716814814 2.9844961392007123 2.3414456916230777
97500.0 4.598430 11.721727 4.408863179711477 4.30546160055636 2.2708036319907197
97600.0 5.336942 16.266963 5.287899951370728 5.033025217584893 2.3203578614461695
97700.0 4.251578 9.268330 4.330179277275046 4.132366236374531 2.202249700488137
97800.0 2.950745 5.834025 3.298593761201959 2.9433116402226327 2.349337518858642
97900.0 4.275697 10.650448 4.161252679595655 4.004993558938904 2.4461691871099593
98000.0 3.598841 10.142106 3.675129907927452 3.480722450284486 2.2580538564242305
98100.0 4.343333 9.617343 4.526514001070059 4.209691542834629 2.4836430517606423
98200.0 3.457129 6.781933 3.3585158591340507 3.1762861278058847 2.4008399685227393
98300.0 5.190250 15.812757 4.979087027291185 4.774365916499426 2.4636695722707693
98400.0 3.556566 10.939398 3.4770504350696694 3.3168219219655124 2.124295507756495
98500.0 4.747730 14.319767 4.612424861778861 4.367249270870633 2.234508795648401
98600.0 3.958845 9.547854 3.9439611212433996 3.7927581065568714 2.2784332616916614
98700.0 4.196162 9.864550 4.038631706160706 3.9767669958457055 2.346391265908349
98800.0 3.868420 13.773380 3.5647621643989527 3.485075940142913 2.329675445209161
98900.0 4.079699 12.500736 3.768602908294903 3.718658055615633 2.2160868845363155
99000.0 3.133103 10.212417 3.239374486559059 3.0171682139494114 2.226978371242742
99100.0 4.040779 9.187646 4.029460313248089 3.8558899774332156 2.3258007873824496
99200.0 3.522669 10.184203 3.6114527212759318 3.3706070759804483 2.398662578803733
99300.0 3.320199 2.935255 3.4303548795560577 3.2686249584651863 2.4071231310890977
99400.0 3.949689 10.927712 3.828678598096791 3.7008982948952056 2.4204779496947424
99500.0 3.173381 6.217353 3.107859636436797 3.022732445771324 2.167199159652959
99600.0 3.995863 11.778677 4.0978829788699045 3.780699791379375 2.5193384611000083
99700.0 3.979866 12.903656 3.893247743973402 3.6926294323461297 2.4175515929110105
99800.0 5.147749 14.263991 5.215482587943915 4.875899039193 2.090009914928286
99900.0 4.795292 13.998702 4.656281293554587 4.466258540658148 2.231541557528131
100000.0 5.347629 14.339912 5.036217549487812 4.964759327819337 2.22172449109009
