# t rg re s3 s4 s6
100.0 4.380307 11.049537 5.137966546158721 4.518392992972607 3.3548170040186895
200.0 5.032817 12.177232 5.23601279048295 4.984243779646516 3.561617955594992
300.0 4.489295 9.636921 5.292448921286005 4.642238614370628 3.9171785137176576
400.0 4.273714 8.170610 4.996891934232156 4.510667103470327 3.62457884212705
500.0 3.706657 9.098908 4.799667202201549 4.074016033092933 3.7800083632580463
600.0 4.476997 9.559845 5.039779719085732 4.566731027605743 3.8966754101508463
700.0 5.884541 15.469363 5.822750954565353 5.593556847985482 4.013215329325477
800.0 5.126865 16.466672 6.315916913915861 5.388572923354371 4.133651174982225
900.0 4.443333 11.794198 5.274349121684264 4.741267632410051 3.6099667751320537
1000.0 4.466296 12.777992 5.446965070830616 4.707014991194459 4.165126340661264
1100.0 4.546068 15.257141 5.541995465222069 4.680441500138655 4.173180211100468
1200.0 4.042950 10.197704 4.391518991891989 3.964003933101862 3.821754551600995
1300.0 4.754895 14.801257 5.32248745195064 4.784467430911394 3.863876446762099
1400.0 4.741349 13.955465 5.290013903029861 4.816311184011512 4.068893024349832
1500.0 5.338807 17.006012 5.485460854272425 5.161742443555559 3.608131505584526
1600.0 4.626573 14.853727 4.961394223111699 4.520293034679938 4.248609908567638
1700.0 5.291529 16.429570 5.63017019336055 5.134512944231737 3.994051977779568
1800.0 5.854191 17.961371 6.064945483288026 5.717093189765395 3.6196294823848727
1900.0 4.604875 14.775520 5.234058954443387 4.647231311812952 4.027631623797535
2000.0 3.490772 10.011942 4.35889257929071 3.7791881541453716 4.105438652298536
2100.0 4.832101 12.458140 5.159637403013142 4.923206758116033 3.635725777938473
2200.0 5.111124 13.299689 5.980141503905829 5.199483947917177 4.207399567052063
2300.0 5.148301 17.216509 5.2876431427101105 4.931452438059064 3.8236922565763765
2400.0 5.234889 16.335778 5.476780570660006 5.046303149072792 3.671738252037996
2500.0 5.570419 17.982818 5.6276123084769445 5.192255129123039 3.981710603676532
2600.0 3.772598 9.034153 4.758023582330176 4.008730169107967 4.127925905523314
2700.0 5.217324 15.695633 5.775074851545563 5.124307018734133 4.029081942669384
2800.0 5.162496 14.213448 5.299430012637873 4.960640909359216 3.7924356803313874
2900.0 4.503258 10.086811 5.3582283833835564 4.7927583516848795 3.7866190302703955
3000.0 4.950485 13.835414 5.829059429252606 5.131441344251673 3.6877819280975603
3100.0 3.823940 9.518036 4.948293100189253 4.074539205351056 3.923631530832489
3200.0 4.788395 12.966687 5.063618995131613 4.68274212782624 3.736632480364284
3300.0 5.860502 15.719271 6.437568133482234 5.81401126168485 3.392514534457166
3400.0 5.028608 13.529172 5.880165984933223 5.130788735890964 3.7877884282510315
3500.0 4.926494 16.034798 5.340890886808946 4.852061464979519 4.10610911674691
3600.0 4.569400 14.877578 5.29921942882478 4.671412954322693 4.066088040485655
3700.0 5.231432 15.780200 5.647088876156315 5.115318152733259 4.532875863834603
3800.0 5.441043 16.685126 6.179758712179253 5.452499920872427 3.7521089635422333
3900.0 4.997576 16.045147 5.616342405499145 4.887589323803953 3.983777898466725
4000.0 4.439111 13.376315 5.130349807741418 4.535906539522537 4.19523484397806
4100.0 5.542669 17.604457 5.790502415244329 5.421984549001984 3.9758172738062734
4200.0 5.214616 17.378342 5.478606263664545 5.026497044344206 4.093907150828262
4300.0 5.176253 16.302153 5.929622277829616 5.178614168604214 4.347573084873779
4400.0 4.367436 13.894129 4.678626565112134 4.275803038404642 4.138486910636593
4500.0 4.970411 12.695588 5.734129012547462 4.989062465596542 4.478807812773469
4600.0 4.400276 13.895774 5.011548896213852 4.526705890230726 3.9458708712430095
4700.0 5.391256 13.937468 6.22104547317914 5.45948795662608 4.636360198395156
4800.0 4.935345 13.740362 5.841649889055358 5.119969652131143 3.4380599320279472
4900.0 4.127117 10.633599 5.7051388112365204 4.680439253725642 3.8911851379972977
5000.0 3.518684 5.247869 4.3847908978254875 3.786683407895701 4.0986825653826315
5100.0 4.201955 8.618747 4.517838722808927 4.1751493693000015 3.9611044608913337
5200.0 5.307068 16.149663 5.99460883926555 5.3270815431472895 3.6306166336460928
5300.0 5.026564 13.503608 5.412743718234328 4.966668108745425 3.7638290786044326
5400.0 5.053226 12.423712 5.529539107427295 5.11721121900834 3.719813923783916
5500.0 4.764601 11.857146 5.421754285922268 4.821426352948836 3.541424637375544
5600.0 4.288884 10.629825 4.906309950676492 4.4866194872536305 3.521116219554498
5700.0 5.077943 10.934614 5.674092981342056 5.234116230725421 3.7527566606430574
5800.0 3.793835 8.157513 4.329889460795143 3.968919848160909 3.8641198882691525
5900.0 5.345655 15.263419 5.493617554428155 5.148131355865235 3.7892483093769576
6000.0 5.360842 14.056500 5.973174581933823 5.414159887898857 3.8143815198932742
6100.0 4.700538 11.122508 5.189387892747541 4.737969486449692 4.255595054937817
6200.0 4.672924 12.672246 5.292603201055911 4.809067554060067 3.6614483045471284
6300.0 4.780103 13.817571 5.169346434257711 4.816768838857874 3.613512114409894
6400.0 4.040019 10.174002 4.776044369855489 4.2350686047466874 3.5958727966169213
6500.0 3.835126 9.572233 4.270098990716259 3.923843307228904 4.06719262987259
6600.0 4.867203 13.296440 5.581652128481842 4.94049324907061 3.7659630890910165
6700.0 4.423536 11.187671 4.99560189444788 4.555054610752209 3.4347571466544533
6800.0 4.606167 12.620095 5.115454908140362 4.593084508011463 4.288893675872845
6900.0 5.245367 16.677089 5.375720907871615 5.067559572432939 4.220691044580618
7000.0 4.694232 11.476980 5.1815349191711375 4.792905974704341 3.919151466006638
7100.0 5.023190 15.180591 5.402183997642783 4.925515468379872 3.619184909117671
7200.0 5.290071 15.128787 5.629710756633736 5.231574558570962 3.8259007559256344
7300.0 5.252353 14.898024 5.806220850792688 5.180999140004734 3.8127334576112655
7400.0 4.406383 13.221233 5.011107623668768 4.427356107055563 4.4847754487444735
7500.0 5.285210 15.095002 5.614399743080009 5.220282821078784 4.264272043633041
7600.0 4.763117 13.423963 5.632511316420829 4.945441757347269 3.331290980488961
7700.0 4.646656 12.927537 5.008410081838795 4.533709470600484 3.9781292320703465
7800.0 5.247890 15.137137 5.353942468246164 4.999404685118231 3.8951811722656657
7900.0 5.569299 16.190629 6.210839331408561 5.5888634070971 4.043081182524663
8000.0 4.715797 15.315896 5.226176808508787 4.6369109176141015 3.9916127967063586
8100.0 4.440033 11.997228 5.005191759663396 4.471116892271241 4.104071247617155
8200.0 4.596407 14.933630 5.192247490643202 4.603310532188187 4.037115913135458
8300.0 4.951183 15.721767 5.551898001279927 4.915671059693427 4.430878538011698
8400.0 4.589397 14.837191 5.13263289088441 4.5867827540961175 4.195954890058647
8500.0 4.153728 10.035698 4.941845906973615 4.298170250280581 4.224156328075494
8600.0 3.839300 9.380001 4.625878344334486 4.060380033884447 4.110251000771457
8700.0 5.237332 14.293620 5.513822502592368 5.094608013215386 3.8607711031704564
8800.0 4.765349 14.641240 5.145365662842438 4.773764337242451 4.096547884115521
8900.0 4.214068 8.097003 4.867213332246259 4.321161395385429 3.6106956434612845
9000.0 4.223618 10.541204 4.721411244014089 4.227172583110373 4.079602958784529
9100.0 4.660313 12.544701 5.359296336553538 4.819029031936379 3.8565253814939413
9200.0 4.821336 12.487996 5.182154083437059 4.72806447394386 3.7454161734649927
9300.0 4.769853 13.216977 5.691165397828133 4.881722364916989 3.7235788052703165
9400.0 3.851993 10.697579 5.029754791835424 4.268050004765041 3.653006665442142
9500.0 3.921517 9.314298 4.750414954067852 4.155503463704113 3.712265566762333
9600.0 5.189444 15.041341 5.759630165412036 5.127489057918145 3.7526634155036414
9700.0 4.919814 12.261617 5.5177416127600525 4.961591693698939 4.034720725400522
9800.0 4.791745 12.693540 5.432650625574852 4.829643482643726 3.3647502097445465
9900.0 5.406859 16.690304 5.799227789915612 5.2215171315387225 3.922385429435749
10000.0 5.017297 13.764098 5.690213084575647 5.159683906713749 4.10158028504869
10100.0 3.948084 11.019100 4.69921958889964 4.156370482335054 3.835534860365196
10200.0 4.039768 9.660284 4.652044349227667 4.178850028145234 4.029056584291806
10300.0 4.662132 12.258878 5.677531607088009 4.865687221027067 4.0058521437418095
10400.0 4.229276 13.144219 5.047284391437088 4.386066927230701 3.874888830937107
10500.0 5.237452 16.431459 5.8329588278458875 5.145402335048832 4.443315100196785
10600.0 4.525770 10.826007 5.284110363218191 4.688625697910536 3.853621544485131
10700.0 5.905045 17.001564 6.179865408147195 5.84044067150853 3.9336835744411136
10800.0 4.754465 12.759916 5.550729909463492 4.892408337430335 3.981363476154945
10900.0 3.341809 5.412702 4.750435584377204 3.867277179542747 3.9497616613321016
11000.0 4.046127 6.915263 5.299226157861396 4.473343918461567 3.8914797268775065
11100.0 6.194090 19.436722 6.575192331649802 5.938318340020763 3.879596407420704
11200.0 4.227305 13.369140 5.156464266989988 4.424308085009539 4.027065307050357
11300.0 4.241156 8.307338 4.756420007150823 4.382878903797751 3.3754109054387116
11400.0 4.941544 12.227220 5.249590628281119 4.790155050964405 3.9056584861740165
11500.0 3.449802 12.184211 4.564180535768809 3.7345694336947735 3.8462459518897045
11600.0 3.813339 7.277581 4.615210093241114 4.0540554783806115 4.0509753383971505
11700.0 4.050723 11.258557 5.170408966444284 4.2435661204488815 4.087479186989752
11800.0 3.775275 10.079567 4.676419751929961 4.056093767730698 4.305951845297872
11900.0 4.564008 14.411692 4.811646590698579 4.483872969438355 3.7683523342611562
12000.0 4.292848 11.459207 5.043634605555176 4.354617128860963 4.347059440349984
12100.0 5.676171 16.981959 5.783086760713018 5.421850020929667 3.4435524128742685
12200.0 5.097819 13.076627 5.645063059959301 5.051970207809986 4.575715829085164
12300.0 5.098703 13.781943 5.5293836882613725 5.033312905896564 3.779532200062509
12400.0 5.835289 17.102087 6.075858264896366 5.645532467116919 3.932999921686996
12500.0 4.478656 10.226510 5.055049191807524 4.56349782793191 3.6088850895481692
12600.0 4.862772 13.666673 5.296283591755524 4.898471461045982 3.8381408541621846
12700.0 4.485895 10.283498 4.867986833651177 4.508216781302866 4.311226070717445
12800.0 4.803892 13.610061 5.221968373800404 4.722183219784163 3.3307171726640403
12900.0 4.952906 13.454233 5.557338386706445 4.819917455607564 4.013594600863395
13000.0 5.207212 16.052316 5.272010048912856 4.990150549539601 4.182307951243889
13100.0 5.107610 12.633552 5.235010530199838 5.033270587700999 3.7858923280686314
13200.0 5.311363 15.680031 6.464945956003692 5.488286111042421 4.533870881344964
13300.0 4.535156 8.395608 4.911817846923635 4.5317794364294794 3.888730735589856
13400.0 4.622733 12.808409 5.290835405659616 4.628420685948159 4.239437094115551
13500.0 6.351651 20.411925 6.40409788541803 5.9899086510916675 4.115040141213858
13600.0 4.721673 13.632039 5.201511239207398 4.733567084866209 3.957271436943931
13700.0 4.454012 12.705092 5.43251915723957 4.778360025928276 4.183724532338664
13800.0 4.594861 9.443047 5.17263121472144 4.623444193529397 3.798656276743849
13900.0 4.594278 13.992107 5.330489361638794 4.772544333639339 3.547644738612107
14000.0 3.776390 8.364655 4.6447173840358955 4.046950062117918 3.8314494139459083
14100.0 3.957818 10.882083 4.802251201638257 4.148227953335731 3.8223617158318963
14200.0 5.395881 16.140996 5.819352818030721 5.234914621422308 4.600488931082588
14300.0 4.616615 13.002852 5.483317683335832 4.72816709211594 4.193409869223264
14400.0 5.018840 14.008732 5.553751986925 5.144010139636712 3.7844020726791627
14500.0 4.746349 15.516861 5.2219188770997915 4.743884414653684 4.189075286213526
14600.0 3.961743 11.215654 4.531295712692876 4.0754902415142436 3.8522350357195374
14700.0 5.300590 16.396438 5.367465782481376 4.972974397029526 4.199009263882265
14800.0 4.658224 11.238229 5.838504597645242 5.0565491497899036 3.452259941856233
14900.0 4.548045 12.144806 5.119405391058049 4.691044795843911 4.536347857074977
15000.0 4.825369 12.234649 5.3465095273294025 4.851275404118926 4.116558314784303
15100.0 3.536776 3.972387 4.685896550012947 3.913570526720499 3.869833078139467
15200.0 4.542085 11.291345 4.726593875068865 4.390618996510767 3.6408389420206095
15300.0 5.002459 15.663580 5.444932163068059 4.929605086303712 4.2478724945437625
15400.0 4.327752 8.807270 5.676611989354223 4.857816867365911 3.8929293984870545
15500.0 4.305300 11.388338 5.111045602459065 4.458035744544385 3.6525627594448227
15600.0 4.118428 7.600518 4.873775238317455 4.2535872585891745 3.600834419631451
15700.0 4.275975 12.438250 5.04788731382918 4.404244337538103 4.232277768064832
15800.0 4.876952 14.604557 5.447564779598483 4.850896334458288 3.856192358947165
15900.0 4.625465 12.802328 4.899426417890595 4.613523621948727 3.342282300301357
16000.0 3.693326 6.153529 4.79205308852139 4.027301716782757 3.696819543023624
16100.0 4.947107 13.775506 5.1584188273336915 4.929309730065888 4.1859500368553
16200.0 4.151983 11.036585 4.907959160780861 4.345294101399321 3.9480861561115117
16300.0 4.426054 12.759915 5.261161741120962 4.642201573497187 4.173180621574508
16400.0 3.991980 6.962567 5.06413520302009 4.336371215254932 3.901902298554729
16500.0 4.695316 11.565185 5.304632990120075 4.821522680907731 3.99827630872412
16600.0 4.722188 12.157781 5.750163213849951 5.011071435191547 3.8609016005018333
16700.0 5.011930 16.950626 5.251962135087594 4.847029475801505 3.5479944582556397
16800.0 4.971176 15.788876 5.251966313897083 4.793141485806737 3.9999610818868447
16900.0 4.233090 11.850971 4.903805761157681 4.389594818930262 3.7910421665482517
17000.0 4.607466 11.657784 5.555158957954699 4.84967644669766 4.5259002716826435
17100.0 4.257634 8.740678 4.906173087646801 4.354586735423139 3.784010839365549
17200.0 4.579665 11.180847 5.141323049400022 4.705713007887237 3.6244297319032808
17300.0 5.234118 12.956795 5.8483931400679445 5.245916905539996 4.041066474395098
17400.0 4.773839 14.455274 5.1210976109710025 4.814512350289714 3.7714654412980617
17500.0 5.477624 14.169123 5.545180273830611 5.332776300190352 3.917979755767037
17600.0 5.174607 15.768706 5.61107143125605 4.975254970166531 4.434162867210301
17700.0 4.757724 10.328769 5.2860295482399655 4.817253467660172 3.960439938755465
17800.0 4.920917 13.157019 5.505307778248349 4.966928948418078 3.9106347355114166
17900.0 4.490007 11.901149 5.10597657092209 4.465981993929181 4.302017780916087
18000.0 4.237125 12.234612 5.125985462382781 4.418301795654189 3.778429008138354
18100.0 4.601892 10.772858 4.908219814444839 4.526628407245437 3.760186046883094
18200.0 3.624587 9.951270 4.428180118241864 3.8638790784065984 3.720682428663041
18300.0 4.470829 15.519649 4.923801285421131 4.381674554970859 3.784808260790136
18400.0 5.339932 16.444918 5.822298122335905 5.118410385511043 3.828801939701262
18500.0 5.488919 16.900460 5.788038446561851 5.282130635455766 3.454757105037517
18600.0 5.421829 13.572601 5.750684667511633 5.366239744018531 3.9385845771204653
18700.0 4.611027 13.812647 5.19847065524015 4.581091266105024 3.452010016305661
18800.0 5.203858 14.858234 5.555130920269699 5.24095497573782 3.9039781739669976
18900.0 4.349207 14.600630 5.173278279255966 4.467382723641331 3.679009637855971
19000.0 5.012620 15.280077 5.3556817326818935 5.003535904137987 4.000860414602999
19100.0 3.531019 11.961658 4.410010876305023 3.6890650305602017 3.751961940966561
19200.0 4.504919 12.444322 5.039971720269449 4.574133933577676 3.7533476980453186
19300.0 3.804941 8.750527 4.6651937713237945 4.047601454070359 3.915840603639272
19400.0 4.213180 11.053882 4.930286524334826 4.373753158071812 4.121474204507538
19500.0 4.937940 13.414486 5.413033748285419 4.89090000161354 3.7401585499050665
19600.0 4.671175 11.647359 5.331371412858866 4.750201206270983 3.7956092595214503
19700.0 3.881426 9.653500 4.64815118966928 4.030781986978658 4.580383718024858
19800.0 5.060534 13.598528 5.799843695502361 5.091173048805845 3.9648857957025117
19900.0 5.141036 12.839031 5.712104019209576 5.178441178922407 3.4882252847344533
20000.0 4.612235 10.580623 4.899170767720518 4.588626805030669 3.812915853563434
20100.0 3.574988 8.753476 4.559365817871962 3.9465497673213266 3.67141742892896
20200.0 4.757953 14.408186 5.195559635745152 4.657799247728695 3.549054017356929
20300.0 4.069494 10.074711 5.06668453557759 4.355216877814762 3.8334666292953314
20400.0 3.477521 7.827118 5.0204790228068195 4.046853542659033 3.5256908413561785
20500.0 4.634222 13.401329 5.00697224013457 4.62393675774223 3.612125901852546
20600.0 4.193703 12.073113 5.149511623632578 4.406711711962428 3.5923646937970948
20700.0 4.481096 15.053969 5.289660201136329 4.527163674181163 4.44174126667438
20800.0 4.777942 12.203085 5.20867492956351 4.780625738445313 3.6324565406518206
20900.0 3.933155 7.974571 4.853868722816683 4.223068742807021 3.7373212817772514
21000.0 4.362733 11.474819 5.156340404340711 4.544132695805946 4.088976730866626
21100.0 4.301225 9.681870 5.454537682251832 4.619454887638179 3.6996997473123314
21200.0 5.143043 12.890050 5.468872730490479 5.0834411235731425 3.573119008850234
21300.0 5.064150 12.823002 5.522633728363414 4.948738589629324 4.697208632330524
21400.0 5.640051 14.948924 6.007949594381618 5.52763899006439 4.111434874510775
21500.0 5.318500 16.449251 5.644132612021825 5.189374442411488 3.8878598746469004
21600.0 5.399316 15.094238 6.163174328777874 5.528152942486178 3.5819983147865755
21700.0 5.391259 14.140137 5.889545921258259 5.369421889827602 4.015142631006849
21800.0 5.142916 14.660106 5.42899445496699 5.09738504860463 3.550244310014929
21900.0 4.689447 12.556246 5.092792781437418 4.630212432579067 3.966709808275231
22000.0 5.097295 14.090298 5.713835038499635 5.168535501927878 3.7333783136851415
22100.0 3.812168 8.322682 4.603199428276407 4.115103216322574 4.032970128637882
22200.0 4.284046 7.161587 4.869841072551755 4.411099318539432 3.925328440248486
22300.0 4.482730 11.304476 5.031832527424475 4.53440081493625 4.0839107962973555
22400.0 4.508132 8.628913 5.22199241788379 4.707893259098273 3.2831288863058985
22500.0 4.593739 10.976260 5.023075350613754 4.592267506990869 3.8485932472781155
22600.0 4.511250 8.657763 5.078815507139946 4.673765887172842 3.907599013936946
22700.0 5.214613 13.579631 6.035597566310684 5.288698640645866 3.7972220891737147
22800.0 4.515789 12.598407 5.166625162773227 4.630880195194609 3.6196171064889824
22900.0 4.766003 13.833472 5.313480003471609 4.764045505952862 4.648916368608032
23000.0 5.145952 14.996014 5.534703834519424 5.1064321691590955 3.8877621514608243
23100.0 4.705829 11.093548 5.57783572423634 4.916630149368944 4.2052135714891925
23200.0 4.445577 11.729138 5.08179632217016 4.513998522581813 4.3290391897867275
23300.0 4.222604 11.297917 4.843356757381281 4.333415948425567 3.6104928265493164
23400.0 4.727784 14.616135 5.316147893196321 4.730462306882397 3.835973799949227
23500.0 4.522506 11.478747 5.190640582732924 4.67743515246742 3.9461929136137903
23600.0 3.918337 8.053785 4.364135428971729 3.9774388634700766 3.8191672416568374
23700.0 4.787229 12.962397 5.523360540454339 4.886764340497172 4.2010298047234205
23800.0 4.940215 13.703532 5.3435814876009315 4.834571435804098 3.838389394492443
23900.0 4.238698 9.452826 5.148404680567951 4.431090685679507 4.026389825792173
24000.0 4.206574 13.305061 5.15327814648846 4.399470670769602 4.1560524219832695
24100.0 5.062382 15.254866 5.216636666369699 4.878109128283478 3.9976815771470537
24200.0 6.161592 19.318858 6.3511196892850155 5.823196265767753 4.190620929896541
24300.0 4.408394 13.464120 5.289231813669439 4.637577551440704 3.781017218344088
24400.0 4.048473 9.739379 4.602958564250795 4.152192472624115 4.059243698031788
24500.0 4.942052 14.244850 5.098502199283715 4.781288993288216 3.769408493787952
24600.0 5.226310 14.254222 5.8151828560999865 5.184257861561996 3.4205418433142865
24700.0 5.205544 13.728347 5.392266484320057 5.017929523217158 3.7973862275554793
24800.0 4.118471 10.230594 5.174325935049903 4.421972071341279 3.559235785246434
24900.0 4.339870 9.745328 5.23697713568324 4.605529891514034 3.6550995497112813
25000.0 5.590276 17.154195 5.751146165246584 5.4119038351372355 4.227017066894189
25100.0 4.303187 12.738862 4.664357122236137 4.273803577562775 3.9024716665265853
25200.0 6.202295 16.651477 6.724280997124792 6.086637255087478 4.489961427975832
25300.0 5.319059 16.890155 5.656763514662589 5.1714308591758655 3.827711859872895
25400.0 4.901939 13.661183 5.6193750705398475 5.065628345526951 4.041919771074914
25500.0 5.280516 14.280048 5.351508154637433 5.139481632221549 4.147800132689261
25600.0 5.049536 13.286064 5.537976781475235 5.08790758040393 3.6169079080113495
25700.0 4.401429 11.390223 5.09803650642323 4.5666712583043685 3.455202942587771
25800.0 5.350568 17.021278 5.786714523576384 5.153331543550392 3.723461180959549
25900.0 5.486663 14.368732 5.946981912482914 5.384164277682957 3.982440262998432
26000.0 5.778406 17.665946 5.781326946898521 5.513182934781353 4.246382475509938
26100.0 5.516641 14.252369 5.49188982788643 5.150121352428886 3.7661273636545376
26200.0 5.452476 15.269741 5.912333698445339 5.333004426576219 3.851006357250514
26300.0 4.491282 12.374592 5.230567193989043 4.608742030184794 4.729581705848215
26400.0 4.641057 14.149706 5.409811230837669 4.757489782078831 4.177269189843274
26500.0 5.035081 15.513285 5.992161929547789 5.134506391205527 3.84904539592503
26600.0 5.220657 14.249320 5.668844809765484 5.0624344788020625 3.903429708236168
26700.0 4.413466 12.724070 4.700941767628272 4.3242737840687 4.135493170102558
26800.0 4.654470 12.143780 5.843404814345598 4.844485760260455 3.696584459200134
26900.0 5.149062 13.176616 5.638253056435689 5.207281690789456 3.8551434335555683
27000.0 4.177400 15.126003 4.884454337292372 4.213329652567864 3.5285285929139554
27100.0 4.720302 12.203802 4.907841920252497 4.580853577127188 4.415643909513299
27200.0 3.369263 6.609812 4.182022199315194 3.7005561171323658 3.8904697475019505
27300.0 4.406349 12.459433 5.2369215787140995 4.580306468211559 3.9745268164773693
27400.0 5.564145 17.447917 5.466975960108079 5.111792184871144 3.81007071841355
27500.0 4.555434 13.165240 5.44311047691109 4.771178982913615 3.616237981298505
27600.0 3.319439 9.349388 4.299315930841194 3.589285500753336 4.150642161222028
27700.0 4.650736 12.284907 5.212992101546932 4.676067570192058 3.8071677509900064
27800.0 5.512451 16.648884 5.968482834323297 5.42011234754777 3.8090303437055564
27900.0 5.269585 12.995607 5.3526660009323255 5.180928051431452 3.747029450417382
28000.0 5.536129 16.010812 6.01836217410812 5.39069489857849 3.538065286154362
28100.0 5.528143 15.632412 5.618568807238249 5.281947558974369 3.8625252415446187
28200.0 4.914074 14.187208 5.095281332893821 4.717376227019137 3.8000259683559543
28300.0 6.149149 18.673156 6.435659038841487 5.870061409881766 4.225064498775891
28400.0 4.749782 13.645090 5.109610743580444 4.640864761644224 4.50690904860419
28500.0 4.562156 11.492659 5.458554535245699 4.757172365037146 4.332192541156948
28600.0 5.527828 16.809798 5.450611788219776 5.1967696055037305 4.020063187959749
28700.0 4.669561 12.469873 5.685783514447236 4.835943187726215 4.003501535828864
28800.0 4.927374 13.283569 5.381072937557296 4.872787944894355 3.886366431227722
28900.0 5.504970 16.324192 6.061574538999357 5.493759160870348 3.8329279499118343
29000.0 4.386591 12.292983 5.235669432979183 4.62375355117442 4.059790218140934
29100.0 4.015999 8.143498 4.87279997120878 4.261971421252881 3.6845298385154526
29200.0 3.935675 8.713217 4.694715058695943 4.26157682249112 3.3580312872300264
29300.0 4.223388 12.500594 4.893321766060731 4.389297071180963 3.944282417636006
29400.0 5.109075 13.590207 5.532524012972242 5.0222790333362415 4.006833481308463
29500.0 3.301755 5.170038 4.233635332662131 3.6022608356994894 3.8857891867652867
29600.0 5.030395 15.567793 5.84684742293188 5.079864972329269 3.888720525520116
29700.0 5.932103 18.126077 6.374211185489584 5.76550482031658 3.802636341650587
29800.0 5.076535 12.241946 6.566715228706771 5.55690312930801 3.3448868966335135
29900.0 4.288285 12.111611 4.4902439579670865 4.142586329655915 4.269225341297225
30000.0 4.691299 13.094526 5.384713986323412 4.762389606889177 4.281803638800126
30100.0 4.273620 12.551408 4.827459237786696 4.300130588945165 3.8636380457138895
30200.0 4.722760 14.433945 5.225005942958615 4.708139750392293 4.08171787831159
30300.0 5.266012 13.988503 5.89637845520773 5.220682562475521 3.74584963458703
30400.0 4.427102 10.222635 5.159847384817096 4.595266861055228 4.434667661141128
30500.0 5.136788 16.265762 5.625090828436129 5.021431549683307 3.969897605144395
30600.0 4.814739 15.424757 4.94094177893344 4.580590716849536 3.848483289961451
30700.0 4.649713 12.358824 5.044459427185589 4.514136205992166 3.8066897551859733
30800.0 4.199998 8.781227 5.2113687095022865 4.509635367210726 3.615125930848819
30900.0 4.702522 12.859723 5.398836204556686 4.890663256457804 3.615745542437628
31000.0 4.114402 11.593406 4.864662886787581 4.247317346296272 4.121059150516625
31100.0 4.937891 13.672476 5.60231436648023 4.9880193537706745 3.860299776600876
31200.0 5.665526 18.836597 5.961477048246676 5.455026559962807 3.8957537079774336
31300.0 5.248820 16.155836 5.840680123548846 5.1481499078060455 3.7008418199632733
31400.0 4.240194 12.104863 5.1132291571565185 4.472050052608595 3.5132731361121836
31500.0 4.274287 11.842296 5.079199523634337 4.428442649473827 3.6160541891448164
31600.0 4.155024 10.206099 4.931854323410641 4.19593276857475 3.4832847064991834
31700.0 5.547854 17.776290 6.541340677717756 5.689508471515482 3.5794155894423834
31800.0 4.495956 13.675070 5.211961123395098 4.65525646504995 3.856132440469308
31900.0 3.739050 6.827831 4.81210954228054 4.183485218699293 3.8385781711912563
32000.0 5.431389 16.568302 5.837922078760727 5.366137301567895 3.979093978969963
32100.0 5.277484 13.908406 5.615206865092955 5.182516244558406 4.403105577426076
32200.0 5.239092 16.279585 5.6202946382705905 5.086238243585511 4.092532383749975
32300.0 5.250454 14.272842 5.8160235981340636 5.283568272435031 3.9275517534237405
32400.0 5.520522 17.904827 6.064209078291575 5.485247304231607 3.7406801521250523
32500.0 4.726492 14.724937 5.670766143418815 4.88202334100901 3.895886313464876
32600.0 5.442779 17.361532 5.580935636563781 5.245313792082031 4.320678678921463
32700.0 3.959055 10.282528 4.725465017726279 4.148564842958855 3.908677455454118
32800.0 3.632619 6.514775 4.633184983162522 3.9199152689513967 4.288934295693819
32900.0 3.445421 4.604190 4.268974083677352 3.681968736776768 3.2270925183358403
33000.0 5.395157 15.562725 5.472745645446996 5.141528528723889 4.053083842295503
33100.0 4.552474 12.949907 5.313544180968427 4.67406860616551 4.312051597042791
33200.0 4.518725 13.561152 4.819110870344873 4.549141374394725 3.9826466718555222
33300.0 4.608498 12.638992 5.525383384038174 4.693341157768909 3.754938988865028
33400.0 4.506217 14.274959 5.242959042259672 4.571068190687445 4.250043364641128
33500.0 5.764744 16.322140 5.884724081407944 5.431608412765694 4.139997785224739
33600.0 5.961878 17.739392 5.83039985526792 5.6019344160806535 3.387876794773197
33700.0 4.312214 15.027624 5.355542844471017 4.478856497766417 4.310260425995772
33800.0 5.042761 12.665912 5.8497554370962535 5.159456757329342 4.157472004101949
33900.0 4.614633 14.501823 5.326289713937958 4.575126667397684 4.446931761302802
34000.0 4.136099 6.793311 4.722046058715475 4.331027740124298 4.406778723930804
34100.0 4.296019 11.124172 5.342956051839429 4.637651335149745 3.6820619579608853
34200.0 4.251855 8.988214 5.12114760627653 4.464585277065056 4.1847943722123775
34300.0 3.830343 10.381083 4.8123204416421945 4.111604512293935 3.756789558508292
34400.0 4.236955 10.990893 5.037005996775942 4.336891794785483 4.276359988789943
34500.0 4.708457 12.630337 5.901242753989138 5.030336109105767 3.7611648604785928
34600.0 5.109060 16.708504 5.810061406845369 5.088147188201433 3.788375222148232
34700.0 4.940485 11.458496 5.137730016640193 4.796841424208206 3.81027341135659
34800.0 5.145718 16.175792 5.505164119371149 4.957911926930677 4.04157323043206
34900.0 4.544170 15.621411 5.642745035804425 4.7249635041756886 4.0433705871858
35000.0 4.856495 13.654605 5.309054626584241 4.818390345226496 4.203831578154711
35100.0 5.465662 15.293508 5.9031362403433825 5.384122173832568 3.6308759964936406
35200.0 4.556094 11.741919 5.358015635052822 4.6884637324467775 3.467600099566665
35300.0 4.825500 11.130062 5.636881496783427 5.130960822982143 4.085224021068701
35400.0 3.960214 6.551895 5.139704829964569 4.35804454654155 3.4619220283318146
35500.0 3.869547 8.563512 4.674687801175851 4.071522326796548 4.052541893810322
35600.0 3.682457 10.687841 4.321934459382509 3.816623664741717 3.65615059600489
35700.0 4.941240 10.956414 5.026556065170697 4.830575468730418 3.921535713423716
35800.0 4.228831 11.383871 4.901955316032958 4.312519142544207 4.175310325136122
35900.0 4.647425 16.953531 5.029541320020955 4.52595240317626 3.5228543874725364
36000.0 5.035294 16.209966 5.90676441786595 5.1183114638620415 4.087051892804643
36100.0 5.042504 16.307601 5.370619890492275 4.899902223891413 3.595929450560744
36200.0 4.105426 9.472231 4.9526160836850295 4.314144571296063 4.3622275932181624
36300.0 3.593228 8.835439 4.52979604611992 3.9005141812090374 4.077743545828354
36400.0 4.899747 15.142342 5.3639318916117595 4.841777693285835 3.6304693446579352
36500.0 5.039993 14.613842 5.5629586691883235 5.015766593786172 3.9028057465514556
36600.0 4.801783 14.001184 4.661884212203394 4.505706487150371 3.681328585856301
36700.0 5.040138 14.903536 5.565420167991156 5.041568363740599 3.723935835067836
36800.0 4.283393 12.954181 4.769814483385466 4.237462771567566 4.148209587923186
36900.0 4.070028 12.875466 5.234477119477868 4.3729130542155845 4.155412714457406
37000.0 5.341760 15.327588 5.661501702700266 5.200344465889587 3.6367206284728595
37100.0 3.972528 8.819005 4.190599550937009 3.9103539451400073 3.7544381602330703
37200.0 4.377316 10.107236 4.750176756453252 4.369875380874121 4.15949567685825
37300.0 5.159586 12.923002 5.22200460952685 4.976927649626733 3.9520850151382807
37400.0 4.756206 16.283605 5.425105336064619 4.878226441665625 3.9529002280239043
37500.0 5.096577 15.104993 5.922538338236079 5.296619789801507 4.131014904628206
37600.0 5.536274 17.381732 5.767690466036216 5.396235405523811 4.170272457639284
37700.0 5.104959 15.331050 5.4277229028164315 4.919690256231924 3.996173622889176
37800.0 5.349608 16.985712 5.8613638137281745 5.16476796454513 3.676020663219795
37900.0 5.226366 15.288220 5.706205686266234 5.1828096635504295 3.593801417956371
38000.0 4.625635 10.973848 5.556460703220936 4.845620317564461 3.7155463962938993
38100.0 4.312232 6.705308 4.862714791011217 4.465596683015511 3.6223596464818457
38200.0 3.946638 9.440618 4.5753415533890385 4.103405882995233 3.7853314069196693
38300.0 5.386905 14.547570 5.552447862706417 5.232619169938521 4.3188738041801935
38400.0 4.917207 13.119794 5.089996136390466 4.672707611012098 4.298718854911493
38500.0 4.612693 12.465565 5.467677630394471 4.727439926352198 3.442272604299016
38600.0 3.878465 11.472094 4.145528576310651 3.9222342779774033 3.8033289500472383
38700.0 4.484411 13.160105 4.836956865817033 4.3902903519445715 4.3829096518516595
38800.0 5.030532 13.168334 6.090682280180643 5.231844659770407 4.237626955755389
38900.0 5.395629 14.635173 5.732122209204242 5.258382678361049 3.6192532420637966
39000.0 5.223868 14.133172 5.6985037144898305 5.247831826370211 3.6248591839075845
39100.0 4.880914 16.029162 5.580753044152112 4.9091570142493275 3.293607364364321
39200.0 4.494229 12.214057 5.378167425741905 4.7041412659461646 3.7652863293447654
39300.0 3.703311 8.105007 4.480636167085757 4.009494418671867 3.6970188943517144
39400.0 4.721571 14.102650 5.597820956837007 4.827013057427482 3.730174678499029
39500.0 4.554340 10.792350 5.012426043862371 4.4995583731719835 3.6395018414052855
39600.0 5.138210 15.907477 4.946428625585809 4.86767307285845 4.439632157568247
39700.0 4.489966 13.265555 5.129528260957288 4.616164645197983 3.8261083161433302
39800.0 4.268891 5.922533 5.446092640185602 4.693145502640984 3.869292358383729
39900.0 5.007365 14.526119 5.212416532584216 4.943907216442179 4.078263108348966
40000.0 5.385023 16.213681 5.7963346855927105 5.274724408135738 3.778134439558849
40100.0 3.368322 9.709795 4.319762532096161 3.6477867956244943 4.017029947015743
40200.0 5.410440 13.116129 5.9818809272923525 5.372080516592768 4.1269131108293715
40300.0 4.274924 13.104161 5.137571273510278 4.492081023922265 4.214978399729964
40400.0 4.067459 11.269232 4.843149494002927 4.277145859268432 3.8854087879457233
40500.0 5.575183 17.261635 5.618325886151611 5.380977252699823 3.7053700311593194
40600.0 4.768574 14.687329 5.4548686766583785 4.8794594038698405 4.0153997998909094
40700.0 5.308166 14.971672 5.308569643909986 4.993025973046654 3.5995809481200722
40800.0 4.760467 14.441466 5.402796890590527 4.816958553980458 4.235833384965964
40900.0 5.261859 16.624959 5.687461751363266 5.161322249130219 3.9753772593961876
41000.0 4.543863 14.301829 5.156265374904893 4.531924935528152 3.6498580852068776
41100.0 3.534230 7.166692 4.276973709351955 3.796909901641058 3.489439274810772
41200.0 4.573294 11.571565 5.411574635538361 4.748925329224202 3.9245848380678985
41300.0 5.117145 17.475038 5.737690730022176 5.037191691451395 4.352993242733608
41400.0 5.541216 16.974247 5.949504934889959 5.455401848052065 3.5492218445986565
41500.0 6.688797 19.794500 7.1404555767331885 6.5002563333944945 3.789648472906175
41600.0 4.911540 14.756128 5.444433394903569 4.862899530421895 3.652694960587719
41700.0 5.299503 15.576859 5.317361987449324 5.098385861068938 3.907664605224197
41800.0 4.250327 12.305328 4.884381134223183 4.287205008374812 3.924871941986535
41900.0 4.710394 12.119239 5.29354760687706 4.684626761279326 3.8892119626851303
42000.0 4.548419 14.296674 5.285447307942374 4.669232381135674 3.818598077469043
42100.0 4.455714 8.802764 4.667362850284478 4.46373351998847 3.395404546059118
42200.0 4.096284 11.212051 4.650758276403119 4.283844500915326 4.110205731105145
42300.0 4.922653 13.504552 5.841604421616171 5.114200301251958 3.8940841995812927
42400.0 4.723366 13.162647 5.486103606869008 4.867092067490601 4.029763958198021
42500.0 4.748721 12.056614 5.086739144383432 4.518323247035359 4.130843147264075
42600.0 4.077638 8.136618 4.848626092692139 4.276128528501376 3.975761749068816
42700.0 4.578679 13.066401 5.013840053105855 4.5006061633754015 3.7576644821884546
42800.0 4.716127 12.632803 5.62987942298148 4.880003654533191 4.176376841702239
42900.0 4.639042 11.520665 4.854005666579338 4.550041239354141 4.206843400623732
43000.0 4.757257 13.927279 5.254756265448637 4.648302504416474 3.6182599182858364
43100.0 4.869288 12.376052 5.179440783378372 4.740633427831497 4.3539456983142495
43200.0 5.532076 17.778893 6.350793848704437 5.601133130783168 3.401928590110812
43300.0 4.412843 10.808321 5.095790751151026 4.466157842431345 4.5398747113994595
43400.0 4.146404 14.167718 4.851753358903511 4.277048693490229 3.970455423458839
43500.0 5.364278 17.707697 5.510604337707983 5.142002412055363 4.194148486320781
43600.0 4.170876 12.703398 4.692517584214031 4.184955400069497 4.64234948072812
43700.0 5.087957 15.060917 5.341206028460479 4.931419252771524 3.6048873614358476
43800.0 4.731455 13.012564 5.397896703087277 4.801685687738553 4.0616522026623345
43900.0 5.321931 13.341424 5.724566006020482 5.242595639385136 4.143089902558172
44000.0 5.215928 15.738601 5.568063197221063 5.060839900607346 3.6493301109750766
44100.0 5.138670 16.907255 5.511160894863934 4.977019718687902 3.3541586777336687
44200.0 4.525229 14.897678 4.9569920290877345 4.4321396985049875 3.854259842901592
44300.0 4.998260 15.392495 5.307592133445361 4.912325765838341 3.7514943339166984
44400.0 4.755145 10.511743 5.628179492103909 4.990441692890304 3.921155148233572
44500.0 4.937888 15.814090 5.4497599842768345 4.8637076982540135 3.9853097089332574
44600.0 5.027607 12.172446 5.440944166447564 5.037628132840422 3.7437568773077574
44700.0 4.216813 9.766896 4.738662813161931 4.209867477206158 4.062960575625356
44800.0 4.753507 15.451387 5.500911095364522 4.787496739103191 4.0210629197496885
44900.0 4.668190 11.137589 4.885217896412756 4.699892070952216 3.8325585110015084
45000.0 4.788765 15.660593 5.282453116747011 4.761210124274675 4.305167974462029
45100.0 5.346698 16.093330 5.668514899297417 5.148544261540425 3.739422773284763
45200.0 4.563426 12.143839 5.537113185847555 4.872293191931191 3.5935129764176468
45300.0 3.941267 9.172364 4.839914019842324 4.103757678484661 4.021784057901396
45400.0 4.829934 14.021729 5.480972144832238 4.81955571543278 4.489414513266269
45500.0 4.735731 13.325274 5.2866799569505165 4.785680353283702 4.021803027671322
45600.0 5.206882 15.618269 5.816767106407435 5.177351409570777 3.6029124783967608
45700.0 5.611610 17.227537 5.8358264169347995 5.363439461143778 3.775248980338083
45800.0 4.201647 12.422201 4.779253507137317 4.320419941181559 3.544902449247173
45900.0 4.531180 11.378965 5.202560632580118 4.647715051344415 4.0406140278087435
46000.0 5.418771 17.092989 5.654606262270898 5.173333671478907 3.7189187409801625
46100.0 4.324133 12.447157 4.946093391714388 4.3896410261242025 3.738956675472244
46200.0 5.092434 17.040482 5.184018522041721 4.801406998319188 3.4326610696891873
46300.0 5.092512 16.499262 5.624226548940962 4.990432074396375 4.0500441702202
46400.0 5.441059 17.328302 5.845759256993501 5.3044038464586825 4.117229233490982
46500.0 4.018489 8.157933 4.793622688685463 4.290833849258313 3.8581018771048567
46600.0 4.783598 12.385387 5.410227824534055 4.766912187742237 3.985963625116878
46700.0 4.412013 12.886004 4.805406864760131 4.386397262171944 3.5535808911387736
46800.0 6.002423 17.935996 6.301750325718729 5.815591987496632 3.767590109959202
46900.0 4.838434 14.243979 5.354596144815438 4.906187938159692 4.044376982842254
47000.0 5.223360 14.721996 5.931686632115996 5.288643677361732 4.191510643890123
47100.0 4.963458 15.694553 5.131137539943102 4.837266322741492 3.8949875119966673
47200.0 5.182322 15.209233 6.18785581279553 5.288984693677045 3.343735764172886
47300.0 4.206790 11.668185 4.41734064781607 4.194488398102166 3.701259842992093
47400.0 4.996992 15.039472 5.814030745024959 5.039672136403156 3.677909416991461
47500.0 5.050966 14.710942 5.488745030902427 4.983799996179831 3.9547060806869543
47600.0 4.678226 12.286130 5.261198821338602 4.739956711867634 3.875569516196636
47700.0 4.976143 14.835005 5.666142724420642 4.988740211747614 4.074900384550639
47800.0 4.493363 12.207010 5.542492822180676 4.717012266883368 3.8331069471068147
47900.0 4.794146 12.843084 5.223909588838737 4.725726771082508 4.206676894388544
48000.0 3.689337 3.980173 4.718932143941132 4.085770700893708 4.357200838378697
48100.0 4.408760 9.319361 4.8239292069858415 4.44680235616388 3.3222206045692007
48200.0 4.826964 15.042802 5.046935091214474 4.647735825226177 3.8139335706224355
48300.0 4.027921 9.367436 4.873736236480386 4.24105723021568 3.8245261601283853
48400.0 5.205271 15.596697 5.404818216723142 4.982545759882802 3.869670977096404
48500.0 5.335531 14.424276 5.472961990750065 5.163178584296341 3.731364722066827
48600.0 4.282201 12.934654 4.578818674247432 4.290502967524236 3.397880729117866
48700.0 5.041171 13.869902 5.598089097888019 4.971721556845831 3.8604226743738654
48800.0 4.695538 15.664571 5.232005223084358 4.649328211970187 3.936255915205341
48900.0 4.238250 9.201744 5.327217493846303 4.6302230801831055 3.74779775047462
49000.0 4.405539 12.924048 5.35430256094739 4.686597830415114 3.536017391139697
49100.0 5.811401 17.357483 6.744864301724724 5.912973847240876 3.6361152086136213
49200.0 5.232259 12.339672 5.377785361727983 5.167632620129805 3.628033539415052
49300.0 5.116095 14.260482 5.354842213757394 4.942380420702237 3.947118749325042
49400.0 5.234323 15.536493 5.767397272011872 5.099914730275642 4.01667451579593
49500.0 4.754827 10.484377 5.771024310410362 4.970558676700497 3.5600508225589
49600.0 4.725333 15.134051 5.2384174101186955 4.730704140511006 4.207741779146428
49700.0 3.853615 11.215626 4.8622749466279656 4.12290325449403 3.890653797777416
49800.0 5.906567 17.346827 5.949893790260579 5.552568014438045 3.834000760773356
49900.0 5.626906 16.823264 5.777714862968602 5.388917072320481 3.378156438884854
50000.0 5.137128 17.015267 5.365067450924191 4.854574609876797 3.944577933714743
50100.0 5.012333 13.389294 6.015415052517471 5.201142061009145 3.8371620456574305
50200.0 5.065032 14.009770 5.965056118389645 5.261023692378363 3.697304527282245
50300.0 5.529966 17.687769 5.7767413914333945 5.295629245923721 3.9560872649432417
50400.0 4.514657 12.783046 5.163807042164017 4.572822959912789 4.463958237638999
50500.0 5.871988 17.652553 5.997946462117458 5.586213150424859 4.032286061028832
50600.0 4.173798 9.941145 5.105225252703454 4.330344347410676 3.583758976713357
50700.0 4.448498 12.770257 5.16963350751569 4.556439333663593 3.8456008550268264
50800.0 4.040485 13.481949 4.673420739997451 4.149060008647487 4.209259290909525
50900.0 5.059588 15.627922 5.56387417312223 4.976835208064758 4.138950750060024
51000.0 4.342102 12.125643 5.06560875962053 4.421218363620192 3.8371684600327414
51100.0 5.036225 14.484968 5.673147635744165 5.148254474045364 3.7589044462795633
51200.0 3.971052 7.035309 4.414766163264537 4.005595897463571 3.82783351404987
51300.0 5.211973 14.048223 5.65528916868806 5.123925636619711 3.9418197865011133
51400.0 3.756552 10.331225 4.677110997901001 4.048789698670481 4.043329970209355
51500.0 4.719322 15.204834 5.38553853325703 4.84294583486055 3.7970050587744533
51600.0 5.026981 16.417279 5.453211545051625 4.839675197782102 3.611075682358437
51700.0 4.443080 10.242012 4.731990915542712 4.363811781034088 3.756662801539944
51800.0 5.117768 16.252674 5.525138241316646 5.122991876692268 3.60282593909957
51900.0 4.841566 13.179682 5.588665878023797 4.965493202157539 3.974211863628954
52000.0 3.788489 5.451762 5.0160772801130955 4.190445464517528 3.7462730407655775
52100.0 4.071341 8.232212 4.93437097211927 4.345294920185295 4.7850063379798495
52200.0 5.750870 15.398493 5.995065488083672 5.528252688228409 3.552077918151812
52300.0 5.317479 16.204936 5.735946126601695 5.285087080999033 3.537154149175108
52400.0 4.782201 11.232542 5.575108120373275 4.855542648886211 4.478207122114812
52500.0 4.664374 11.170652 5.411531366782306 4.759569078289532 3.4684272331929358
52600.0 4.319122 10.868479 4.996531345808086 4.481744799568592 4.209815359955034
52700.0 4.160345 8.947484 5.112730421330483 4.4441673588191275 3.875649907183431
52800.0 4.759456 13.764867 4.7789259783733655 4.669690814529495 3.9532677244088235
52900.0 5.340889 16.177299 6.2090678345795745 5.509470417842018 3.8113352230980095
53000.0 5.009512 14.687202 5.395816188262639 4.90320579364676 4.075868905591781
53100.0 5.845292 17.665042 6.088074503538506 5.606970268653646 3.6001434607335083
53200.0 4.883554 14.477561 5.010384332518296 4.719025525365994 3.8175092200831457
53300.0 4.225321 11.288221 5.18326611227504 4.489722740629961 4.0489915230254985
53400.0 5.182738 15.047559 5.6624966250595365 5.108959636647094 4.050985404156312
53500.0 4.527468 11.514650 5.201496387281659 4.671678897974224 3.9597311624272016
53600.0 5.156354 14.432897 5.863762397945888 5.1682358458848245 3.576612335809046
53700.0 4.088433 8.772908 4.915305280368579 4.283786867952569 3.6423532295219103
53800.0 3.292231 10.061334 4.393945089930105 3.6233677419585772 4.0401391112502045
53900.0 4.439043 8.919412 5.262188925038822 4.671577295832331 3.3809367583368184
54000.0 4.022384 9.355986 4.856882022793647 4.289504789963179 3.562095285240448
54100.0 4.216561 8.978366 5.305549198093178 4.613568675342975 3.7018786204173577
54200.0 4.682503 13.913633 5.208877991229614 4.6644081640639286 3.9634414573288823
54300.0 4.830494 12.785175 5.3463499514791994 4.8871416210076895 3.8919147255969024
54400.0 4.498405 10.524653 5.634865108559391 4.849500960435751 3.9097166456059385
54500.0 4.536460 11.345643 5.00514722932656 4.6361668093067525 3.5818014162187732
54600.0 4.685865 14.169536 5.037744501312406 4.599784505460298 3.904217245489991
54700.0 5.221604 15.917323 6.006459269663189 5.324932976862933 3.838370097962802
54800.0 4.299324 12.116825 5.109167380289675 4.441877174457541 3.9657992850116552
54900.0 4.382609 11.234868 5.026940181602669 4.579112053072677 3.9712818602544346
55000.0 5.271765 15.172524 5.828792261188064 5.32091719589447 3.928517113589014
55100.0 5.001878 15.264689 5.326323114528855 4.921330687564148 4.122749255464742
55200.0 3.772892 11.883827 4.9324012921237355 4.108393528435881 3.3275612800635326
55300.0 4.118224 9.839840 5.027648937119181 4.320291414505309 3.6967925852585752
55400.0 4.479619 13.675714 5.269939896790604 4.621250500777632 3.827626513118252
55500.0 5.470273 15.935673 5.676324913851532 5.293196013431042 3.6153432437535598
55600.0 5.378434 16.302392 5.687071416186354 5.31955000008825 3.846150729397329
55700.0 5.342049 11.582680 5.975637067908567 5.4292741481253435 3.733793808813621
55800.0 5.466434 16.226744 5.740856878438055 5.189134178121005 4.33102009219997
55900.0 5.491220 16.395241 6.040278707261535 5.49058500880145 3.9625767348751735
56000.0 5.233600 14.696807 5.394148635636327 4.979421273464976 3.5533160271709248
56100.0 4.049349 9.026762 4.890096211136944 4.257653039561699 3.878726671803766
56200.0 4.894559 14.674999 5.484740930314227 4.9326558359171555 3.725681243293379
56300.0 3.856671 10.049917 4.423243319539101 3.9597704618533434 3.6822371345858422
56400.0 4.883324 15.398020 5.402625519698395 4.806394657311385 4.357798478673561
56500.0 4.564927 13.050194 4.912120967674399 4.472189543566005 3.8018906233462286
56600.0 5.214699 16.893629 5.456196007167423 5.0189476039867245 4.141847218245003
56700.0 5.606057 16.263596 6.059597810179372 5.46894893353633 3.9707169973018197
56800.0 4.984195 14.012360 5.537493509109485 4.980260154431113 3.8390086543029067
56900.0 5.017176 15.422913 5.1099500486498926 4.851585441692905 4.383454196249437
57000.0 5.211478 16.286783 5.646582334349281 5.231231847907516 4.148599892995522
57100.0 5.406379 16.278780 6.188136820463262 5.5374643024601005 3.9682449813898457
57200.0 4.072566 11.790973 4.688289086766773 4.126703123158083 3.8049160893914404
57300.0 4.426422 13.838365 4.997950555207537 4.387354669518956 4.4558630924823115
57400.0 5.029270 16.852214 5.223416949721377 4.851681425000677 3.439050355252324
57500.0 5.240700 14.986260 5.938024380919403 5.299223471374684 4.164895428672292
57600.0 4.781234 14.730474 5.577466603606939 4.850567580086737 3.833958398247026
57700.0 5.818720 17.763110 6.079537342571058 5.585073320080849 4.291832227703422
57800.0 4.929118 14.745579 5.909689497819625 5.1454747687654185 3.980153746170633
57900.0 5.092359 13.335369 5.560312981108709 5.142473628358031 3.754450577601941
58000.0 4.676565 12.722463 5.500452517696624 4.901468821970499 4.255423125366623
58100.0 3.895923 9.628561 4.476324267089789 4.000639623934394 3.8821954576995776
58200.0 3.919103 9.477405 4.974366745057547 4.376387327177174 3.308160750422667
58300.0 4.283923 12.777173 4.884892618540433 4.299385922843706 4.0359293395404325
58400.0 4.330710 12.566254 5.25032217577291 4.525878214527623 3.5511968464961763
58500.0 4.756772 13.329654 5.563130716320283 4.842653509632939 4.122910700183872
58600.0 3.824230 11.260474 4.824245494973875 4.1677326638952445 3.8203884300560853
58700.0 4.735961 12.165806 5.513012308187611 4.870668650743533 4.136829033981993
58800.0 5.387025 14.741370 5.749092405614832 5.356207549937416 3.859914386903502
58900.0 4.269751 10.397025 5.117216642846369 4.4630360552033315 3.6750832901393418
59000.0 4.320149 13.107860 4.897867705613624 4.295834210119424 3.824050083328797
59100.0 4.579609 9.930153 5.697146187147435 4.94822812160539 3.499580018082099
59200.0 4.082989 9.560952 5.0787424952626825 4.327443018002956 3.577381740691216
59300.0 4.656094 11.036180 5.298052473912465 4.7213312405916215 3.9269530674930615
59400.0 5.006253 15.570571 5.284974328946413 4.985666217553713 3.8643793338800223
59500.0 4.946385 11.903093 5.647514493748411 4.99684153564454 4.294864214079965
59600.0 3.598849 7.082168 4.661263653049053 3.9949123642741826 3.8257661092765316
59700.0 4.550018 11.748427 5.055678063759596 4.637591494285755 3.7250721089645036
59800.0 4.345144 11.971754 5.001267166699453 4.483163302675373 4.263949168382204
59900.0 4.549897 14.832662 5.135620646061438 4.624752170061903 4.013231591996514
60000.0 3.526265 9.994903 4.238402686899025 3.670713657242244 4.018173309460048
60100.0 4.540539 11.780344 5.084874327999684 4.506357170880508 3.7864416857235574
60200.0 5.585254 17.520310 6.086332207608988 5.415683203350672 3.6733365199535637
60300.0 5.156066 14.028941 5.493545120179085 5.074214792401466 3.777456553703095
60400.0 5.762447 17.549105 6.3465725639588575 5.685093504133006 3.5408050358835954
60500.0 4.512277 14.489894 5.101777267987263 4.540701486086063 3.75528413399933
60600.0 4.131308 13.191914 4.694269341433959 4.171435554269077 3.7997055394553794
60700.0 3.878145 9.623420 4.805974076806559 4.20072851837606 3.5423413789362765
60800.0 4.312793 9.598156 5.364848491942551 4.6945804517966225 3.8014359164030282
60900.0 3.943601 12.122407 5.236535212787015 4.273613554532586 3.709865854335337
61000.0 3.874320 7.441234 4.5130135852480056 4.103612318212325 3.7837138855917782
61100.0 4.587423 10.598825 5.138832985229411 4.722587647183854 4.095368243773698
61200.0 4.504974 11.040282 5.1322608430956915 4.583699816630732 3.9182468674574062
61300.0 5.166927 14.041557 5.633282031836 5.1293949717693526 3.8518531544131855
61400.0 4.708953 12.796748 5.49713817191025 4.830527287613653 4.131002068989768
61500.0 4.606550 14.900856 5.166423146243424 4.541706719332178 4.617049733668949
61600.0 3.627431 11.401033 4.636679679277871 3.884072891276829 4.015687918220753
61700.0 4.829049 15.615892 5.2998270147531015 4.783370604928819 3.59361633207909
61800.0 4.713226 15.366879 5.347570580662752 4.637808324160307 3.9752331490742923
61900.0 5.580767 16.846918 5.817509995717609 5.339863591243622 4.234338984707066
62000.0 4.705554 10.251001 5.112927242053853 4.759996842629575 4.073756833426548
62100.0 4.269895 12.141256 5.353635058357051 4.579551299706955 3.9265130419185352
62200.0 4.009305 11.294793 4.921266783852321 4.211797154958073 4.018116257052497
62300.0 4.750120 12.764310 5.442651254046042 4.861486720029688 3.3488550700540185
62400.0 4.498060 15.350222 5.466478719932086 4.665754583324374 4.334964418353891
62500.0 3.872219 10.363715 4.881835963130875 4.155861099052263 3.907126609426656
62600.0 4.722528 9.876749 5.153214152054202 4.758571264094343 3.7126280691670894
62700.0 4.374645 12.544033 4.572745810081464 4.372450077696214 3.8030355813761045
62800.0 5.129160 15.343736 5.226095646619287 4.804708458666173 3.253878820485333
62900.0 3.942298 7.899313 4.362323044027697 4.036307966022013 3.6198719031926863
63000.0 4.804971 12.379651 5.39770866104667 4.944452037082031 4.0203280382062445
63100.0 4.192323 12.074400 4.88778135834676 4.347971133832002 3.342323549660658
63200.0 5.716723 18.824540 5.939124682424797 5.444395398943969 3.9792031116986704
63300.0 4.492287 11.103010 4.80937243030115 4.361265772487445 3.9638681053300933
63400.0 4.882809 11.172715 5.531128980451516 5.02560869105567 4.100378222901974
63500.0 5.018790 12.411008 5.392537595038715 4.962259080297434 3.891713656986971
63600.0 4.505148 10.969518 4.688782574321701 4.358866568565935 4.275950361368443
63700.0 4.781192 12.838077 5.0026986213845905 4.635203592979744 3.7569723517278164
63800.0 3.995244 9.215503 4.550492653614759 4.034831347696329 3.595102376871951
63900.0 5.572416 16.383894 5.624047725658114 5.310087908497242 4.0750033090285465
64000.0 4.538137 13.863542 5.310082390055957 4.635799240108926 4.394316749338133
64100.0 5.474200 15.712563 6.210940285372422 5.44246414098408 3.884590632623787
64200.0 4.858574 14.565694 5.067110529619558 4.644669782291857 3.7387971097217387
64300.0 4.864815 15.621998 5.471644510870376 4.792560250047135 4.763650102328757
64400.0 4.687591 13.965966 5.383838683371148 4.721500761606862 3.824163557924664
64500.0 4.535043 13.503756 4.752833133724177 4.429149572173561 3.748085555657529
64600.0 4.133323 11.122968 5.0589051887902565 4.419597143726653 4.041169792300552
64700.0 4.944202 14.714329 5.413638348653698 5.001484549991791 3.651625434919968
64800.0 3.934934 10.270451 4.651784366402176 4.117006998278158 4.252708481398976
64900.0 4.794452 13.660300 5.217140444825639 4.753350306476046 3.618355706434944
65000.0 4.315479 11.566453 4.958391804733512 4.384447627256158 3.7323985633778216
65100.0 5.251574 11.115178 5.7260636892108865 5.3133151920976776 3.6193721690251834
65200.0 4.825724 16.717418 5.154153343146443 4.579811857227126 4.094803368660225
65300.0 4.548719 14.039118 5.1305517495654875 4.560292222101111 3.9985783453167287
65400.0 4.257181 13.971576 5.04224057969181 4.314307930493205 4.014019620098595
65500.0 3.661402 6.629654 3.9635751377367434 3.716106307608867 3.6565986991817296
65600.0 6.130922 18.044322 6.187847155512624 5.883956810726679 3.918326447165917
65700.0 5.014392 14.057960 5.828811980871525 5.1308157371485015 3.5581609531884437
65800.0 6.004388 18.920999 5.880276211203578 5.630782990581736 4.264446522272759
65900.0 3.714485 6.911548 4.347379137403244 3.8599958543723933 3.3652717342040632
66000.0 3.900919 9.055689 4.646028055921185 4.068591919685942 4.61462324870408
66100.0 4.188333 9.049365 5.1718879890423475 4.466254187249351 4.129534512406201
66200.0 4.378330 11.515136 4.725794276507621 4.43022196300335 3.812406539456386
66300.0 4.156452 10.568692 4.869264941549873 4.2807250928537455 3.6360677772822267
66400.0 5.118632 16.218675 5.493017067869546 4.8986389562756445 4.068344757132589
66500.0 3.846261 12.186873 4.332036613365636 3.825885547859356 4.199491495339869
66600.0 4.352064 10.177631 5.234921509621211 4.505492057796532 4.022473830987221
66700.0 4.676679 12.295231 5.24286350803194 4.734930828696324 4.416304528604787
66800.0 5.124617 16.058471 5.026316007257843 4.7682005649569685 3.8323240286203832
66900.0 4.850334 16.299471 5.546013918836466 4.942705234020147 3.5418672723909626
67000.0 5.667280 16.938447 6.2981271999902075 5.562132056546682 3.8643706391577837
67100.0 4.814021 11.810759 5.357191378038903 4.8748122333043895 3.6351268026155923
67200.0 5.091823 14.928786 4.77891084131958 4.797840669423151 3.6299122674562354
67300.0 5.144665 14.194473 5.516616821796861 5.072746110628566 3.9571116986497654
67400.0 5.079562 10.257787 5.817586202336224 5.2671462626840695 3.1576145965269338
67500.0 5.406552 15.985506 5.909425815122754 5.306348645604235 3.8000200451571047
67600.0 5.553475 14.408316 5.801822781467751 5.364142537784718 3.8358052867298196
67700.0 3.638590 3.569381 4.627241225277986 3.9127602960228494 3.9645965720740857
67800.0 4.069799 10.018180 4.8890444439390555 4.280500530689818 3.9820275483640186
67900.0 4.853241 13.984568 5.286079799677465 4.715200165095278 3.873624359489779
68000.0 5.510319 15.946443 6.030181077795817 5.424175612132343 3.56619302414397
68100.0 4.925839 15.088582 5.291136812910205 4.831817511604909 4.102192820461067
68200.0 5.024375 14.891292 5.446662178893064 4.972432086483547 4.29973879160321
68300.0 4.572930 13.139568 4.94362516616537 4.454501931981775 4.583524277347346
68400.0 4.822126 15.720685 5.4805586893626534 4.779639312064456 3.735425684232558
68500.0 4.620474 10.512180 4.950844691466953 4.582465047373888 3.95517686928685
68600.0 4.481146 13.853789 5.227674017860225 4.616143148700574 3.524798003562344
68700.0 5.454016 15.323493 5.848514903976058 5.317907429377974 3.712303187650194
68800.0 3.671109 10.600113 4.848748681068261 3.9848903302771848 4.395432325202114
68900.0 4.570199 12.311215 5.12931424107979 4.696567953849995 3.6087622292658375
69000.0 3.901891 11.120958 5.227035646283164 4.303246872536906 3.714981802888311
69100.0 4.663904 9.722388 5.092283668938414 4.728777445953668 3.96329395996949
69200.0 4.292116 9.448299 5.142040433024732 4.594627521113195 3.91954182593063
69300.0 4.636092 14.076802 5.17224186720021 4.584701018004822 3.8987724975041638
69400.0 5.271382 16.315617 5.900931405968652 5.217598588028583 4.460715577249813
69500.0 4.532393 14.329818 5.073594113330337 4.632090239786374 3.807186574739802
69600.0 4.785891 10.115101 5.445312374786732 4.908960429082026 4.015662987141029
69700.0 4.399667 11.659617 5.191364181288654 4.558134329948249 3.8240759383769447
69800.0 5.429534 13.504256 5.835969394641928 5.343645465628239 4.003153134589073
69900.0 5.295567 16.086355 5.225614300776386 5.066272435598918 3.446885215037273
70000.0 3.671383 8.854156 4.476499495716842 3.936875571269062 4.270645880723973
70100.0 3.571605 4.633379 4.397041552398502 3.8015812585696693 4.211375207144398
70200.0 5.116834 14.562721 5.7293691709049055 5.1302050413969225 3.747658464181781
70300.0 5.598490 17.666638 5.757475581681851 5.336404402028566 3.8835230885051555
70400.0 4.585963 11.329566 5.335301629119154 4.668290916654821 3.5840802841479826
70500.0 4.526483 14.238824 4.349321290877212 4.240338681392829 3.67351591075805
70600.0 5.039990 16.171372 5.1132120473325795 4.766095919407223 3.5232544319372936
70700.0 5.797083 19.105688 6.054564225734377 5.580034598332117 4.042821945268638
70800.0 4.632202 12.065614 5.173720948140258 4.577559099439956 4.044467210703366
70900.0 5.924435 16.544451 6.417238191375199 5.835182138329394 3.7330972930768667
71000.0 4.346161 11.196312 5.148013886415753 4.579987973519539 3.701190760694332
71100.0 4.527495 13.444582 4.725288525589662 4.427801701252383 3.6880808250430928
71200.0 5.334617 16.405842 5.563120321852279 5.200682922224673 4.212080541281757
71300.0 4.480632 14.675833 4.902309954986158 4.487288792681645 4.004636517840357
71400.0 4.991211 13.410302 5.455640807691008 4.892120767326794 3.995737948833393
71500.0 5.221522 15.071585 6.003743300317819 5.323312241844425 3.93111873623443
71600.0 4.351223 14.531265 5.3224023161417735 4.507713161833124 4.0179778686712755
71700.0 4.652951 14.005680 5.405183637208989 4.739122855301824 3.8870509718185593
71800.0 5.166132 14.872613 4.979313307333898 4.8398834395351065 3.396659647528129
71900.0 4.484501 13.175503 4.592975219965123 4.344305135664678 3.3956555163631625
72000.0 5.511099 15.104757 6.1740410093149265 5.507335884224109 3.7967734204767174
72100.0 5.006650 15.748556 5.395810883804455 4.982193251520192 4.012969097130992
72200.0 4.270641 9.482819 5.065760744565065 4.421320651978945 3.6622589168862425
72300.0 4.026433 9.872776 5.113961902207534 4.324696864801837 4.089622290806956
72400.0 5.267566 15.647912 5.419009687896827 5.1152965039737195 3.7630587557951025
72500.0 5.072602 14.076915 5.289598499045614 4.868984924800128 3.6948751255833447
72600.0 4.815177 13.635533 5.63690688016359 5.072164128370725 4.724628795398473
72700.0 5.253693 15.750941 5.603699244877185 5.198005773067201 3.6022447243147724
72800.0 4.527008 10.751659 5.4027304394620215 4.672462183089201 3.82101768394683
72900.0 5.096172 14.242419 5.829236636156499 5.1314124669439085 4.1739823897966675
73000.0 5.603013 14.259523 5.695732016969331 5.358893369748944 3.3107558210509165
73100.0 5.152328 16.414622 5.528561902203592 5.105355767362348 3.658012995045749
73200.0 4.117137 11.741523 5.058571797943897 4.346621568226952 3.5691818499932486
73300.0 4.554408 14.843597 5.561942252652511 4.72113656886323 3.928327404106962
73400.0 5.412514 16.372085 5.701088945412278 5.31833909461965 3.548072846382843
73500.0 5.246729 15.827929 5.8738733719672 5.206563634581106 3.6082324345721637
73600.0 5.560622 17.024717 6.011694654307717 5.44961655823337 3.9150556669600003
73700.0 3.504113 9.133806 4.4241319354099655 3.8373656752478844 3.738653387106057
73800.0 4.221972 12.697024 4.6667625564957795 4.345337014643056 4.176716240941918
73900.0 4.099614 9.088994 4.6539641949947566 4.297727416686736 4.118781439579839
74000.0 5.477414 14.227090 6.1406537089271165 5.564726104776915 3.5771194573867358
74100.0 4.024180 11.042311 4.8912094551155345 4.188555180509762 3.6049683279808638
74200.0 3.275149 5.731477 3.642563135085043 3.3784551502387923 3.614199767046565
74300.0 4.830464 9.679773 4.9283605271239 4.794735332664218 3.923738546784433
74400.0 4.914873 14.548074 5.477017344642731 4.983435827520208 3.714835388282451
74500.0 4.762780 13.011613 5.394872460697551 4.872066454944019 3.9751189554387643
74600.0 4.627307 12.980705 5.184105105518099 4.621363586143997 4.04974477123915
74700.0 4.774526 13.692927 5.459280757241659 4.816749851323177 3.7182652076274825
74800.0 4.383304 10.529074 5.196998621391957 4.62123112076517 3.8489707795163026
74900.0 4.367226 8.782069 4.722472591293728 4.398076626379914 3.7951585670770163
75000.0 5.010831 12.139014 5.784274290245747 5.117088247121654 3.25512594661682
75100.0 4.157737 12.533265 4.755184089160202 4.225281539740266 4.268028275103226
75200.0 4.462559 8.543141 5.0936999298761885 4.582675002524685 3.791493257381815
75300.0 4.797484 10.290358 5.081097120743456 4.756743393270921 3.8320935081424454
75400.0 5.286553 13.504594 5.437239337310911 5.007248064076792 3.9844775632522387
75500.0 5.224116 14.901079 5.585134767780254 5.067611162346838 4.07343345953908
75600.0 5.294209 15.640872 5.770491719926857 5.170570438281884 3.845089330135587
75700.0 4.401500 14.476430 4.954793686505887 4.480451324656667 3.55176091481461
75800.0 4.099995 11.452115 4.848161699021188 4.266064362742148 3.882362331111034
75900.0 4.098659 9.501575 4.9268599276996525 4.208337664747762 4.222376772628691
76000.0 4.871173 11.360580 5.65097077180872 4.990355602775381 4.25250030042611
76100.0 4.600251 13.801949 5.114512164079846 4.649261422886534 3.7860180017477476
76200.0 4.567500 15.227749 5.380472766227485 4.562245379700973 4.025648557384728
76300.0 3.895335 10.509032 4.943590761922419 4.2906032686480575 3.272314958459872
76400.0 3.797275 11.597865 4.67051331360393 3.990576497170748 3.9119250500944966
76500.0 4.335152 11.947547 5.051352526021632 4.454987674762342 3.8716288438913105
76600.0 4.482585 12.411013 5.538512781142756 4.599464811423616 3.62212720074637
76700.0 4.737152 13.090649 5.215221260289142 4.801075425776179 3.6456989712052996
76800.0 5.402803 16.223498 5.897676738031508 5.312847867299098 3.774684695983955
76900.0 5.551479 16.610581 5.617049236586793 5.317885686911368 4.069128452892517
77000.0 4.587546 11.684732 5.50552147940269 4.727613762288471 3.973980211050077
77100.0 4.156579 9.347754 4.620825132971163 4.208531896708113 4.235199054550806
77200.0 4.520303 10.757868 4.941904118982954 4.588665008397003 3.8483770119629788
77300.0 4.663642 14.543194 4.817907532154134 4.469501465105848 3.8314488639027857
77400.0 4.307769 13.539216 5.277336367409681 4.417875188789073 4.140440249758985
77500.0 5.884771 16.770127 5.9443392954149115 5.651602369833081 4.183764069716199
77600.0 5.485391 17.042345 5.637907410144399 5.181400182523814 4.095678287228206
77700.0 5.796227 18.861350 5.846150293942879 5.521913241636342 3.151670865722372
77800.0 4.812985 13.483154 5.717013581366077 4.9645279257925585 4.080658719150665
77900.0 5.740528 18.277268 5.943314509596994 5.439725909667927 3.879218743642381
78000.0 5.505512 16.218159 5.617542070176392 5.249716039058246 3.763722612587506
78100.0 4.657505 13.210595 5.359491423423477 4.781996954427953 3.819806680017535
78200.0 5.455858 17.405563 6.051682043026088 5.367077852706232 3.906453519042351
78300.0 5.368608 16.995885 5.591774671592219 5.2159744491722835 3.8567654633451545
78400.0 4.443229 11.548108 4.975056763611981 4.567807982714532 4.238404958425345
78500.0 4.691492 14.752653 5.410306609358962 4.815117356006332 4.199582160781719
78600.0 5.529118 17.075065 5.743076363435871 5.273546689545001 4.185976610352529
78700.0 4.443361 12.510878 5.156453756582634 4.564759903844496 4.3247133985920545
78800.0 4.632852 15.152920 5.247449085579473 4.633567760427863 3.7363672067276763
78900.0 5.059789 15.655261 5.684779951160968 5.090211143158507 3.6827478966929026
79000.0 5.184326 14.576005 5.855029538187068 5.116481627284181 3.4415727036621857
79100.0 5.247372 13.783147 5.796516799922459 5.259682033212496 4.089355341495396
79200.0 5.157564 13.145722 5.891598717520085 5.202696537267037 3.866969205577896
79300.0 6.068712 19.652157 6.387050984251532 5.862543976794028 3.6302578139037536
79400.0 5.422756 16.549669 5.745753788238388 5.275776506253864 3.7714585205446793
79500.0 5.574541 15.359831 5.864977726306453 5.4594091832870335 3.7818608183663125
79600.0 4.632102 13.382686 5.188689680425249 4.631342401067087 3.863688207557435
79700.0 4.843143 16.107239 5.187873691940838 4.6567158308815255 3.952210016828315
79800.0 5.800779 18.685415 6.124002010968992 5.569684437978877 3.953209491494662
79900.0 4.214084 11.012769 5.139414472639958 4.3715934546688855 3.8224346689483206
80000.0 4.783164 15.536828 5.483011083703462 4.8524838516684925 3.691571488462219
80100.0 3.921167 10.782930 4.664997491138252 4.123009342993053 4.1530002304174705
80200.0 4.954108 11.852316 5.112804108426587 4.795930822790564 3.983420678884963
80300.0 4.092470 12.366347 4.575152471057496 4.086379230811665 3.7976246256075115
80400.0 5.567809 16.276136 6.23748197861676 5.516308104080886 3.708250409028947
80500.0 5.035393 13.905628 5.232268149874561 4.891500995371117 3.7453076359944983
80600.0 3.429679 11.094539 4.102636742429403 3.6122305912261714 3.8710780629364634
80700.0 4.051697 11.907958 4.765151157688631 4.246636662500526 3.9147518663278222
80800.0 3.480272 7.251909 4.701686576430038 3.85183102988489 3.9314177263908032
80900.0 4.417422 12.736710 4.919321504037766 4.479688346762915 3.672982005113298
81000.0 4.925569 13.199728 5.489177346919522 5.025292671047705 3.938445258007066
81100.0 4.831812 8.114264 5.082105651479234 4.866861513261543 3.4325408591458557
81200.0 4.774676 12.400624 5.382167318412991 4.915046634854884 3.693238752186619
81300.0 4.245262 10.004501 4.89945348412158 4.292238466391925 4.097720942890644
81400.0 4.746812 11.489229 5.5200639530218885 4.918645537774397 4.121809606567122
81500.0 4.785158 10.993941 5.473635971635499 5.017049734764808 4.128164431914503
81600.0 4.539402 8.883997 5.474514620617633 4.764674237986788 4.148865528877014
81700.0 4.242001 11.993629 5.496909319351894 4.62933620840129 3.699329835804242
81800.0 4.535866 13.798251 5.190054320955114 4.6936747260231195 3.6818862961186154
81900.0 4.871923 13.653608 5.32927859420067 4.917959842789115 3.8016342482148615
82000.0 5.258166 15.284459 5.533164823398509 5.1771202112093215 3.8417630545635166
82100.0 4.850509 16.472517 5.9411551942477 4.93874754522647 3.6098763102914955
82200.0 4.840198 13.536021 5.711468416907674 5.0449242154001395 3.5614864967254944
82300.0 4.542189 10.773770 5.30548023808884 4.808072199119868 3.9816790018346526
82400.0 4.971418 15.348098 5.2229930071630575 4.868095798143906 4.063293630806161
82500.0 4.176732 10.434424 4.622303703425808 4.246065624988166 3.6816266843072905
82600.0 5.237242 16.909811 5.62451976162255 5.1433308443979 3.891059469222315
82700.0 5.235016 14.356970 5.618585905338084 5.139100795926059 3.717857488090842
82800.0 4.089380 13.605412 4.353066853761362 4.000829647115603 3.892237764552826
82900.0 4.079493 10.708945 4.778452417824743 4.258667796531827 4.142852531498206
83000.0 4.427704 11.426816 5.349900202862064 4.70076649314551 3.5575702202728197
83100.0 4.923022 14.467233 5.617065745318201 4.9627998302513845 3.6752090096537633
83200.0 4.806051 15.138030 5.405990652379499 4.795561055867882 4.066645119492961
83300.0 5.643430 15.892277 5.924222804972445 5.442580215369369 3.5420128683688827
83400.0 4.861887 12.533233 5.493421617688648 4.89395842282793 3.8214075624811072
83500.0 5.427682 18.726901 5.646234109535613 5.186920622397348 4.04630800866397
83600.0 5.008665 14.448961 5.190187016295841 4.822298638827295 4.030450300964099
83700.0 4.821740 12.522129 5.469854893894921 4.877905108531318 3.7568190960827033
83800.0 5.706621 19.273331 5.750605346336663 5.34200189626747 4.119330485464847
83900.0 4.632911 13.734510 5.4183144156308565 4.667028569544703 3.802213141316395
84000.0 5.061114 14.869413 5.27734086804273 4.839551403714935 3.797189203088224
84100.0 4.763200 13.413341 5.145008011970973 4.703492705723792 3.683943027155283
84200.0 5.064761 12.190756 5.3918113073501255 5.146790977985992 3.957685814137806
84300.0 4.879513 15.814165 5.64311403673625 4.910019321744752 4.137473397654505
84400.0 4.499089 11.904169 4.877799734675491 4.5207666147906425 3.896772725908741
84500.0 3.582982 9.787435 4.7291876763943215 3.9772365099717044 4.051357516236942
84600.0 5.434466 16.023782 5.51088115300457 5.370689392228788 3.6766750065440923
84700.0 5.387031 16.841766 5.834559287086706 5.292436411306828 4.043602278853512
84800.0 5.626409 17.401544 6.016021625715816 5.429634687222441 4.416136117731022
84900.0 4.791474 12.558997 5.85843175242915 5.151614459194195 4.19249875101819
85000.0 5.473759 16.877106 6.214148271169833 5.53446056329191 3.8338486915484093
85100.0 4.877199 14.357254 5.215385620357353 4.829618834704367 3.507000394952492
85200.0 5.532660 16.006287 6.350241002808177 5.487920655438093 4.312282971434505
85300.0 4.292770 12.693932 4.697016774781917 4.279545349698884 3.7379406135902604
85400.0 5.076368 15.604863 5.458351191619997 4.994083722978096 4.209309360743091
85500.0 4.771862 13.397296 5.142399566634486 4.626617925369126 3.6869089406437383
85600.0 5.365488 16.780486 5.805171732801547 5.270807484928466 3.856650995861123
85700.0 5.185151 16.245228 5.562913984162723 5.035862447573839 3.5497027672458255
85800.0 4.956501 15.885160 5.2044963119341965 4.740623384924249 4.214932806753877
85900.0 4.288646 7.846768 4.707714988385165 4.36680461234801 3.869880453824734
86000.0 4.462938 12.773898 4.77099430098479 4.434995759806345 3.6839043398150437
86100.0 4.727384 10.071628 5.076793363425935 4.796891473556551 3.7898487695070884
86200.0 3.820649 9.138698 4.729022574965815 4.18858240569425 3.517268272228128
86300.0 5.066718 14.544010 5.180775045288244 4.849414806362639 3.7721046013699846
86400.0 4.808067 14.326238 5.012083170327427 4.785921129847788 3.5998414254916207
86500.0 4.154578 11.515656 5.030897386512703 4.345054954536603 3.9769983017135373
86600.0 4.763971 11.318852 5.347376182269909 4.846699014438658 3.7980175036414603
86700.0 4.096513 13.078215 4.856155375514467 4.215774919078238 4.036172256216715
86800.0 4.536946 11.514449 5.414264626447192 4.7088082115460885 4.2694538929933525
86900.0 4.521483 13.174774 5.102487147281299 4.589967830420773 4.545725779673104
87000.0 5.644813 17.356302 5.423878880595897 5.2304932528325105 4.097309228093819
87100.0 4.768064 12.253991 5.369760037090579 4.871528833094436 3.514227364937707
87200.0 4.548672 10.340595 5.123291954868325 4.661507864508436 3.501077932006188
87300.0 4.460149 13.412987 5.0886774280490545 4.557622234426541 3.701300547765749
87400.0 4.117283 11.161082 4.645164829499652 4.260360715289075 3.5026136007955833
87500.0 4.080500 5.488091 5.050793383207026 4.43315691022748 3.8058526335316594
87600.0 4.023676 8.291556 4.401598468840496 4.078778172843827 3.9139781577191437
87700.0 3.993169 9.093204 4.498658967437617 4.134688302910699 3.9396069659227937
87800.0 4.699401 12.202010 5.337134334518029 4.69094205791566 4.164664003251859
87900.0 4.819026 14.402879 5.761571603216417 4.983000817167433 3.799349714904183
88000.0 4.774644 14.155439 5.493320080896915 4.842689712945966 4.275046179569929
88100.0 5.391907 16.152654 5.848826889332841 5.366135558109698 3.330709095613611
88200.0 4.577557 13.312122 5.337533528030255 4.7302795124568755 3.778211417330382
88300.0 5.232702 17.115861 5.79296358230451 5.103983779312277 3.7543523616577916
88400.0 5.521184 17.368821 5.791446306364885 5.2724869640548855 4.18769367373107
88500.0 4.041489 9.081474 4.811338388399725 4.233344700436636 4.166187122608063
88600.0 4.876992 12.666289 5.337860480518219 4.868528939496976 3.982180883148108
88700.0 4.041734 13.775787 5.006767487241455 4.26072598691612 4.025094333285752
88800.0 4.594437 11.017217 5.5523401094328255 4.7401870447259595 4.0487349611720145
88900.0 5.561210 17.660604 5.799023390467092 5.326519324770589 3.831870309686304
89000.0 5.296103 14.869801 5.510442517341449 5.164161483333206 3.7180765971405023
89100.0 4.640542 11.907020 4.996917998408433 4.616287681390086 3.854659018172144
89200.0 5.187929 10.916563 5.709048592498323 5.156928116403743 4.030803677169344
89300.0 5.415373 16.695712 5.888166594768744 5.312829944896285 4.007785320238181
89400.0 4.734002 13.149545 5.621342989071997 4.958378512739479 3.823921578573342
89500.0 4.760455 13.425413 5.656363969986469 4.902687270948633 3.829957422543151
89600.0 5.148646 14.700970 5.5407601429875175 5.075655382832929 4.464216087945758
89700.0 4.649617 13.212038 5.213416396197529 4.708736126476161 4.47493883296045
89800.0 4.006451 10.910365 4.982926184148799 4.162221575314116 3.516130865264693
89900.0 3.920471 11.633425 4.518801386192499 3.992470198123316 4.148042406779832
90000.0 4.373371 13.749521 4.8147195533201 4.329266589913048 4.1808142661864345
90100.0 4.351537 14.442357 4.807176519896617 4.271424281676823 4.066617607491897
90200.0 3.461459 5.258806 4.4218866599142155 3.787075471516108 3.7846496260337785
90300.0 3.987024 11.540020 4.877126064604907 4.19995452158525 4.240555486874724
90400.0 5.548232 13.882233 5.886791260837127 5.510828549263035 3.8606267544624706
90500.0 5.005455 15.436539 5.281068501931214 4.8302541518060815 4.189605847585919
90600.0 4.024697 11.284730 5.019440678522387 4.358404357499737 3.8758826559333306
90700.0 4.648502 10.460684 5.362237510373731 4.7906957643250605 4.091978201843257
90800.0 5.439739 17.532387 5.650300416962157 5.299786757344468 3.5842204609824635
90900.0 3.715540 11.766736 4.8801418123067 4.104055332896033 3.6124470072176043
91000.0 5.164547 11.901774 5.494664739572122 5.123184037689288 3.8632355110537557
91100.0 4.773947 17.069375 5.344940459996167 4.6341942218368 4.627816336560985
91200.0 6.163686 17.144070 6.232690146865156 5.884467886366604 3.892154936013538
91300.0 5.328350 14.346823 6.006157565428878 5.361940175269883 4.099680085207292
91400.0 5.039097 13.971167 5.717097612450236 5.066719966106767 3.730878888886129
91500.0 4.880681 13.032776 5.481203440765443 4.88798334757644 4.102434780920891
91600.0 5.343053 16.145472 5.401362536927844 5.061821310673932 3.5987778681612697
91700.0 4.988607 14.562324 5.192391625687808 4.870325365112849 3.9025612329286177
91800.0 5.227699 15.779131 5.368856219164856 5.055710336872279 3.6934779216383604
91900.0 5.945092 18.432933 6.3584405506955015 5.784608717712469 3.588524537918619
92000.0 5.575216 15.468122 6.032505381560225 5.553601841595372 3.9080693597563694
92100.0 4.445276 11.872771 4.753907504335439 4.363473023837061 4.264554187033593
92200.0 4.631438 10.148336 4.889468019439762 4.628951745645864 3.7027715124112137
92300.0 4.670111 9.242300 5.320658565708856 4.695361667979745 3.578257384424722
92400.0 4.465739 13.742672 4.984169152569764 4.411409107155716 4.017359283790095
92500.0 4.716297 10.090888 5.709048806457094 5.028718454072026 4.008857743700842
92600.0 5.061131 14.413274 5.29887658861797 4.92854996781683 3.5581011544187926
92700.0 4.780241 12.911514 5.619581595948068 4.942230063978346 3.7537308056133862
92800.0 4.156354 12.195511 5.058380986782075 4.374176112359676 3.9819631703158915
92900.0 4.936378 15.235244 5.6821660700364145 4.977757056550635 4.124412951703596
93000.0 5.459676 16.435590 5.7693229436950695 5.306786018690793 3.7608799417277754
93100.0 4.916448 13.995637 5.455565508514517 4.860901995757762 4.200099765654506
93200.0 4.403614 12.295682 4.907591108252944 4.502350302881703 3.798976072746527
93300.0 4.251151 9.145204 5.049113923079927 4.449221090565505 4.194485580861628
93400.0 4.302367 12.228489 4.746520497576329 4.316354004320277 3.74407187331212
93500.0 4.683679 14.564351 5.2587265957117815 4.700578546488314 3.953920694503068
93600.0 4.200345 12.082074 5.072560885570649 4.380313230705565 3.8577431150515116
93700.0 5.454331 15.744532 6.074817104074789 5.473475547724686 3.8737320589157114
93800.0 5.226366 14.663528 5.55681445308524 5.0917741828431815 3.950726895422375
93900.0 5.414130 15.446193 6.07391611465738 5.4476066688465234 3.643748057616034
94000.0 4.468683 12.754979 5.363257357844369 4.709442797751754 3.915034315064441
94100.0 4.648844 13.580083 5.370859273200343 4.811357363144523 3.889874946860037
94200.0 5.340599 16.560378 5.644024064274825 5.212177990115843 3.8540736294209923
94300.0 4.373261 8.985083 5.220586555621024 4.631605095462258 3.7690873254163395
94400.0 4.863743 10.485372 5.532940286152039 4.972706447651806 4.010247176465964
94500.0 4.791917 11.404944 5.207378952110393 4.764067727754065 4.1459915585184755
94600.0 5.233133 15.332204 5.7514436599774825 5.262867127810431 3.847529964738036
94700.0 5.009338 14.662797 5.365845558499607 4.928634520057862 4.1388773735591435
94800.0 4.900137 13.763927 5.393793025196634 4.938699824503615 3.9906041664620693
94900.0 3.631404 7.920013 4.620104045222963 3.953880743657896 3.9836905185235176
95000.0 4.074842 8.660082 4.483664645898122 4.178135163867413 3.5576443745249122
95100.0 3.831437 10.678071 4.702759558153513 4.082961845709463 4.230680246736322
95200.0 4.727582 13.168247 5.416560681438556 4.831244665990409 4.0097873537739535
95300.0 5.563723 16.763798 5.815083813935422 5.458399571814616 4.042924305657695
95400.0 5.579428 17.400327 5.394189106806354 5.232802887872703 3.699064695921707
95500.0 4.852318 14.141587 5.563002689682035 4.951617501033656 3.9010102404490823
95600.0 5.353396 14.933011 5.406534556405891 5.1031829446973225 3.5601214064562696
95700.0 4.990276 13.596948 5.54320349273312 4.974126797254762 3.8777081088213157
95800.0 5.234251 13.691832 5.988390589577562 5.331117732630864 4.237568637836317
95900.0 4.128525 10.756153 4.385309072774828 4.0579121401944365 3.8061737645021756
96000.0 4.597896 13.174357 5.38664582907664 4.685299793879149 3.743192359173423
96100.0 4.823777 11.025132 5.255442994070997 4.764812945695529 3.853067145541172
96200.0 5.571127 15.022170 5.6402706752876535 5.351975859688549 3.6151791627953274
96300.0 4.926713 14.186078 5.381318168903167 4.834130769467257 4.189969802222232
96400.0 4.680897 11.401756 5.62265413224169 4.928718122123272 3.630545873483494
96500.0 4.929212 12.980692 5.708212979743893 5.072022554246297 3.824759728109162
96600.0 5.515768 18.563339 5.509544459804678 5.206790134133517 3.5213844000528054
96700.0 4.381369 11.766046 5.230792551053445 4.5762133776410945 3.754040678156254
96800.0 5.485377 16.990032 5.9829127678910154 5.3453252527867114 4.307220299221453
96900.0 4.006069 8.905665 4.651507359979292 4.13512703693746 3.944504402714535
97000.0 5.312353 14.343337 5.721973905467808 5.282736230070241 3.666410396472529
97100.0 4.148766 11.432807 5.293710401355054 4.400218386852128 4.425287712324039
97200.0 3.939375 8.750688 4.71481024083631 4.157802421134363 4.019634210661985
97300.0 4.316596 12.263244 4.857466472714728 4.390807590118573 4.092545320461803
97400.0 4.211404 12.049966 4.882782765567163 4.316107660448501 4.241267953234417
97500.0 5.397540 13.466145 5.983258569843949 5.477803042364453 3.436775013724754
97600.0 5.174007 16.211856 6.044875404570953 5.284160225023923 3.6895240140515266
97700.0 6.082429 19.511142 6.503296519228619 5.859068852241382 3.931832309017854
97800.0 5.653081 16.818223 5.754858094594876 5.378150188553205 3.5471855028576647
97900.0 4.294761 14.118020 4.579972216426414 4.229269786389977 3.852309144002244
98000.0 4.303049 13.002421 5.179984718163625 4.535858658395781 3.2768799972451808
98100.0 4.050531 10.496388 4.762882072375639 4.214900083655275 3.781570696076717
98200.0 3.921149 10.802362 4.7735059753977485 4.1510183541249885 3.688999361055494
98300.0 3.581872 9.213626 4.682593864902234 3.85686928060442 3.6188188604398843
98400.0 5.438924 14.872537 5.9169390331269485 5.458902789553224 3.8879540003026705
98500.0 4.191226 8.292138 5.081312318210376 4.454630540869526 3.968844418054974
98600.0 4.596433 13.042492 4.999835256862784 4.63018389121934 3.5459484852013876
98700.0 3.951482 10.877071 4.826556454600011 4.106536013573838 3.6016916405786654
98800.0 5.973153 15.895698 5.965165748951337 5.667971276258015 3.850063114036643
98900.0 4.597626 15.903982 5.353713760679305 4.647608095527909 4.053449477479419
99000.0 3.628106 10.919730 4.365237293201221 3.8391465889412144 3.74901056590899
99100.0 4.889532 15.134406 5.316631127438019 4.704010232421334 4.156710422425439
99200.0 5.118202 16.206893 5.528379932525726 5.018704446274029 3.7058994517131834
99300.0 5.551847 17.126851 5.383847342768486 5.207215128853589 3.879467012940983
99400.0 5.205981 14.453969 5.787886724935443 5.259031660550394 3.8100657876321784
99500.0 5.214603 17.168174 5.754049493605665 5.180914234007312 3.7375851791603067
99600.0 5.742479 18.253634 6.3584735442953635 5.586842080789886 4.250033512999045
99700.0 4.989122 12.049985 5.73787276092388 5.163138161029318 4.048797749170855
99800.0 5.002551 14.759964 5.708690165328157 5.048158295869706 4.204991823128641
99900.0 4.728813 12.430075 5.2901824287852 4.8464615554702295 4.232859325143596
100000.0 5.163892 16.136205 5.709113006321088 5.131792663956036 4.117550068038856
