# t rg re s3 s4 s6
100.0 8.586289 22.704197 8.134219222468934 8.191532715942362 1.643350657303983
200.0 7.964468 16.767936 7.354630030047516 7.334488954945079 1.6595771676299291
300.0 10.047890 32.522351 8.841849969625331 8.97757106944194 1.6379978190207518
400.0 9.717079 27.907295 8.841323717076087 8.952096860303902 1.6729206331417892
500.0 8.634978 23.923986 7.965479445743778 8.05841218531944 1.6317435072199837
600.0 9.385330 24.414136 8.726067615864892 8.777724996797774 1.676124875447054
700.0 8.519453 22.646211 7.8361938557680055 7.858885283327045 1.6342061301088457
800.0 8.853625 22.749260 8.212331678242958 8.22755590267418 1.6988716341783403
900.0 9.581216 28.987629 8.547818812463483 8.640468847124183 1.667191057887373
1000.0 9.122732 24.324004 8.319603850111617 8.38173955763561 1.6183649624754648
1100.0 11.481210 36.133597 10.207912329949812 10.2799693911472 1.6694875026609897
1200.0 8.792545 23.894103 7.864458731640099 7.927593830988401 1.633164543777276
1300.0 9.287181 30.269956 8.261336166535564 8.347720358277986 1.6364376100688036
1400.0 7.975582 23.052721 7.3211272744752325 7.385423065687246 1.6153441973961369
1500.0 8.585115 25.101888 7.961531304277564 8.083426367199136 1.5875408135618252
1600.0 9.045913 23.501225 8.526802328400723 8.518880591122041 1.630637383392907
1700.0 11.488986 30.024581 10.394867294409783 10.449643712376956 1.6209776634563962
1800.0 8.840324 26.868402 7.913662708196258 7.987358852941458 1.6977178262688366
1900.0 8.615087 26.717879 7.818248329845171 7.88262280825951 1.667454390410348
2000.0 9.430464 25.196810 8.833237403931053 8.888659201706341 1.6658812103665188
2100.0 9.691325 29.324949 8.643470348922815 8.714953946919113 1.6812587280836804
2200.0 9.632824 28.615128 8.573753617343964 8.67218663993045 1.673370700304443
2300.0 8.877545 24.818630 8.042308116374532 8.053278937062965 1.6221072726760681
2400.0 10.006591 26.806070 9.306497882447045 9.362894922792913 1.6827048748109972
2500.0 9.705530 30.641133 8.45406604736582 8.611787258644908 1.6034200481115737
2600.0 9.771362 29.793301 8.624276018389299 8.672550544427788 1.6823131605506785
2700.0 9.607835 28.044890 8.797298153482801 8.853844707302201 1.6421045815499284
2800.0 8.852318 25.837616 7.860818304848787 7.928668939531418 1.6122946728736485
2900.0 8.849015 22.896323 8.107449649928245 8.125929508179542 1.6032286578066952
3000.0 9.642962 29.905899 8.461954008608325 8.617817941356005 1.6264543214275782
3100.0 9.071294 26.350585 8.098457515137993 8.196856322511715 1.6460319632562241
3200.0 7.710618 24.058221 6.849394283787899 6.9591904258111645 1.5466107116507608
3300.0 9.850362 28.386759 9.01377620106268 9.123344490710652 1.694138196268567
3400.0 10.041341 30.345131 8.813165344360073 8.946665142365125 1.6096506908031256
3500.0 9.632592 27.782107 8.581569722932914 8.666404683868905 1.6612271356296726
3600.0 10.237113 29.757194 9.012340404986627 9.08651798752557 1.6642275035668754
3700.0 11.271742 36.705554 9.711588984540171 9.85865298165572 1.6602698442372452
3800.0 9.476941 27.922021 8.401612628540764 8.495039847397685 1.6380733556322817
3900.0 8.412513 22.904790 7.685804383336468 7.750445174804054 1.6065835555291947
4000.0 9.279586 26.828463 8.448523325840906 8.503301653410569 1.663678232125608
4100.0 10.462343 32.959288 9.159420893152598 9.266602417707478 1.6075578825469294
4200.0 9.171630 28.309942 8.176766053954669 8.229884053136834 1.6777508369583862
4300.0 8.018571 23.343857 7.320918936104171 7.361108285231894 1.6428312542745307
4400.0 9.644689 28.127235 8.725278777553514 8.771062612929109 1.6179946755520729
4500.0 9.636582 28.416916 8.74951139696 8.799369770786836 1.6184359190086903
4600.0 10.202417 29.196339 9.027149920573653 9.102105549102975 1.648575950362973
4700.0 10.482960 31.416826 9.337117307640854 9.431476628083864 1.6108875114667074
4800.0 9.681699 28.540095 8.465521893010523 8.610261140030207 1.655519914019716
4900.0 9.771586 28.976660 8.452765006461277 8.56425215668392 1.614402843557083
5000.0 9.305784 28.626447 8.554472165450672 8.664690898215596 1.6703020769045973
5100.0 9.942915 30.615321 8.696353963086832 8.806369376298866 1.6544407406304407
5200.0 10.392393 28.735438 9.337600164772727 9.42218902000854 1.6300271432410862
5300.0 8.092378 18.491259 7.3626213275656855 7.373766261382516 1.625514161915892
5400.0 8.939794 28.154731 7.813956777863912 7.9130124726120235 1.5708419292570293
5500.0 9.844673 30.386134 8.914043636587223 8.98364898560433 1.6521605628930542
5600.0 9.754994 29.135765 8.569906815683165 8.654464144821864 1.6877427736176125
5700.0 7.824231 20.862905 7.140439493107957 7.219352280270889 1.690695759699006
5800.0 9.116034 22.462760 8.575564637869642 8.627412397806461 1.6483552124456975
5900.0 8.236090 23.144748 7.435712511663255 7.567436260228061 1.6441220442714872
6000.0 8.019137 24.787955 7.4966630242145245 7.588688465787762 1.6234020036129475
6100.0 7.293680 20.850369 6.78749900171491 6.817991823809735 1.6446592205146364
6200.0 7.195290 17.000309 6.762676680986455 6.807751878966991 1.6264004525268159
6300.0 7.928959 21.854303 7.48428845256303 7.572770025959275 1.6605367736276095
6400.0 8.662013 25.359050 7.865655736779181 7.978329467177652 1.6827340204173802
6500.0 8.680875 23.624137 8.077885084082721 8.110802769640317 1.628860808627839
6600.0 8.885011 23.422003 8.256024999402563 8.30504660213365 1.6677821976736902
6700.0 8.813915 19.101503 8.3022249850586 8.377868230236388 1.6825851271434504
6800.0 8.948636 25.776781 8.093029845106889 8.176618963068034 1.671470268949193
6900.0 9.634749 28.623173 8.556961782747234 8.686520465021564 1.6086764726221126
7000.0 9.986930 30.556427 9.039754978010283 9.1429771847475 1.6430719865526364
7100.0 11.293926 35.119426 9.944278297328642 10.071968380245416 1.676123983995725
7200.0 9.301104 29.005990 8.298399566592673 8.34952939913985 1.6442076695295327
7300.0 9.210722 25.567581 8.223738501271695 8.305773697237392 1.6387466704222966
7400.0 9.896432 26.648735 8.933772748067197 9.036272595754017 1.5937345615413767
7500.0 9.265231 27.660187 8.237687716386326 8.384829460505864 1.604742157811892
7600.0 9.501181 29.299187 8.542842908576512 8.628144786429727 1.615193495969077
7700.0 10.433116 32.666837 9.259698168760375 9.375673794242955 1.6452963090210944
7800.0 9.488142 23.716127 8.590481039972097 8.69942302477197 1.6583636681001914
7900.0 8.285752 25.292994 7.398691706236995 7.452106380884657 1.6950970518383317
8000.0 8.991700 25.833531 8.143484210796537 8.184528593280797 1.6697615945436903
8100.0 8.372183 22.973653 7.846959096355309 7.941536213518976 1.639600502736847
8200.0 9.205548 25.218935 8.545672356490185 8.61332753185273 1.6105094949361984
8300.0 8.818040 26.209326 7.917387814355526 7.995683407312667 1.6377040365790825
8400.0 8.781448 22.223184 7.981633922829129 8.089104059536345 1.5832372933875607
8500.0 10.173107 28.452787 9.258235522609182 9.328169117936143 1.6459309550349417
8600.0 8.977831 24.784634 8.195965229595819 8.30463913638739 1.6123517513893946
8700.0 8.657624 26.729388 7.835751935018574 7.954553350356741 1.7075330381773715
8800.0 10.736273 28.163851 9.995547501832693 10.076420033886164 1.6601134106993227
8900.0 8.787905 24.244214 8.088111969059204 8.117990883153468 1.686112773008418
9000.0 10.102272 29.077000 9.135586517185764 9.203025948434876 1.6321665971796497
9100.0 8.751938 25.082375 8.115781378679813 8.18631726519784 1.6349021320386747
9200.0 8.787695 19.012014 8.213615212793675 8.227643683955613 1.6432489711968876
9300.0 8.327078 25.317034 7.351339607589896 7.417187692148238 1.620199325816394
9400.0 10.372456 27.738113 9.43158007893484 9.476436140927456 1.7113633115776996
9500.0 10.527656 33.396941 9.224932429951494 9.395223279258381 1.6726208286957471
9600.0 10.504400 29.522502 9.52381791932358 9.591059689101257 1.7130153967859274
9700.0 9.504435 28.498567 8.54367584867365 8.656060405134493 1.688734314727607
9800.0 10.251062 30.198686 8.995112755316281 9.119797566186735 1.648094243687376
9900.0 9.723090 26.179256 8.676833724115788 8.714631720401172 1.6417145893568497
10000.0 9.121374 26.491703 8.267218329410465 8.327603336611132 1.6682180903182522
10100.0 9.762642 31.755412 8.641668360790812 8.75821772028121 1.638477620246487
10200.0 9.570196 26.381670 8.46689391976559 8.574948589506194 1.643346596067115
10300.0 8.678006 27.752616 7.9161875910864605 7.9678928760542815 1.6147995166198812
10400.0 8.626568 26.696819 7.6779992170579865 7.760412190501348 1.6144479631016957
10500.0 9.775298 28.508006 8.541835486503567 8.646465815831165 1.6727968080114193
10600.0 9.871372 29.173525 8.91421685581911 9.040752847036853 1.6951150052635122
10700.0 9.584052 25.390059 8.706563885315383 8.728423606442353 1.6567563348178476
10800.0 10.569871 33.176026 9.4613711209774 9.604388340712942 1.6649103501563614
10900.0 10.334337 30.244212 9.005307044461082 9.019036977785413 1.6155833970259836
11000.0 8.731639 24.519722 8.043776680526387 8.038851104563905 1.6193405758477235
11100.0 9.119071 23.599250 8.522622132839519 8.592452638953919 1.610345157076918
11200.0 9.531954 24.687977 8.637905615530242 8.732234113100724 1.6684011888099575
11300.0 9.098663 28.682556 8.05249429739462 8.10713153669409 1.6822377074766621
11400.0 7.935067 26.345556 6.9921300273973355 7.159412396097612 1.682052157810397
11500.0 8.915637 24.059848 8.01618821105105 8.080863964070344 1.6404627551770792
11600.0 8.343997 28.156910 7.2780720809427555 7.41063821838829 1.5809982805626466
11700.0 8.509354 21.901536 7.929570002346445 7.961472393955149 1.6298597393409464
11800.0 9.006310 25.760530 8.08256502443833 8.172182467419747 1.6741398496316566
11900.0 9.962186 29.180322 8.756836797423388 8.853575381797606 1.6508990382924162
12000.0 10.975604 30.023077 9.855043034541318 9.908365064981552 1.6872081176363345
12100.0 10.160655 30.437017 9.002794317789467 9.09583784913848 1.6131809326111424
12200.0 9.294455 28.404719 8.287180551216508 8.384404137717578 1.6364764410322326
12300.0 9.096893 23.631703 8.299009543719055 8.347371159659394 1.5990133603155292
12400.0 8.982049 28.297781 7.986984345598553 8.110764191693761 1.6413211795271214
12500.0 8.703416 24.384845 7.956457560491045 8.035732229230726 1.6349624099234175
12600.0 9.959297 28.674114 8.920779916620107 9.019951270886402 1.6986200029741745
12700.0 8.223303 20.331627 7.670469175582876 7.718215518923865 1.59672129354264
12800.0 7.403098 15.126177 6.841823642869415 6.903103154888576 1.637389482071297
12900.0 8.275063 18.620298 7.826116172712507 7.840777120831446 1.6381694727900624
13000.0 7.700946 23.587534 6.823018792885895 6.899993209228921 1.5966084816927504
13100.0 9.062912 25.047493 8.406874668039872 8.484717991099485 1.6478708651695448
13200.0 8.007621 22.766028 7.254568759291959 7.376189138827526 1.6438611600678168
13300.0 8.704448 23.055376 7.910625046792507 7.995183021867115 1.6387888751370177
13400.0 10.374580 29.877496 9.359499616047204 9.478954992090474 1.667603027768652
13500.0 10.169916 30.473417 8.795333987723195 8.897358725847642 1.6443588434300755
13600.0 9.004422 26.343547 7.977853223220133 8.094082527132525 1.589557163216926
13700.0 8.253207 23.304591 7.611385695269455 7.674248939862125 1.642065829019264
13800.0 8.393595 25.032937 7.850407639397283 7.942134485227583 1.6164212214780573
13900.0 9.536449 26.022281 8.851211019105607 8.892753023115288 1.6841923900497606
14000.0 7.936399 25.720275 7.186198617284619 7.221261467230322 1.673364328259622
14100.0 8.512824 26.314739 7.889033196256943 7.931761025520871 1.6535450039594086
14200.0 9.131399 25.491380 8.41923176822868 8.546225653085326 1.6148667960612069
14300.0 8.786440 22.216005 8.077728239030947 8.120243522070906 1.6436757742754324
14400.0 7.875638 20.123522 7.403966237772553 7.468486240500944 1.6502792741026184
14500.0 9.139574 29.041044 8.135178500685939 8.25001344973611 1.628305752837798
14600.0 8.123987 22.188569 7.434198955292078 7.536894195333078 1.6105515391326939
14700.0 9.477523 24.804883 8.770082680901826 8.84043314352326 1.6263071508363902
14800.0 9.933701 23.160827 8.979550508654166 9.046498495110965 1.6720638959965786
14900.0 8.309035 24.960737 7.174865928306718 7.286480585334634 1.6317300144341897
15000.0 10.445943 30.527646 9.352353827444713 9.424235642715413 1.630259674795897
15100.0 8.950941 25.980145 7.93350804637973 7.973738110886237 1.5867703366138461
15200.0 8.769120 25.059606 7.833102364781916 7.884966379800532 1.6889023200729085
15300.0 8.668135 21.815378 7.894049130336158 7.9082195022498105 1.6520207127218145
15400.0 7.286855 17.234568 6.804881010402608 6.825184304879978 1.6562297480576056
15500.0 9.933809 29.070441 8.7736239525503 8.859728613039344 1.6494842598699195
15600.0 9.464708 28.211138 8.646702255802388 8.697215004012756 1.622159459627197
15700.0 8.249113 19.868077 7.853427609844141 7.89081491348636 1.675381872195063
15800.0 8.950942 28.136437 7.935167012636279 8.010254955043598 1.571692272223854
15900.0 7.886772 20.738246 7.187730971623292 7.261594706858375 1.6663835481954554
16000.0 9.562638 30.224908 8.763035702046865 8.827957229818146 1.64660975346507
16100.0 9.069150 29.099840 8.051630546973028 8.140026322995904 1.6124850680772889
16200.0 8.588679 27.273306 7.734981417120506 7.790807178046596 1.6198504700722638
16300.0 7.742634 19.639071 7.396848255191252 7.398427489886993 1.6977895435931656
16400.0 7.454105 15.908566 6.974677363498321 7.05976350853053 1.660969512792578
16500.0 7.789571 21.047587 7.162844650680831 7.226431990306782 1.6643541409256783
16600.0 8.081108 17.441446 7.671252772481589 7.753290763667753 1.6775297835327947
16700.0 9.515605 25.125754 8.831519172280725 8.886188623722866 1.6835913045982005
16800.0 9.151766 22.895360 8.49524781248741 8.548983236547265 1.6763762529942843
16900.0 8.727259 25.003388 8.067639323252527 8.10164250423273 1.5722080402160623
17000.0 9.487810 22.492970 8.879488927701482 8.920726596111725 1.6978126591008043
17100.0 7.880380 20.837523 7.183888305685374 7.213890950597431 1.6593026394861394
17200.0 9.788333 30.059293 8.615574453969652 8.712389260187683 1.6499703614351466
17300.0 8.518625 22.234111 7.624598362529321 7.68502268332911 1.603968567404875
17400.0 9.826878 28.248703 8.808941080131246 8.944018929618997 1.6358917227071212
17500.0 8.753233 26.613077 7.832919033020696 7.983637443448112 1.6440306488961693
17600.0 8.943286 20.996693 8.497851829186581 8.532203780582124 1.617844959299062
17700.0 10.181599 30.723596 8.970836864942896 9.076856792805922 1.683137826076849
17800.0 9.643848 28.630952 8.560632557792495 8.633095874518936 1.637620355485418
17900.0 8.175905 24.014476 7.4933049220140004 7.5545739041129805 1.6582564193270548
18000.0 9.925832 28.459703 8.863321651152848 8.964670254474393 1.6262577525980004
18100.0 10.167812 30.644514 9.252727813942325 9.30522920202116 1.6489821689468793
18200.0 8.437467 21.655193 7.653625794346864 7.735599690471904 1.6747457320466748
18300.0 9.280402 29.015526 8.176807509967027 8.30946087649124 1.5896545082696263
18400.0 8.421897 25.806614 7.620722175337556 7.693935207518045 1.6196849209167519
18500.0 9.160793 23.043435 8.280262741802408 8.334123866269913 1.6726942520077048
18600.0 9.342445 28.904853 8.43333877917033 8.513173600517352 1.6592819793006854
18700.0 9.540163 26.764898 8.95173404405724 9.01069788024321 1.58732601390768
18800.0 8.387095 26.729363 7.397452538177046 7.472812130863213 1.6718049503603385
18900.0 10.072134 27.237298 9.212557820027628 9.251600176782942 1.6562637163168576
19000.0 8.272849 23.421363 7.761525837731451 7.839110416816647 1.6627801963682782
19100.0 7.325068 20.776514 6.8394899140732015 6.88339752025578 1.6398473258693456
19200.0 8.713316 24.505122 8.242220953486909 8.262882921750514 1.6995479168487544
19300.0 9.785836 28.460741 8.7736893354576 8.871918828039606 1.6277115833765055
19400.0 8.048232 19.583148 7.484836863771983 7.5835229678368155 1.597309268059094
19500.0 7.971508 19.637456 7.337873089142714 7.39180681139002 1.5967967775531835
19600.0 9.127452 27.150279 8.13607281297894 8.205106504628004 1.5803462122166017
19700.0 7.966595 19.757064 7.520790731311992 7.540383852687394 1.6538980898231486
19800.0 8.700341 23.686276 7.904912810260033 8.02185336298854 1.6521972033769223
19900.0 8.028326 21.392974 7.602641605302994 7.695683564333422 1.6089690705681632
20000.0 10.519121 34.373556 9.018986170651218 9.160597005942023 1.6915414649727392
20100.0 10.079841 23.638847 9.353342709251402 9.355885255262892 1.6229432859480555
20200.0 8.899817 25.437979 8.099154725432152 8.185634932643795 1.628749853419754
20300.0 10.421910 31.005333 9.252066038480729 9.358872865367323 1.6553784361525317
20400.0 9.319227 28.467430 8.312215682490356 8.407177000162873 1.6081616320715473
20500.0 10.420149 32.246482 9.183302001845108 9.29143997286375 1.6471834476458336
20600.0 10.707230 30.482605 9.581357643815283 9.65866704641948 1.6581270155817522
20700.0 9.688791 29.516356 8.683143871816073 8.787506105060677 1.6487167441217254
20800.0 9.587879 29.131147 8.511383625942553 8.62786360466022 1.6140616915321275
20900.0 9.971154 25.240937 8.94534764017179 9.003554821752358 1.686453249069578
21000.0 9.514764 29.920538 8.413481140261732 8.540781722500974 1.640709143539194
21100.0 10.029527 26.369370 9.172759722916496 9.237149568141616 1.6104272803136412
21200.0 9.336908 27.571954 8.329503972906485 8.410868873456277 1.629896147517294
21300.0 10.772305 28.228683 9.806205100092956 9.852360076049022 1.6694982453604947
21400.0 8.958323 23.008938 8.37797308184333 8.447179961481062 1.6255436540574881
21500.0 9.005111 25.770211 7.95841192394616 8.040011146323485 1.5873813413012694
21600.0 8.348265 24.238095 7.520141942785632 7.651160216781793 1.6357831698640166
21700.0 8.514933 24.041166 7.812465791553031 7.820375078551897 1.6295074825789941
21800.0 9.101633 25.490539 8.151030562721418 8.269385942960746 1.655408640553793
21900.0 8.482086 20.166360 7.81211196283699 7.845646128446184 1.65578415730397
22000.0 9.539670 30.439306 8.4162385595871 8.568390356733053 1.6221181596856526
22100.0 10.888208 32.195209 9.644551143783682 9.772362154269317 1.7228377570391151
22200.0 10.067387 30.265122 8.869883182534979 8.98793513241227 1.6531264946748163
22300.0 8.497693 21.335908 7.853055148636079 7.916339028659835 1.6431434974212464
22400.0 9.263687 28.427444 8.179051942206481 8.288064137271528 1.6708518213342003
22500.0 8.741201 20.928478 8.029779979393608 8.068838890776096 1.6410421664099009
22600.0 8.342178 22.966115 7.544129633948797 7.568911577831215 1.6283023196709174
22700.0 10.050559 28.166152 8.99292589857568 9.060253312156574 1.6532238332315061
22800.0 10.513607 32.578661 9.319135421666987 9.386898453442084 1.6127199824888498
22900.0 9.360492 31.598496 8.210609595790165 8.320627617412848 1.6654047753360923
23000.0 9.719568 25.632727 8.626920214365656 8.718185780951565 1.6592625038393554
23100.0 9.373144 30.055313 8.397312313909966 8.487513677237647 1.639729441823514
23200.0 10.648580 33.315172 9.253672392079741 9.360225736869463 1.6506860700465928
23300.0 10.026415 30.997718 8.835088473079509 8.930877902215078 1.6617807845668193
23400.0 8.607262 24.984364 7.823635237713234 7.918871908769023 1.6064228634235609
23500.0 9.256600 28.587991 8.232621580596534 8.345097019474153 1.6502330687328355
23600.0 8.059579 23.703175 7.428885229669364 7.4547087443387 1.6141275889816842
23700.0 9.774132 29.142760 8.8074464320418 8.925075261634433 1.6244183887973729
23800.0 9.777855 29.241408 8.82937861176537 8.927961700126078 1.6606333918251968
23900.0 8.859657 23.099035 8.138103163024006 8.211715421445053 1.638722247073325
24000.0 9.986117 31.040261 8.662928331039762 8.792672915639903 1.6224240484489871
24100.0 9.042073 22.437656 8.253904389229136 8.276414316031262 1.6626736909614008
24200.0 10.499913 32.516351 9.300211385546659 9.41044188541962 1.7232310554145915
24300.0 7.506959 22.447243 7.025819968552324 7.0782194383162 1.6503377165753623
24400.0 6.348145 17.647897 5.950706156559248 5.977702626214907 1.6941058101550992
24500.0 9.061686 27.831174 8.059530412385014 8.135837004746394 1.619180062040423
24600.0 9.085020 27.958099 8.05950961217765 8.166252568698537 1.6346675770610197
24700.0 9.445001 23.006123 8.479695587615513 8.497483201939595 1.6835670256092037
24800.0 9.542162 27.717159 8.611415516796914 8.648224520012336 1.6372487874163208
24900.0 9.591189 29.770908 8.632112351022203 8.682983903600215 1.6650542784977693
25000.0 9.785117 33.264063 8.514599522281854 8.643313957151689 1.5914411963134425
25100.0 10.190036 31.491082 9.297257353429725 9.36382656873508 1.6508853821846299
25200.0 8.326662 23.178889 7.707738734516487 7.758382066978683 1.6879660551472992
25300.0 9.780415 26.141307 9.226168719830959 9.209673263753894 1.6539710097360634
25400.0 10.113332 29.981380 9.141640659929013 9.202303437266345 1.690954906391327
25500.0 8.537006 21.625109 7.697552836527704 7.754551264136377 1.6358109664542009
25600.0 8.660188 22.014413 8.142553892719185 8.199856949319166 1.5914337323524916
25700.0 9.383777 27.926078 8.575331443049482 8.678053570552139 1.6848142914241504
25800.0 8.811587 23.939536 8.180840036757038 8.254573636281426 1.6802470249362937
25900.0 9.970892 27.969464 8.934115863583315 9.012757291830642 1.6665438301782272
26000.0 8.313719 25.319452 7.1996596334966725 7.296114449158635 1.5749814862611609
26100.0 9.662740 29.451600 8.561775662776974 8.65658270169473 1.6848742823764682
26200.0 9.788503 31.032935 8.742055506654278 8.827840473136963 1.6215834673444964
26300.0 8.922211 21.539746 7.972633207794526 8.02547909085973 1.6490772234842062
26400.0 9.282910 25.675048 8.285611192449975 8.342436930438526 1.613699704730788
26500.0 10.521138 27.974540 9.353115898160475 9.4400909157778 1.6203334189173637
26600.0 10.944406 29.271318 9.773023249536076 9.814802172545322 1.708280871668705
26700.0 10.392582 30.925807 9.202353952817703 9.342666024497747 1.6299785059517644
26800.0 9.457311 25.753520 8.531186376380523 8.582780770066606 1.62468886572982
26900.0 10.623754 30.999840 9.39515960178406 9.548719895163003 1.6407626187238658
27000.0 11.028477 30.130026 9.73633667608718 9.806571886749106 1.6295399884285537
27100.0 10.691991 35.255017 9.316233981892667 9.464478818481103 1.647336927810412
27200.0 11.242221 34.161184 10.063481726335269 10.161917738884211 1.7388042326650084
27300.0 9.316754 27.699094 8.313808956499075 8.420630073825572 1.565777254696344
27400.0 9.677612 28.869651 8.559123446817868 8.676109947009039 1.6527501801354014
27500.0 9.414210 27.014633 8.548193774092026 8.603696900966693 1.6255274551832648
27600.0 8.160565 21.616027 7.5126280469296995 7.6024389601523765 1.5953276898042112
27700.0 8.728937 24.798168 7.824959468823805 7.887260575088285 1.6117048752543142
27800.0 10.786037 29.641499 9.75115479915853 9.83405161620046 1.6599823381038123
27900.0 8.908566 25.877784 7.953011390229559 8.082842348198875 1.6253509700270672
28000.0 10.483634 29.671550 9.292514381192463 9.407113297652367 1.6922917751499713
28100.0 10.097788 29.477534 8.984615361771187 9.094059294482111 1.646927835757843
28200.0 8.510632 27.124158 7.7054239395345725 7.795985105018753 1.6509250491811742
28300.0 8.430206 21.106983 7.669517542839021 7.756105956906686 1.5867621719223952
28400.0 10.112161 24.793915 9.247528050845641 9.29860907293288 1.627602848359117
28500.0 9.863908 29.794426 8.870503357348426 8.944713027951972 1.6876800898487572
28600.0 9.375422 29.842191 8.307426948375554 8.405087533332326 1.6432882228349222
28700.0 8.967626 23.445529 8.318319071331294 8.387044642018909 1.6701898283148469
28800.0 9.758258 29.130232 8.675669042750933 8.781359481840148 1.674926567938421
28900.0 9.510957 25.309588 8.642348473214318 8.639880552529384 1.6579015977944258
29000.0 9.221221 27.341560 8.240179890802498 8.389299098985164 1.6185651964047356
29100.0 9.127016 25.142213 8.29742637054206 8.346871979584414 1.6361297657394862
29200.0 8.260551 23.326800 7.440698240820175 7.543072353545404 1.6478070251762003
29300.0 8.163299 23.853904 7.293935398916571 7.38715821204174 1.6063933127417267
29400.0 9.088291 23.062823 8.272239751479384 8.35070448579383 1.6345424716269439
29500.0 9.647637 28.912530 8.321031377586396 8.3946625058263 1.6224225190500747
29600.0 8.490065 23.757486 7.971275425271123 8.019165515209263 1.6759065356416682
29700.0 10.014110 28.590912 9.156654179590767 9.271158833534285 1.6645609363558256
29800.0 8.775562 24.069712 7.881492327583648 7.961643378938771 1.6420348330680044
29900.0 8.418023 24.171793 7.9408109069525254 7.951481439766718 1.686605696866921
30000.0 9.368961 29.035004 8.301147427556646 8.419254590007533 1.5815104613972644
30100.0 9.736873 25.790469 8.67109182486084 8.727594068286821 1.7053687626359078
30200.0 9.638639 28.539494 8.564672980052002 8.65724063370089 1.5717590676179871
30300.0 8.634115 21.698553 8.174250872239163 8.201805447977636 1.6531308835024343
30400.0 8.662048 22.900910 7.989227797897443 8.075465613267898 1.6569250516466165
30500.0 9.560996 28.471145 8.704791693211446 8.799797324013753 1.5987244438425452
30600.0 9.995866 25.730616 8.971494062586503 9.038697238578841 1.6899342130633814
30700.0 8.894785 27.557955 8.136360459521741 8.204577557131383 1.6525559767189923
30800.0 11.057834 34.717883 9.766029121654508 9.835308957465296 1.6523177859896412
30900.0 8.784479 22.201007 7.993293719415986 8.047385762339028 1.6589193300280898
31000.0 9.628131 29.009726 8.746947597076735 8.870296400268284 1.6456595927274655
31100.0 9.546706 25.130472 8.8951945642534 8.912862901614153 1.6766619685041435
31200.0 10.271021 31.601264 9.235546760688807 9.28959982428369 1.6517119529926179
31300.0 9.446297 23.163030 8.844756882962816 8.912581560035509 1.675723701653728
31400.0 9.336079 25.526513 8.607419013659651 8.650294605849574 1.6473494906669293
31500.0 8.065180 20.944101 7.589982878941773 7.649045281727387 1.6133542455962384
31600.0 7.927406 19.353051 7.525209193267863 7.585088291841822 1.6355121905789527
31700.0 9.319682 27.007458 8.365902633381824 8.449535825746468 1.6246201953266763
31800.0 10.388106 30.028997 9.324273702899118 9.395111191067269 1.696220170372896
31900.0 9.875709 30.151967 8.797215087424604 8.884975197737687 1.6598397763386399
32000.0 11.158805 30.571600 9.905364691325763 9.975800996511921 1.6421379225205064
32100.0 10.401282 31.083804 9.220810356762522 9.321220594577975 1.6404746188180548
32200.0 9.461889 28.839764 8.325003891566997 8.431795920861642 1.6562098821428122
32300.0 7.373796 15.867480 6.985246006994101 6.95674214747999 1.6430534550290548
32400.0 9.378251 25.251585 8.570745446889337 8.618498598462871 1.6391039621710595
32500.0 9.776310 28.083949 8.636819640665184 8.737124453753546 1.6225090706008065
32600.0 9.137487 23.779105 8.447619256688178 8.513936414849237 1.7039590739343988
32700.0 8.824005 27.005955 7.882366532413414 7.945911963484368 1.6517442935765665
32800.0 9.698408 27.866832 8.767739890744124 8.793764733997834 1.6333956878835465
32900.0 10.554984 30.761206 9.52307710612867 9.565992890101759 1.701323017990682
33000.0 9.702088 29.738784 8.609353590065062 8.70705661024358 1.632309537298107
33100.0 10.933699 30.832274 9.630025853587865 9.736442714514395 1.6242773769878722
33200.0 10.396227 31.285352 9.334643360152064 9.389582254298132 1.6170359321979375
33300.0 10.269535 28.248474 9.172587098845701 9.244302120345324 1.657551291034022
33400.0 9.660171 27.290097 8.655089172812424 8.722994140332471 1.6322257084174348
33500.0 10.282863 30.550723 9.1721327186084 9.25726671449157 1.6605388367742298
33600.0 9.241028 23.971101 8.377786507655046 8.467723889075536 1.6385276661683874
33700.0 9.612117 32.293452 8.40056184875991 8.604183849219519 1.675661643259955
33800.0 8.982091 25.108056 8.2823554318979 8.335876824945048 1.6054726501631635
33900.0 8.808655 20.189341 8.430329357485796 8.42505574776702 1.7008746322150772
34000.0 8.662481 25.213731 7.779187564067954 7.89881224780499 1.590717416585065
34100.0 6.868591 20.657874 6.102937049930697 6.138952023744837 1.6324748631217967
34200.0 8.149169 23.787105 7.520897417179294 7.58075526633058 1.5961736133957134
34300.0 9.349472 27.157946 8.32218729969831 8.37452107234055 1.6650592150442869
34400.0 8.189985 19.964750 7.818219716825508 7.888101886617841 1.6267631157913733
34500.0 9.095099 22.798366 8.48730995071671 8.522178879775794 1.6236560560303106
34600.0 8.121673 20.086673 7.429286149274543 7.566041896922583 1.6017611991225424
34700.0 8.182696 25.735454 7.321364373679105 7.403921424084845 1.6424130886588606
34800.0 9.369872 28.906885 8.271034261667237 8.355550213237539 1.6159844015923952
34900.0 9.451629 27.912258 8.634807984235536 8.669786981596552 1.6334699627665985
35000.0 8.233568 20.631379 7.632103401237445 7.665881119029842 1.6440989255813
35100.0 9.045180 26.372489 8.155625204584405 8.291569048540174 1.6572660347146142
35200.0 8.657922 27.000472 7.5496459652122105 7.6281301137951365 1.6923961767697968
35300.0 9.076472 27.792362 8.057942000567111 8.127769433531373 1.6270600138184121
35400.0 8.270133 24.645026 7.338200322645232 7.414748565181465 1.6315611254532845
35500.0 9.874862 28.455494 8.853626191603365 8.928546231454906 1.6473706402597936
35600.0 9.885356 31.413896 8.688103700278566 8.770557620963716 1.691509163208338
35700.0 7.779327 23.977439 7.036303408227086 7.171242220330437 1.6562293140271154
35800.0 8.682751 21.315587 8.02191302724701 8.10055908601441 1.6620491306495644
35900.0 9.161599 26.933955 8.422969331301918 8.48187040259883 1.6594226344367518
36000.0 8.708575 24.222840 7.971251964283287 8.058444058120331 1.6309550832762563
36100.0 8.596031 27.101490 7.959094398346718 8.011798180579634 1.6400431180389725
36200.0 9.520410 28.420130 8.495486623852322 8.564256315233793 1.619504580000155
36300.0 9.386833 28.062695 8.308925242727947 8.42085656864493 1.6759244604158576
36400.0 9.685471 25.698815 8.646828559080333 8.714572093551638 1.6603315575921123
36500.0 9.908301 27.114295 9.221589082278147 9.262403244441629 1.7041445812030624
36600.0 9.233792 23.656103 8.488441512964972 8.564037822759989 1.5802277213462608
36700.0 9.696442 27.301181 8.782769153924185 8.825768693806044 1.651688837044024
36800.0 9.233912 26.743168 8.277985609186587 8.32820930168042 1.6440618930493727
36900.0 9.540897 28.978793 8.516924828202905 8.597114686331018 1.7028091332166917
37000.0 10.167561 28.785764 9.168234019811495 9.307043336763327 1.6580369491695666
37100.0 9.262821 29.509194 8.20177811641597 8.249014864018326 1.6104187397357905
37200.0 8.496648 25.479975 7.907830082675498 7.930244257208814 1.6531792719796494
37300.0 8.237437 20.811699 7.728277653544915 7.780343806114177 1.6239217058166453
37400.0 9.073606 17.135611 8.797551103149557 8.77345274856402 1.690078396503479
37500.0 6.950866 15.059646 6.592183343982525 6.582345823915967 1.6084466215641318
37600.0 6.593802 12.636156 6.23051641545196 6.31087951020931 1.651691604889608
37700.0 8.157951 18.384758 7.713799615454678 7.776957622962709 1.6719459215618668
37800.0 8.733682 21.651418 8.216916011784186 8.233860397896898 1.6376214178341426
37900.0 8.127907 16.992483 7.760810332992334 7.855449523685763 1.6303015744287288
38000.0 8.316286 23.479343 7.6617651715769615 7.692290084061866 1.661135358500857
38100.0 8.219937 23.652807 7.629719890500362 7.6943787516774 1.6210085599607709
38200.0 7.825891 19.932146 7.395331014304586 7.49233929475369 1.6484478635877575
38300.0 8.162393 17.497099 7.680625405817548 7.741553611952096 1.654175032433995
38400.0 9.897743 28.288893 9.249472537091084 9.30487496531918 1.6494476689411715
38500.0 8.231559 18.808096 7.7987049526338454 7.808752272565495 1.6069612256865047
38600.0 6.821601 19.322482 6.359403228926812 6.421482939796491 1.6680473104986049
38700.0 7.981512 21.886133 7.554782587580333 7.5788011538121935 1.6287000346476563
38800.0 7.776504 22.398896 7.067997874947726 7.157642049307022 1.6595446962379374
38900.0 8.354818 23.153855 7.664249213306039 7.7672067026941285 1.6940133991119413
39000.0 8.957780 22.827789 8.430748106392398 8.501478327536901 1.6223077152681702
39100.0 7.905891 21.315045 7.1910222156201655 7.180794341700229 1.6431637428485564
39200.0 7.949594 21.502559 7.447508941397863 7.4874731056391735 1.6830330048109796
39300.0 9.166580 25.226180 8.476484460110813 8.566601626032917 1.6934637982582597
39400.0 9.255904 26.179864 8.40688089691999 8.450093720182581 1.648220574300092
39500.0 8.933576 23.891563 8.27996638681864 8.357477921069378 1.6433425210668924
39600.0 8.930090 26.080669 8.1125670758399 8.222465340752112 1.6436483302821014
39700.0 8.705913 26.602005 7.717083561733313 7.774801411917813 1.5686286277196115
39800.0 9.161727 24.690576 8.631210468347474 8.615231184023349 1.6982570152389058
39900.0 8.835800 23.299348 7.935379142981454 8.041309011781651 1.6887357157748133
40000.0 8.730048 24.331536 7.798495674807054 7.87078388627034 1.6459654031169901
40100.0 9.446578 26.103922 8.655390024058198 8.74480619871489 1.5770977988180819
40200.0 8.366367 26.548617 7.696210915413354 7.851105084528267 1.6641903084319745
40300.0 8.766119 21.679943 8.20503080320222 8.207563443172067 1.6483632529634376
40400.0 9.605636 24.912262 8.887407105808284 8.910038204739402 1.671802596701863
40500.0 8.597725 26.649208 7.6900820248093185 7.791352712885949 1.6143948579713394
40600.0 9.641221 27.705206 8.67390269685926 8.696404786897359 1.6310149325914165
40700.0 8.464444 22.738899 7.8739870631031 7.9341248387697965 1.6209954879013584
40800.0 7.819908 18.033114 7.439812838847012 7.488609996537421 1.673846575210041
40900.0 9.189886 25.906182 8.43743128032511 8.48103954135987 1.621829920317225
41000.0 8.832578 24.665930 8.011394913651907 8.097869048899463 1.6620453232400019
41100.0 10.615654 33.413557 9.349531630647567 9.484146378638 1.639685970491981
41200.0 9.700027 30.979160 8.409570452524447 8.562332036508309 1.5677778088411651
41300.0 8.858610 26.927697 8.072249213187327 8.101833611957641 1.644125757828198
41400.0 9.474219 29.085266 8.534099504135055 8.59195083380529 1.6267507180695844
41500.0 8.238712 18.185846 7.501254330209308 7.524588636828046 1.6169199619944643
41600.0 9.144783 25.530201 8.178719949360275 8.228647141039723 1.6624163911237313
41700.0 9.153211 24.075115 8.180802681002422 8.25234246941279 1.6500756184203047
41800.0 7.754321 26.764367 6.721454689229262 6.84370964345832 1.5990715331055705
41900.0 8.144000 25.018238 7.309720372434605 7.4862793826980365 1.6069612348032871
42000.0 9.025424 25.227063 8.208017825077654 8.279999982154294 1.667626002657425
42100.0 9.049571 28.454451 8.179517018299364 8.311163624752673 1.6098698455108615
42200.0 9.257801 26.569880 8.266043592820672 8.32642031241989 1.6785044812106402
42300.0 7.981459 22.305728 7.201026581701511 7.305115173772609 1.6324115880032275
42400.0 10.369069 30.381077 9.24250271758411 9.311961308595123 1.6935622234614607
42500.0 10.281832 28.623473 9.267821841917126 9.366808701780222 1.657084005271185
42600.0 10.006880 30.324996 8.784834349483322 8.941066821210379 1.657049290163179
42700.0 9.303768 24.053817 8.335748135911475 8.431115682951452 1.6185743727909199
42800.0 8.480509 27.152463 7.596632975141454 7.659970754346165 1.65395714359247
42900.0 7.824948 18.436923 7.109279077295675 7.153233466728265 1.614142416391495
43000.0 9.655142 29.127863 8.878627122820768 9.006634943566933 1.6285968251554999
43100.0 8.803806 22.834415 8.072385912163803 8.153612137340017 1.6335987340299145
43200.0 8.671364 24.182626 8.160275611740374 8.186330952683985 1.6292550834266926
43300.0 9.043422 27.956971 7.979034555653388 8.128700171590834 1.6527924892457564
43400.0 8.781769 23.836418 7.897896992627441 7.950711564581452 1.6397032955150956
43500.0 9.268407 28.348850 8.214123254038867 8.285323127872092 1.6583500234902977
43600.0 9.903003 28.799882 8.86437991461661 8.968841984290215 1.6564700873741673
43700.0 9.182009 25.421126 8.637264279690003 8.685018065654555 1.6263923573298134
43800.0 8.795808 25.582399 8.004324516046918 8.048946334982661 1.6487208564861033
43900.0 9.028379 19.282066 8.500045088338023 8.491566318378501 1.5791202116798453
44000.0 10.691240 30.978706 9.400796522110403 9.491920855060012 1.6491819679524033
44100.0 10.350399 32.988315 8.930089914721105 9.09131554438272 1.581723443836863
44200.0 10.227127 29.975456 9.23053106451016 9.331207133215761 1.6521020624910523
44300.0 9.933279 30.702057 8.849453505777188 8.910333032191827 1.6184926762720027
44400.0 10.139476 29.418709 8.870646364620145 8.973066609543094 1.6741336983565462
44500.0 8.201799 20.552299 7.5505516720433 7.605481893671894 1.5652071078040852
44600.0 8.762093 23.109958 8.083488665506735 8.096630065679406 1.6073261121698659
44700.0 9.419985 27.580920 8.610159263802306 8.68163786123877 1.6824828417405484
44800.0 8.034571 23.623689 7.451645881695547 7.499330934055773 1.6600468423825734
44900.0 8.415537 23.384320 7.657270745288035 7.756340496451435 1.632505136240419
45000.0 8.957552 26.830311 8.189633334301991 8.220250093663608 1.622388795000551
45100.0 10.349423 32.146611 9.29710819348683 9.422734052055592 1.6620387223631636
45200.0 9.252554 26.689279 8.333341077777364 8.382035983476039 1.6549690967235655
45300.0 8.504724 23.701901 7.902250279416083 7.938810361376816 1.6581796525530919
45400.0 8.853959 22.488441 8.175332503974857 8.207345769979078 1.6572724377929515
45500.0 9.573597 27.576183 8.914797075498308 8.973065049803497 1.6250183358867603
45600.0 9.350446 31.765147 8.163101521484757 8.266516889887319 1.5903605586103968
45700.0 9.438623 27.495943 8.44930299648482 8.531496415919284 1.684444820424659
45800.0 10.588046 32.553606 9.46727703606682 9.555330004064235 1.7009685311955338
45900.0 8.900250 21.114132 8.254623060204654 8.292645480587266 1.6524820026462108
46000.0 8.552742 27.737096 7.57550012768188 7.713674674259648 1.588949986053933
46100.0 9.058591 23.739075 8.543869611776964 8.562366923233512 1.6257055713849446
46200.0 10.165076 25.683859 9.263296899527397 9.305227205927208 1.6972717618217552
46300.0 10.526572 30.434686 9.447810080913086 9.566623478532224 1.6816897295755255
46400.0 10.035893 32.800561 8.869520976404234 8.95249594437427 1.5781367057802282
46500.0 8.809068 23.777516 7.911320185636364 7.919130067607369 1.6008238936354329
46600.0 9.372357 30.001596 8.205012690288251 8.315825614671294 1.6081024522212741
46700.0 9.287523 25.321243 8.384962930283475 8.460324775752499 1.6697488491506531
46800.0 9.305476 30.018703 8.224214239847266 8.322507630741326 1.6251189884181143
46900.0 9.876790 29.650516 8.890889700741035 8.99610145870675 1.670877270299319
47000.0 9.031783 24.502621 8.25659539850626 8.337766793251662 1.6306298103627
47100.0 9.367902 25.036542 8.561839828428088 8.608245031317406 1.6861915292675727
47200.0 8.244448 24.671416 7.654462806575247 7.732698582044994 1.6789068952392299
47300.0 9.432004 24.349947 8.718422651027858 8.794128785377229 1.5997563895368367
47400.0 9.338681 25.843241 8.209506273178802 8.275516260169429 1.6697915338427924
47500.0 10.356084 32.391660 8.991399954950843 9.145158452108063 1.6265559448361626
47600.0 9.004162 25.525860 8.039148088399275 8.120137792774065 1.6091357621459363
47700.0 9.954720 29.099311 8.834330237686357 8.911168133100938 1.5772937219527703
47800.0 9.504183 23.739830 8.624927495982757 8.682354211568587 1.6356269006893496
47900.0 9.338995 27.754487 8.302216474387683 8.327323016732096 1.6430983493166542
48000.0 8.828757 27.674370 7.733985052139997 7.8540466199729035 1.5649216277039555
48100.0 9.386456 24.480642 8.63748934968731 8.652613776710513 1.6386693588052856
48200.0 9.774141 27.079223 8.910305871436012 8.968717985868121 1.674895873137539
48300.0 8.648136 25.244203 7.890491141755955 7.968468454864446 1.5925072646647156
48400.0 6.998891 15.672829 6.676158493664814 6.757655704693535 1.5914273264786263
48500.0 8.579501 22.050063 7.986552069956696 8.081950111147245 1.6680850725219831
48600.0 9.496774 27.244665 8.614654577802527 8.701775028910815 1.585189236808464
48700.0 9.640637 28.460563 8.69415952533099 8.858908916538667 1.6291822200857276
48800.0 8.961498 24.444131 8.249684076114034 8.315598025227807 1.6261878774655842
48900.0 9.757714 29.072931 8.691610629993173 8.790385776784436 1.6338540493076519
49000.0 9.550537 31.101208 8.481583391792576 8.547607430025774 1.6309779432785534
49100.0 9.812525 29.846093 8.811268730327852 8.92384221586497 1.6469830780028023
49200.0 10.305662 30.916188 9.118406625354694 9.240810853634578 1.6403855268852514
49300.0 10.355526 32.149079 9.258284952332401 9.331601313950276 1.6368467087340313
49400.0 10.477883 33.959354 9.148208416423449 9.283446418335961 1.6031469098916493
49500.0 9.568999 26.847810 8.559224914697866 8.636199394948438 1.6335948889330596
49600.0 10.288901 31.473598 9.036475658025989 9.183626299586399 1.6754716463221762
49700.0 9.361011 25.915888 8.638631403393692 8.649297158792987 1.675280719596081
49800.0 9.115142 23.254090 8.258339538051073 8.376488888756876 1.6116493323235717
49900.0 11.512673 35.257579 10.305346520520533 10.439401443775035 1.6231056304483777
50000.0 9.058625 25.937370 8.102792600944378 8.209935508798011 1.644897379066293
50100.0 9.335840 27.863693 8.299398816970948 8.377417772356393 1.6421470108628056
50200.0 9.751556 28.054354 8.734183659046398 8.783686582431823 1.6504825968859151
50300.0 8.896317 24.602179 7.981110764768163 8.053334323050317 1.6710439974110003
50400.0 8.594635 25.449828 7.736504394012355 7.804012816791525 1.6414981176937105
50500.0 9.953678 30.784501 8.865517849315824 8.991834397503581 1.6473149111204894
50600.0 8.733309 22.202946 8.16015396712939 8.184481702745408 1.6113148047199997
50700.0 9.825454 27.742277 8.870526354923877 8.87055522686846 1.6580395653869897
50800.0 9.585612 29.009748 8.488628712250986 8.654555904212273 1.6573891102075675
50900.0 8.315885 25.378103 7.440783571498139 7.523706742149809 1.6133944798845157
51000.0 8.356491 22.886649 7.52663900804235 7.5528712256407085 1.6505020027834134
51100.0 9.635297 28.722345 8.830719616463936 8.975918375732968 1.6843931810573234
51200.0 9.086801 27.664460 8.179167916924197 8.256647936200567 1.636611803730966
51300.0 9.817478 26.941911 9.082917721882437 9.112418185266804 1.7113264744595678
51400.0 8.089245 27.382164 7.259663720116674 7.320920343962113 1.6566242469584551
51500.0 8.757227 28.075447 7.768616505700464 7.871575445055102 1.6914531541551763
51600.0 9.717030 26.476732 8.647888985169347 8.76342075381065 1.632714070897668
51700.0 8.012232 22.946535 7.500359446752306 7.544475377187135 1.643949936991392
51800.0 9.701540 30.443429 8.771065833469555 8.895640885996874 1.6284031794058589
51900.0 10.166444 30.782907 9.120563059065761 9.198912740857939 1.6552739234338356
52000.0 8.537663 24.828776 7.7647926769161995 7.855832062578934 1.6131728761947486
52100.0 10.270712 29.016047 9.139636657073092 9.2428852961613 1.6696692469065186
52200.0 9.167704 26.109683 8.193760154336243 8.27311403965354 1.6697577629259237
52300.0 8.296606 23.786892 7.727770942993622 7.792613078487228 1.6448961613352646
52400.0 8.096724 23.825762 7.322524565268316 7.383677296750217 1.70657776046831
52500.0 8.758273 27.463166 7.98258848472002 8.11691415240799 1.6539236199192078
52600.0 9.019709 28.229992 8.043719980929682 8.159316302622818 1.604094177269491
52700.0 8.792495 25.572367 7.96697710318504 8.033692437050249 1.6249370283516398
52800.0 8.090576 23.223341 7.295415391202475 7.349396739499941 1.6033149159711833
52900.0 7.934577 20.034428 7.402292411900382 7.4394317134641845 1.590997401814158
53000.0 7.999159 23.743173 7.074585473608895 7.119569527933973 1.630344375775779
53100.0 9.494111 22.679483 8.718204520231932 8.727495277564014 1.6204165734679337
53200.0 10.289838 29.891425 9.337136729710188 9.426219016482918 1.657893343770765
53300.0 10.360605 30.543452 9.330445926654109 9.39527047223802 1.654998915469052
53400.0 10.097722 31.232076 8.995985373494854 9.108372749757681 1.6718477069825015
53500.0 10.569054 27.813138 9.402409287751032 9.48487159328645 1.6630763033062643
53600.0 10.295055 28.933925 9.270451580805178 9.321125615814598 1.601632484213143
53700.0 9.845291 29.744335 8.78975466569126 8.868510670175615 1.6249220470932109
53800.0 8.632709 23.906232 7.826764215448926 7.911064266229029 1.6728627385090304
53900.0 9.252246 26.658481 8.221066223433452 8.369289587346389 1.5906062436406516
54000.0 8.793656 29.488399 7.577699624534268 7.71514379895201 1.664747660243297
54100.0 7.497702 18.903684 7.060346699873695 7.095935997878927 1.6914081643709764
54200.0 7.384125 15.481449 7.036567625719315 7.100549416339167 1.6251518166635153
54300.0 8.278723 24.747793 7.474537449269444 7.495179694043437 1.6011830971360943
54400.0 7.667876 20.595875 7.067449010605236 7.138712525027649 1.6358586767967807
54500.0 8.778631 19.617508 8.298865679114918 8.327339212806516 1.5995137655057314
54600.0 8.525676 22.276685 7.967258241735511 8.047143471323261 1.6403962116086364
54700.0 8.590242 23.384877 7.908619403783621 7.986332390159929 1.677967889714442
54800.0 9.856751 28.251378 8.65876353808425 8.747437020524679 1.6107090435356959
54900.0 10.469285 30.841488 9.316616723825094 9.413824501032957 1.6612272141566158
55000.0 10.292762 29.767219 9.277508779924972 9.32916693449911 1.6229711579764536
55100.0 9.000103 25.293557 8.246772959407066 8.311110369321844 1.660422760336396
55200.0 7.508338 22.171665 6.97180927546829 7.043516421875951 1.6313961771974947
55300.0 9.259451 29.643902 8.178362500918377 8.274030749211974 1.6291102673271416
55400.0 9.570916 28.942081 8.557396028576454 8.660879958464358 1.6204986287930447
55500.0 10.271884 26.480747 9.43631959173179 9.464041974087229 1.6536204374486299
55600.0 9.157537 25.889728 8.36418527829393 8.409119124466248 1.6590998915641704
55700.0 8.957510 24.362889 8.117381582803674 8.178724048859257 1.6336245064792556
55800.0 8.843533 26.678352 7.691012907078696 7.777899314699472 1.6341579434766513
55900.0 10.560041 33.393681 9.20335589166838 9.396977427514589 1.616057199309373
56000.0 9.759721 28.283021 8.77235419344245 8.79636837328698 1.6463441886813583
56100.0 10.490187 32.451554 9.193295471340816 9.296886993321081 1.6839127536359448
56200.0 10.288187 29.145412 9.024640809281964 9.150832088165886 1.6357523353226138
56300.0 9.188627 24.652129 8.29522782991289 8.336857171631724 1.68774152075645
56400.0 10.593430 31.689110 9.428501134803264 9.51368638363497 1.654534060654192
56500.0 10.806922 29.387419 9.473737333020821 9.553018569608751 1.6559414454337416
56600.0 9.094147 24.366064 8.245688067244124 8.272996135640389 1.6495259714215258
56700.0 7.647579 22.024886 7.1432988638853985 7.238316096122737 1.6880458841789385
56800.0 9.326006 28.649980 8.296457623067795 8.394201483162888 1.6180441157453629
56900.0 9.477135 27.996504 8.611529646145797 8.726291830956642 1.6211123108160175
57000.0 9.533744 29.629106 8.417931672980105 8.552044420811537 1.698083822291814
57100.0 9.021922 24.371224 8.0657395014285 8.171926744894948 1.6154282041212644
57200.0 8.158884 24.699277 7.374006910628485 7.4366668458502465 1.6327697654347795
57300.0 9.699625 23.858885 8.891029426304614 8.942224244220014 1.713816667479377
57400.0 8.833585 25.989445 7.87674790890678 7.943538207710797 1.649683423794783
57500.0 8.983363 21.278132 8.298112415173977 8.377072958720616 1.6247267812441468
57600.0 8.132187 22.330373 7.459211874504645 7.529709416475279 1.6589684447426416
57700.0 7.251497 13.789646 6.959676168573184 7.000299194018191 1.6502651929473704
57800.0 8.884040 24.072827 8.083927740174124 8.15442136146012 1.6316589298524697
57900.0 7.619940 24.877111 6.830957705845094 6.872118157646035 1.6183582579439244
58000.0 9.016475 26.889082 8.070514724661537 8.126104060535207 1.6715893538415352
58100.0 9.151181 23.563966 8.441309699205222 8.518952201921708 1.6743662145603346
58200.0 8.171813 19.498581 7.399351140688418 7.464508552745192 1.599444841328559
58300.0 10.242235 30.298427 9.091917354722462 9.198899020947513 1.6081338221752168
58400.0 10.120019 33.318093 8.973186379410839 9.131794655650166 1.6978056884973562
58500.0 9.932369 27.085210 8.78260299118489 8.872285146306321 1.6716931040963279
58600.0 9.635002 26.261179 8.630098106312724 8.692217848077648 1.6619983645324132
58700.0 9.689643 26.384688 8.729846069676892 8.753992581874076 1.6962510345031028
58800.0 9.797644 30.622201 8.707204786385597 8.823661018666522 1.6569084874410305
58900.0 9.583981 28.338442 8.666565487851388 8.726838746336027 1.5832726829693555
59000.0 9.676009 28.212108 8.497794602521589 8.596462998137268 1.6187223811018636
59100.0 9.228071 29.484515 8.156136757322077 8.263149858511616 1.635439693888256
59200.0 8.339904 20.733347 7.61593279209322 7.6630572351462085 1.6803510549847454
59300.0 8.650468 25.507424 7.686475765098215 7.786970509583907 1.6744723712123768
59400.0 8.470168 21.338304 7.778707686855012 7.8085879151193485 1.6959938500158676
59500.0 10.375448 32.501844 9.31724408779483 9.422161069355726 1.6510030593450058
59600.0 9.086217 28.367855 8.181672754389096 8.290226539830634 1.5776092274991063
59700.0 10.788235 31.395285 9.498493914481767 9.574030949718443 1.6820405724884833
59800.0 9.160503 27.902155 8.123682211841713 8.182568192940275 1.6553353015059649
59900.0 9.217896 26.969749 8.079561634218438 8.15491926275579 1.6379493527524494
60000.0 7.918054 20.072408 7.223097373054873 7.2697353059763845 1.6354853453084048
60100.0 8.795920 22.319676 8.06194772567513 8.112324718184347 1.6023718935493627
60200.0 8.994068 24.047312 8.461495282280376 8.54993463585142 1.631917319803817
60300.0 9.243281 26.052235 8.30239526457255 8.413829757693096 1.63577669626727
60400.0 10.860477 32.665078 9.675452088190605 9.760682504264373 1.70867760868068
60500.0 8.929851 27.462665 8.133461851066485 8.164097914382692 1.6597310937513194
60600.0 9.322281 28.964092 8.272865944723538 8.359451942551964 1.637732722961359
60700.0 8.402866 20.358806 7.937459605384112 7.987394769939285 1.6521156171270308
60800.0 9.902431 30.482719 9.029605964928614 9.14059950997217 1.6682815345578332
60900.0 11.058517 31.463058 9.81275824291832 9.882348067407198 1.6218646622428123
61000.0 7.623038 20.175124 7.05105035491555 7.143008340869996 1.6640419514159481
61100.0 9.402361 28.208340 8.309590632927728 8.397458240012433 1.553695834996548
61200.0 8.803103 23.498551 8.130933540622818 8.197825949837075 1.5878190753441916
61300.0 10.236663 29.598639 9.485434698077649 9.562603326507753 1.6354946783583855
61400.0 9.357426 23.671655 8.726106856153779 8.847422635411007 1.6473460286507844
61500.0 7.961105 22.729955 7.255827959722146 7.295853093680379 1.65081782812247
61600.0 8.177813 24.383284 7.210713960891992 7.323919462605231 1.6060428375878812
61700.0 9.056878 25.782823 8.31946211186408 8.320219561750454 1.7079998094342375
61800.0 9.454251 24.916205 8.504443679381858 8.582768989826022 1.6480939609821332
61900.0 8.463649 24.139233 7.6930001096124565 7.812163427927646 1.5839672344380762
62000.0 10.390003 28.200501 9.266069454127326 9.348841665906132 1.66055069685228
62100.0 8.390890 22.520266 7.515400919512715 7.532020551473285 1.627711088890676
62200.0 9.881329 29.041097 8.928772112191256 8.99106203983318 1.6835203726803736
62300.0 9.657526 29.909865 8.75160123288697 8.868801475534397 1.5646191366820763
62400.0 10.504689 31.708104 9.40398611042054 9.502284799837511 1.6354559622506386
62500.0 8.600069 21.065867 7.983685881557608 8.014878180239387 1.6711999105466648
62600.0 9.353576 24.648531 8.771483382770617 8.770307416500286 1.6560836593169064
62700.0 8.130667 23.310370 7.415367200099215 7.56339689762675 1.6471987048950585
62800.0 8.228094 20.698170 7.526818466120346 7.5327498617066295 1.6768638142553498
62900.0 9.084776 23.973695 8.463126917875783 8.463892436855462 1.623743796902684
63000.0 7.468328 18.432409 7.003259705033381 7.009141159227707 1.7111791726054917
63100.0 8.993905 23.204669 8.411807256047668 8.488312575168646 1.5837691702340935
63200.0 9.552047 26.869358 8.445806629225952 8.58302093934911 1.5877293403165862
63300.0 9.393752 29.607295 8.530727561823609 8.679361468265911 1.6567914677088404
63400.0 9.786732 32.098456 8.462406526760052 8.58275376103143 1.6327544904203377
63500.0 9.480861 28.824452 8.445489235196417 8.550115490989178 1.702764280028576
63600.0 9.890492 32.707242 8.700144335875375 8.830280214894172 1.6634205056058617
63700.0 8.697176 23.461379 7.999563917485778 8.115383580145977 1.625502946864233
63800.0 8.448855 24.591913 7.878844313218068 7.9137284704803585 1.617767106250322
63900.0 9.875151 32.181888 8.584404290558028 8.763315384819458 1.6114238374141105
64000.0 9.404722 23.970520 8.511946366564578 8.562169147113663 1.626608210369155
64100.0 9.050063 26.099357 8.143120976043194 8.203675974719546 1.6268790283772938
64200.0 8.989755 29.487055 7.965905555726201 8.097272252299227 1.6165187255645828
64300.0 9.759666 29.438185 8.870609665842402 8.937743875938395 1.656309889997015
64400.0 8.413229 20.318056 7.937237757393073 7.985791226928355 1.6518921308019427
64500.0 8.068729 21.224191 7.624154743129887 7.671025402896371 1.6844433229725095
64600.0 8.793503 25.556048 7.771623118325407 7.8575506231430605 1.681574420841884
64700.0 8.008063 21.517098 7.297736992942492 7.351679919603578 1.657234755172475
64800.0 9.610413 27.511468 8.516572437835418 8.624009405533675 1.595115214776523
64900.0 9.551796 28.636358 8.469278569203109 8.53334401328292 1.5694367173829453
65000.0 8.385367 25.120923 7.80972311655454 7.9024206167270625 1.6750649918831721
65100.0 7.146320 16.355894 6.7037430125684585 6.740113115979934 1.6666049542992276
65200.0 8.623466 23.471267 7.824414144619024 7.896929359606792 1.556729855968579
65300.0 8.973328 27.752517 8.294087015876126 8.371645778381467 1.6556421142391515
65400.0 8.884150 22.583977 8.242214635755733 8.258950792272568 1.632385072866163
65500.0 9.433460 27.168881 8.446125077830551 8.520258600084134 1.6712025809319486
65600.0 8.228368 20.536861 7.696487538932541 7.767023274645699 1.6402063259033168
65700.0 8.379688 22.872115 7.55014742120579 7.661537694183832 1.6178789318113591
65800.0 8.578942 24.960091 7.778617048858048 7.808162125508674 1.6765656876401673
65900.0 9.353236 25.551657 8.624961740022611 8.72487867205064 1.6618456844082312
66000.0 9.248729 24.735834 8.427436025691836 8.479937453313708 1.644482098024967
66100.0 8.441576 24.529593 7.538131088315617 7.627804354910022 1.5770114750200295
66200.0 8.739541 25.732120 7.7476790546005825 7.845090166980004 1.549435273211219
66300.0 9.724501 29.388777 8.653444562004397 8.786097117554197 1.6523153094459135
66400.0 10.183332 30.581790 9.101680245117588 9.15240636842691 1.6899715263938513
66500.0 8.020110 24.778103 7.006452114270438 7.04903106464702 1.6653794019989563
66600.0 9.588223 30.512982 8.466985858799323 8.569799467055308 1.6729297901084672
66700.0 10.244733 33.121651 8.821126262532935 8.96279447672288 1.6267134025749306
66800.0 10.030159 31.232573 8.846410975237795 8.9248616842491 1.6167080242498595
66900.0 9.582641 24.016381 8.723398879099303 8.779169027013209 1.6506950585920335
67000.0 10.358580 32.852351 9.135021208718946 9.204992710456365 1.6820332753556735
67100.0 9.141517 25.761150 8.012830996872879 8.082667394860648 1.6740159383658673
67200.0 10.048712 29.431952 9.073797398904674 9.117359980629084 1.6559332344093414
67300.0 10.050786 31.104425 8.876766067156975 8.941908513297676 1.6331609580012203
67400.0 8.836126 25.471582 8.097407369073247 8.172185362679516 1.6517833673723326
67500.0 7.727204 22.352608 6.915088130779368 6.947492286110386 1.6529426605656943
67600.0 9.738427 30.366857 8.719204457676831 8.848540755094918 1.6259793935405382
67700.0 9.528360 28.019538 8.60311117093539 8.679471037309954 1.6341252829397739
67800.0 9.853706 27.861938 8.904706434512521 8.984022685120902 1.6265155471904613
67900.0 8.976707 23.544258 8.11192171706911 8.182298190779173 1.65930795506894
68000.0 8.705119 23.560107 7.928638798127435 7.970153001275789 1.5711257777759733
68100.0 9.117266 23.204692 8.325254549802894 8.381794722794787 1.6439549068530288
68200.0 8.972266 22.063343 8.290626387959653 8.314782485263818 1.6442426395285143
68300.0 7.969968 22.476962 7.189038118724933 7.237045108928634 1.62749199642366
68400.0 10.485765 32.103044 9.351542115720388 9.425299201633244 1.6665617193240363
68500.0 10.849350 33.793892 9.404242164646467 9.539636123262003 1.6563267448716588
68600.0 9.505370 25.570600 8.486764803890978 8.572242091378879 1.6227045810378842
68700.0 10.795348 32.457034 9.608791090907479 9.736391301887066 1.718525263935941
68800.0 10.316057 30.753756 9.2309701169886 9.319852336029985 1.6159776160715185
68900.0 9.906256 31.480215 8.577030906758234 8.715545753185424 1.5467119682104564
69000.0 10.715528 35.271092 9.531231759255627 9.663586354115663 1.6470134874570472
69100.0 10.079720 29.126213 9.058175338896282 9.160371577242191 1.6046203997964057
69200.0 8.019799 21.163878 7.324557026461942 7.364564517181266 1.6200693822999583
69300.0 10.241043 29.369275 8.927385682068119 9.058738779694975 1.6648874196345216
69400.0 10.094191 30.716406 9.000557020117197 9.113843775550874 1.6844374547598011
69500.0 9.045573 25.751536 8.482460545594654 8.574871644888185 1.6737042956085164
69600.0 8.481029 22.762906 7.65102445371866 7.710988452048996 1.6149515941116532
69700.0 8.724497 23.644783 7.829228445528435 7.883743425124136 1.630477692760435
69800.0 8.571732 22.839788 7.985871360590999 8.016706267367573 1.621126949359973
69900.0 9.160822 28.819237 8.296019841734772 8.367218756388569 1.6625110890624328
70000.0 9.427925 27.650102 8.600117681956702 8.704250725320922 1.6202582041695373
70100.0 10.493936 33.582889 9.423158819425616 9.473710268177477 1.6858350300179157
70200.0 10.828833 34.714882 9.550339353538618 9.646442219487659 1.5894600273542274
70300.0 9.148044 26.782187 8.200230471960548 8.260868272470153 1.6321273024019074
70400.0 10.183561 32.815881 8.972300851249576 9.033336447056474 1.6390578063985173
70500.0 8.487937 26.405126 7.594671775308949 7.6775288996819375 1.654703133483892
70600.0 8.288166 25.463352 7.352680470546799 7.424572782775895 1.685943590272636
70700.0 9.559456 26.461031 8.473113141377494 8.545616183024384 1.7129656751360167
70800.0 8.765365 26.438728 8.136943130194643 8.180695329376745 1.6463559741093545
70900.0 9.295321 28.234769 8.435388067777218 8.592106747880392 1.7220531897426534
71000.0 8.916016 27.112412 8.005580139117482 8.133461754422065 1.5581634669360842
71100.0 9.476709 28.367739 8.576762619019442 8.699282376831688 1.61362815452235
71200.0 8.487376 25.398476 7.486146639072021 7.579138571874525 1.6253807072548312
71300.0 10.217244 29.135327 9.047812954159221 9.139982838298621 1.6418432513866112
71400.0 8.397949 26.217071 7.434599468652324 7.537119243986263 1.6580910944879568
71500.0 7.951389 16.527166 7.578973505632524 7.567451868359057 1.6525828192162846
71600.0 9.015278 21.142794 8.276903132499159 8.313604694162773 1.6498074874597297
71700.0 10.000140 26.082306 9.210831339232467 9.28026895231288 1.639821763558134
71800.0 8.829961 24.539630 8.001081837109773 8.082601066199661 1.7021347774595823
71900.0 10.395342 25.480233 9.732867743442517 9.827495766459867 1.6624523806007507
72000.0 8.730617 22.146920 8.062346857640607 8.173254013769988 1.6198630637846998
72100.0 8.680583 21.230311 8.009684685116804 8.03241288312605 1.5955822611410801
72200.0 9.103440 25.903557 8.240310560552981 8.353606309376534 1.6033438262290949
72300.0 7.938322 24.539865 7.156918257577812 7.250122726008407 1.667666716414238
72400.0 10.421892 33.057231 8.882367993812656 9.000810842905388 1.7214061786565156
72500.0 7.424116 21.576980 6.7809263024770825 6.813467649293545 1.668292521079316
72600.0 9.283788 27.380683 8.488675993608117 8.592874471499883 1.6184350668377483
72700.0 9.649284 31.199343 8.46173268988143 8.582270430388544 1.5678184482949047
72800.0 7.500288 23.907924 6.675026780371286 6.7136385863883525 1.6770939360001864
72900.0 10.189691 30.636311 8.95282166100469 9.04878296886382 1.6300423729580507
73000.0 8.785342 21.482413 8.062425113026347 8.125367296387033 1.6053420202567894
73100.0 10.253011 32.263131 9.27485623684746 9.393965046687693 1.669499185958158
73200.0 10.248519 25.023791 9.422598586357191 9.472746473698741 1.7284871904411123
73300.0 10.071050 29.385836 8.881917369245164 8.94854012011135 1.6696866458878945
73400.0 8.229614 24.487035 7.549540042479525 7.59486870942581 1.675229045504019
73500.0 9.082894 19.509695 8.763353592001213 8.776620482380714 1.6259218618828228
73600.0 9.817031 26.489828 9.222822850072475 9.245352133049247 1.6886078024571987
73700.0 9.080438 26.270148 8.031376214839616 8.148907829785546 1.6652226943863888
73800.0 7.695326 23.224239 6.887251208829761 6.95570424019895 1.6427576719947097
73900.0 9.220938 29.461756 8.113304897984579 8.222795175849608 1.7049361528550626
74000.0 9.070112 23.383542 8.35498622859088 8.395196056499309 1.638840818366495
74100.0 8.297043 18.593255 7.819491542056648 7.899547493665201 1.6472531831498978
74200.0 9.137919 23.238371 8.60492417195487 8.625977796085065 1.6334794146251521
74300.0 8.335639 23.383042 7.451885524533913 7.506858332975716 1.6139841235698151
74400.0 7.575934 16.323522 7.169752945218387 7.166821450007233 1.6491540008534604
74500.0 8.641486 23.770305 8.238677875867621 8.282263319830575 1.6997374236976257
74600.0 7.275339 16.032667 6.761611928458654 6.785781152095619 1.5627855247509903
74700.0 10.127098 30.453843 9.014189222395968 9.05383470568093 1.6028153783787615
74800.0 10.119399 31.138936 8.980460971420543 9.0968544054336 1.6833069592451018
74900.0 10.104482 30.747944 9.037598112863646 9.093360289309713 1.6373778760434783
75000.0 9.856200 29.121656 8.81983236535178 8.931266830881807 1.6367072790183637
75100.0 8.414943 25.578211 7.594459322223714 7.647362286360337 1.577945786599576
75200.0 10.285147 33.016887 9.269148885780377 9.352694743103006 1.589750707404572
75300.0 9.623135 29.591905 8.752941166072238 8.786745282949838 1.6320129202947242
75400.0 10.932831 34.062492 9.606508102541286 9.717782855083234 1.680732406166789
75500.0 9.459487 32.511316 8.006427020363592 8.17351885141027 1.6533936296123999
75600.0 9.327043 27.210236 8.326610055620227 8.418884592207869 1.5968403401381213
75700.0 8.545144 30.067632 7.163259424391177 7.26313554625925 1.6371844679360152
75800.0 8.298758 23.508602 7.6051503292437745 7.703555988823322 1.6800282597386276
75900.0 10.040022 31.963580 8.794239145270176 8.897018112484421 1.6697456674503373
76000.0 9.815797 27.344878 8.679718449341086 8.765069346362639 1.6697335948155296
76100.0 9.311258 23.843160 8.508254241935141 8.60069487999675 1.65525808516454
76200.0 9.427552 25.877042 8.815569946667944 8.923505804772276 1.6344543768782336
76300.0 9.192592 23.966119 8.475121359323895 8.509140562759598 1.6540491937047017
76400.0 9.078438 23.285085 8.340231939596796 8.40323521238307 1.6420660029391854
76500.0 9.649244 29.509454 8.610966552052338 8.751294632334886 1.7200248581578903
76600.0 8.107971 21.700055 7.608964273084372 7.653063201735803 1.6383260665913257
76700.0 7.670661 22.504209 6.91308942484891 6.972908828904574 1.655032832169996
76800.0 8.502252 20.704394 7.859432866050894 7.855461890561893 1.6234007267338342
76900.0 8.380978 27.793069 7.465003163016005 7.534839217436427 1.62142482491849
77000.0 9.256256 25.094374 8.509410202786185 8.54238055015958 1.6427375956395127
77100.0 10.127906 30.307640 9.258059860480211 9.370670773780251 1.6412013359855042
77200.0 9.654153 26.849128 8.81385977044318 8.894727804898418 1.6790145570015986
77300.0 7.607460 20.727389 6.953760771734614 7.0161465290808085 1.619990087577151
77400.0 9.159179 27.140175 8.322212827815083 8.392557884020091 1.6455084257290988
77500.0 10.212695 28.807659 9.255370039417308 9.331613387216604 1.650320014872192
77600.0 8.093018 26.756195 7.1317871180169705 7.211907366084788 1.6245144048112705
77700.0 8.163233 21.643422 7.55350676483189 7.607454827463243 1.6143035482038761
77800.0 8.190905 24.389141 7.41179945302713 7.575514119975757 1.6371482517181957
77900.0 9.500209 26.172426 8.530652571537294 8.651056189521308 1.6264003982033206
78000.0 9.180789 29.133614 8.262334603858445 8.319887449238967 1.539912882103407
78100.0 9.613861 28.853123 8.817204225371432 8.892911957860665 1.6361307526900712
78200.0 9.938931 27.536391 9.063711782954469 9.171402127585218 1.6438345792055928
78300.0 8.668361 24.695194 7.820572136927557 7.896117253690358 1.6126364295240083
78400.0 9.144187 25.828432 8.181606203455154 8.254978358525575 1.6908130174938931
78500.0 9.059282 25.140996 8.504654572730383 8.533280787767165 1.647101814744828
78600.0 10.245531 30.192914 9.186327215022935 9.27812884937224 1.6197037946400556
78700.0 9.296862 28.076755 8.255772875296724 8.369729514991366 1.5591865439890598
78800.0 11.292378 35.861039 9.902733703328012 9.99968327502438 1.6267787910106069
78900.0 9.218668 27.345323 8.100761702935642 8.19571239764208 1.6610829357358867
79000.0 10.110716 30.684809 8.964205417575384 9.060594993106411 1.7006368108699315
79100.0 9.122399 25.789188 8.241232662900522 8.291078969061747 1.6989900028711487
79200.0 8.541918 23.637145 7.894429095112343 7.946140684524558 1.6259976542830152
79300.0 8.544322 28.367297 7.461925751851944 7.60831620597521 1.6354603298167345
79400.0 8.770651 24.024206 7.981188367939724 8.000903894254746 1.619887772213167
79500.0 9.254172 26.497952 8.484879554469606 8.50685506521976 1.6620330016684834
79600.0 9.376128 27.060740 8.645282569267097 8.724946628958484 1.6488038907412417
79700.0 7.714375 23.501117 7.038580591936187 7.129154602907334 1.647424374361623
79800.0 7.699816 16.610302 7.142103760447005 7.148831812171895 1.6551626417271446
79900.0 8.644995 24.527993 7.8923531714954125 7.942775505691991 1.63681181289089
80000.0 9.371654 26.548971 8.604931718848023 8.70406407788083 1.6717807742554605
80100.0 8.531439 25.509574 7.473423016666906 7.566833884770214 1.6536379773955205
80200.0 7.538974 21.317724 6.996575025570045 6.991415972606572 1.625247891555581
80300.0 7.571871 13.744691 7.266910879327424 7.254881545238001 1.6629914973491124
80400.0 9.093002 25.967575 8.254739464543636 8.313756207538727 1.6473643487433303
80500.0 9.572646 27.772669 8.68717830162226 8.80571184283585 1.6534036702249535
80600.0 9.821003 29.931800 8.74851935786965 8.844858408401397 1.6914372357985963
80700.0 9.730268 27.698710 8.822624167839447 8.870502928389138 1.7053771103008089
80800.0 8.916937 29.957486 7.874936544122157 7.996835925887495 1.6992266669575282
80900.0 8.712295 27.037567 7.59344067479368 7.697044899539238 1.6773260789156048
81000.0 9.111041 28.568735 8.220810354644032 8.311036909594893 1.6080310511976514
81100.0 8.475065 22.816438 7.816519819072455 7.867523483693747 1.6908933772453656
81200.0 7.503678 21.858192 6.80873175784642 6.811316223033498 1.6679550160597088
81300.0 8.488817 22.464387 7.904090784875879 7.969334565452012 1.6658364526837508
81400.0 9.264087 27.066616 8.422960914431831 8.494842902767928 1.6476926057180945
81500.0 10.013044 29.204286 8.857144909365049 8.936295140774499 1.605664123345186
81600.0 9.502272 26.976964 8.637890495937834 8.719956736243613 1.6107445892767813
81700.0 10.914141 33.106621 9.738997377599658 9.835795195890372 1.7140762096645612
81800.0 8.868398 27.239555 8.088266180407047 8.181681004969038 1.6330280808959083
81900.0 8.911145 27.427132 7.977005946520398 8.068197883085999 1.6457359542813486
82000.0 8.403380 18.569434 7.73926768820924 7.725208819385429 1.6364966576852251
82100.0 9.853533 26.300898 8.903843620652966 8.982228306926036 1.634337670589529
82200.0 9.417468 29.566607 8.302129912311457 8.414307630638643 1.653155723645013
82300.0 9.672348 29.009160 8.636426048787893 8.7081540358427 1.572385292046195
82400.0 9.091706 25.851002 8.208604618461544 8.288646673742644 1.6596045104097628
82500.0 8.217323 21.217324 7.659732127414009 7.687385514298754 1.6864772450917722
82600.0 9.889324 27.560545 9.002574131856536 9.055521652323478 1.6682460751821677
82700.0 8.784168 23.987793 8.104741369965021 8.194276489378167 1.6163910034552271
82800.0 9.397398 25.189956 8.359241885080037 8.391041820789592 1.610183905298985
82900.0 10.109243 33.624969 8.828411530250191 8.980783926850654 1.616682462201237
83000.0 8.297339 25.334805 7.507401922011689 7.546078993318625 1.6295132037398476
83100.0 9.179446 24.419054 8.383574866593424 8.502570940932225 1.6093208704314326
83200.0 9.158042 26.091508 8.09797859806548 8.170610945390896 1.612517053786065
83300.0 8.737458 26.758104 7.778844022983054 7.859747043021934 1.6627611653710992
83400.0 9.454150 26.021145 8.567588882966902 8.662864690162824 1.6685961736685833
83500.0 10.204961 31.987391 9.001934166783363 9.15198182538386 1.6367023935410523
83600.0 8.795035 27.032093 7.7850253867495995 7.847871729810617 1.6883758769125772
83700.0 9.891833 26.062174 8.96611895632965 9.058777347177761 1.6283097333412238
83800.0 8.132631 23.142063 7.516689428898641 7.545601865275705 1.6056146943148717
83900.0 8.465861 24.784124 7.760050415814242 7.841160433878793 1.6705253744158992
84000.0 10.280351 26.720253 9.306086387729387 9.429802729362398 1.6756680895669367
84100.0 9.742743 28.992915 8.531221826661707 8.641003661371045 1.6517341788346207
84200.0 8.990536 26.006207 8.212363702824108 8.287414513027906 1.6517317404790184
84300.0 10.058075 29.500317 8.992775904175332 9.020545117840362 1.6795721171676696
84400.0 9.747565 28.381679 8.83289919323411 8.925958947820378 1.6514532215269166
84500.0 8.496028 22.960767 7.682921383785014 7.787580769225853 1.674199049031693
84600.0 8.591667 26.514014 7.825921987193946 7.9614602379200665 1.660522310020929
84700.0 9.537458 26.278389 8.818141621962711 8.842005033025101 1.7163746950767385
84800.0 9.328791 24.351819 8.568477738569909 8.648981283624401 1.7314797477725057
84900.0 9.198115 24.918782 8.240302776207024 8.327388491706596 1.6741032455921139
85000.0 7.911415 18.722174 7.590808189231366 7.592137321526962 1.684493393792221
85100.0 8.942521 26.699990 8.24608650602614 8.298906671668156 1.655392368029105
85200.0 8.016224 16.368555 7.661354635646324 7.682342195165963 1.679510967634119
85300.0 8.962326 23.618408 8.163976862926287 8.191452448113754 1.6695008600555536
85400.0 9.758027 26.547216 8.84958867601394 8.939076750156135 1.6632538028931425
85500.0 10.137143 29.151273 8.808474314507594 8.886970301603082 1.6572240079330673
85600.0 9.363799 30.374472 8.09719968534201 8.266891878870364 1.604176031905982
85700.0 9.041032 28.891439 7.980485911203074 8.09846292861507 1.6424531761404517
85800.0 9.495570 25.065615 8.562937032295403 8.581562739424434 1.6474123888976995
85900.0 9.230324 26.963445 8.307530006351426 8.378664309124092 1.6497746127968527
86000.0 9.848020 29.683376 9.002474340889657 9.127027774855332 1.6112882450400967
86100.0 8.938751 23.395313 8.197023626265596 8.269623126001028 1.680726126043015
86200.0 9.410272 29.186974 8.390899633034563 8.470817402651647 1.6501503011993892
86300.0 9.343672 24.244666 8.376644213215183 8.441055412236372 1.6333892178485634
86400.0 8.964535 23.874503 8.047831877827585 8.103311103244918 1.6405775068532493
86500.0 10.104006 31.730316 8.795185352327469 8.96212533941558 1.634092361038355
86600.0 9.045647 23.036162 8.078163987166926 8.163882330817888 1.6541235206531442
86700.0 10.098317 30.396504 9.198349322244306 9.269419436580543 1.6161309574595428
86800.0 8.543123 25.393469 7.875657511562672 7.929506459981231 1.6287000929018107
86900.0 8.732522 23.625562 7.7808121370621 7.910195868626064 1.6031181104468737
87000.0 9.821512 29.577062 8.863013002769543 8.930552752821779 1.6643926217613134
87100.0 9.696008 29.103740 8.635531335609567 8.770043502033516 1.6672723718202644
87200.0 9.850774 28.877560 8.793072755842568 8.861332759949901 1.6958546527845066
87300.0 10.050683 26.156159 9.196144494695615 9.265337399508466 1.6580803630635947
87400.0 7.480998 15.396630 7.22941090147157 7.212756267743078 1.6422330115546873
87500.0 8.812571 25.255817 8.04259337460986 8.199895472024275 1.6138305091289091
87600.0 8.170296 16.413240 7.560809389818214 7.592288141352135 1.622681461366003
87700.0 9.218189 25.809719 8.237857499642796 8.361999356613866 1.6361850083349412
87800.0 8.020346 17.711820 7.38761330444038 7.44997204700222 1.6302240510905917
87900.0 9.823920 30.464904 8.919464380786746 9.021802835307955 1.6405023546802662
88000.0 8.502978 23.472857 7.733463540395616 7.855091496409733 1.61389643848311
88100.0 7.914121 21.341316 7.335924275932118 7.439456313691457 1.678691407165851
88200.0 9.186365 28.498294 8.507981938202656 8.605730286369969 1.603799634258241
88300.0 8.844606 26.574359 8.108532235387132 8.136230083292809 1.6640416640457494
88400.0 7.957503 19.350799 7.483268507621882 7.494087223325041 1.588515838763242
88500.0 9.353222 25.726688 8.44203390622975 8.485481613402504 1.6562403190795516
88600.0 9.719524 25.546931 8.955227006470789 8.972642873180172 1.6523043818628715
88700.0 9.117357 27.839528 7.9663580020045455 8.056016693651184 1.6595481216256482
88800.0 9.030947 23.815554 8.212636621162952 8.222416613124965 1.6165554778370668
88900.0 9.111420 27.835199 8.335728318778273 8.449126749727807 1.628168043392332
89000.0 8.753643 23.341843 8.158588540030774 8.25438524502011 1.6829014081444138
89100.0 9.113747 26.030977 8.225442268728944 8.31473707213817 1.6017211336279913
89200.0 8.990354 25.948382 7.959165380690195 8.105910635513485 1.6413768337599435
89300.0 10.086668 31.965480 8.799764345267015 8.894882656019321 1.6294790165295039
89400.0 10.566923 30.510438 9.419495729463744 9.521141514974023 1.7231319693406915
89500.0 8.465439 21.701156 7.712992462008957 7.731157621278882 1.713624716074008
89600.0 8.867630 26.409215 7.988024339125137 8.051180821146485 1.6403355200248113
89700.0 9.656262 27.941227 8.604964108231123 8.70383726716928 1.621975682410793
89800.0 9.256721 26.961869 8.223991385671152 8.292157847267243 1.6406281628436963
89900.0 8.908184 25.269080 7.948316981195733 8.01689864392312 1.6224083565566358
90000.0 8.893492 27.180072 8.042183961954764 8.10599452755748 1.6363001206918049
90100.0 9.611699 31.477610 8.483011696156124 8.615348888019604 1.6542720924525205
90200.0 10.004839 28.913710 8.891899893161398 9.024993878441583 1.6142266554919462
90300.0 9.664274 30.516446 8.53760183313353 8.677365200209795 1.6463860942139013
90400.0 7.572491 22.795281 6.7073561546664395 6.763006006752921 1.6529359094579126
90500.0 9.090324 27.918147 8.150508878579318 8.262039490332613 1.6469338109517855
90600.0 8.775788 21.163395 8.20511619732129 8.24291573866874 1.6162862352090088
90700.0 9.337603 29.593276 8.362970028408375 8.487004767471213 1.6369832464212022
90800.0 8.355237 20.808164 7.628602345552884 7.662156182089171 1.6676179261670427
90900.0 9.780796 26.738168 9.127953416642882 9.16631489490377 1.6565608883264809
91000.0 7.494050 21.852256 6.878584427626047 6.956364645400087 1.6123520910560314
91100.0 9.242880 28.674607 8.289927627500617 8.410534565208762 1.652379875985769
91200.0 9.389825 27.705413 8.365327222267371 8.435663901046576 1.6547422065721806
91300.0 8.402235 26.609245 7.379581333709461 7.4522326199898075 1.599353842003048
91400.0 7.297246 16.636407 7.014817685403672 7.038530344817979 1.639212858728204
91500.0 8.510537 17.424715 8.114650685117969 8.22264127885366 1.6769481219606142
91600.0 10.367299 31.213239 9.2085613534817 9.316307334889363 1.6110021813429445
91700.0 10.564013 33.802053 9.288971563742034 9.456566062704992 1.607500977730616
91800.0 10.469489 31.005773 9.38719549368387 9.492649799757762 1.5883034996371
91900.0 8.689618 24.846605 7.796428360379201 7.808265570508828 1.6397483565684687
92000.0 8.752954 23.353878 7.8280197266057625 7.865876561626496 1.6512436273072568
92100.0 10.813693 29.762299 9.519741032087323 9.550546275594735 1.6248963155810965
92200.0 9.397850 28.440391 8.520084095354187 8.634706798193502 1.664902744610569
92300.0 10.497122 28.126779 9.585025779160382 9.680347007202915 1.6434313290186437
92400.0 8.681060 26.116970 7.8751924269985185 7.963634080322442 1.6186173608478838
92500.0 9.026859 28.374487 8.165621815608924 8.251376831349797 1.6742800148417054
92600.0 8.684947 24.128257 7.7829515432543355 7.8434107471801005 1.649203797611083
92700.0 10.135279 29.797135 9.034364932046056 9.100903550855795 1.6038071113000603
92800.0 9.253004 27.333564 8.206552708794206 8.282792444389472 1.599434701239612
92900.0 9.698805 28.627394 8.683249307139794 8.763904969353272 1.6759873331677453
93000.0 10.465416 32.210507 9.155969441668306 9.275544318828 1.648450970977793
93100.0 11.379678 36.040071 10.069725466936744 10.190350518694968 1.6027180265551528
93200.0 9.289751 28.631817 8.273572794865322 8.357411380574813 1.6264338008501567
93300.0 9.655644 29.544087 8.598323096465865 8.643905475902589 1.566705739082545
93400.0 9.973164 29.812935 8.559105120423078 8.733864073474264 1.5996552988456039
93500.0 9.164509 30.389701 8.17517657035699 8.283022099877543 1.6934183676590904
93600.0 9.255410 26.737172 8.36687447497925 8.46762481303865 1.6143323500724145
93700.0 8.949449 24.990004 8.244924749467115 8.369911056489762 1.621936695500173
93800.0 8.842610 23.795243 8.13174691179147 8.225285115017666 1.6879104259417825
93900.0 10.574073 30.772341 9.301742305093072 9.436173139859354 1.6797712437538161
94000.0 10.602167 31.780986 9.381301616164007 9.441956254904698 1.6516672691808723
94100.0 8.941009 27.750708 7.932153610281919 8.064425594351984 1.6507602292507253
94200.0 9.239044 23.539426 8.495954013952966 8.521929988818242 1.6604253872839272
94300.0 10.475325 27.308746 9.533758996939465 9.616593849220527 1.6518157645718132
94400.0 8.587726 23.041731 8.010406458240281 8.077608505296038 1.624870742815418
94500.0 8.690722 25.405740 7.9602323411196165 8.055824819719634 1.6261778460077625
94600.0 10.333328 32.142001 9.16287074254975 9.245247367105252 1.6610820825632506
94700.0 10.951586 33.382309 9.636069323615143 9.706092929354265 1.632121245653885
94800.0 9.092103 26.151140 8.241807572318978 8.366692995208927 1.6577783373783095
94900.0 8.060891 21.566069 7.501231881439064 7.550832218329201 1.538152843752801
95000.0 8.453429 27.822491 7.438418687016341 7.540640971789048 1.632229301126291
95100.0 7.455252 17.907568 7.056495495956435 7.102512720772927 1.6721517340715324
95200.0 9.826553 24.552083 9.102304388996824 9.175435475494545 1.657542051108424
95300.0 10.488322 31.836854 9.538153806607497 9.628571189263262 1.6697265188837838
95400.0 9.390862 25.170908 8.58046208352002 8.639457940399629 1.587199350954015
95500.0 9.069868 26.481320 8.299242492348181 8.382886908173264 1.6683334358699489
95600.0 10.171899 29.609278 9.010779952001606 9.092588144937457 1.6393542539357133
95700.0 10.127760 31.924301 8.5791641017677 8.69723815383937 1.6513715131165552
95800.0 9.471007 26.421010 8.446079787766898 8.503969140385637 1.6279499988377752
95900.0 9.340246 24.834498 8.365098851464392 8.414621190951728 1.6816200215702535
96000.0 9.170380 26.373113 8.165865089276917 8.314018594247448 1.6352151544758142
96100.0 9.645550 29.824166 8.483677215886438 8.596212438401215 1.6192823743560243
96200.0 9.401677 25.920497 8.23057271815774 8.270222041932193 1.6858956585968983
96300.0 10.524811 29.426159 9.347994082358298 9.393843756544655 1.6338718392683138
96400.0 9.418107 30.839439 8.476050094008832 8.584778233310228 1.6369387608392107
96500.0 7.739173 23.061143 6.873634250701254 6.942547263225678 1.6313631324885656
96600.0 8.977557 28.083863 7.939263666455684 8.045869867022303 1.6749810897081232
96700.0 10.239949 29.598690 9.150353490920589 9.224968821560358 1.6494385330851957
96800.0 8.682213 26.088549 8.098158299309556 8.180711970854434 1.6667849812185316
96900.0 9.550121 25.257237 8.67865041805235 8.744914057845147 1.6153167591732505
97000.0 8.575250 26.520104 7.693082362922887 7.835477828236408 1.6445600435748575
97100.0 8.500532 26.053230 7.730003461991293 7.833914927716815 1.677007550470168
97200.0 8.297396 21.887071 7.690639355919593 7.750867677216715 1.6139011332529882
97300.0 10.391188 30.301353 9.447512239470239 9.499979438029564 1.6920345431320636
97400.0 9.217612 23.586715 8.696061980615514 8.719530739375104 1.6329485378027582
97500.0 10.715809 30.557814 9.778351152544001 9.830525411580473 1.6972114258469655
97600.0 8.823238 29.414532 7.5133096719126025 7.637877184155526 1.605509954678236
97700.0 9.622149 25.843923 8.877280889149935 8.981357155113646 1.6458147914742287
97800.0 9.520215 28.042997 8.557977791026117 8.66790213140608 1.6601760338049145
97900.0 9.455124 26.136028 8.74050934016943 8.791449787229485 1.6145738212887075
98000.0 9.556120 26.658736 8.731499601628592 8.86394687098539 1.6370437414938837
98100.0 9.935551 31.151456 8.955610285824879 8.994327349277713 1.6479742491160858
98200.0 9.711763 28.570769 8.692022806724223 8.784071271301226 1.685958304792002
98300.0 9.301083 25.583424 8.358606888641075 8.481416190379917 1.6693305775569391
98400.0 8.645001 21.729354 8.138390777854163 8.215856988272808 1.6795690704763724
98500.0 8.706637 22.988407 8.268111207571156 8.330083182843323 1.6397357964934147
98600.0 8.754279 23.299233 7.939322172233591 7.9925725108296435 1.6151965187568171
98700.0 9.765394 25.284986 9.249759913978178 9.334274236451561 1.6674383152461647
98800.0 8.683512 28.324043 7.79032002377472 7.884952680224886 1.5557685624367006
98900.0 8.414348 23.827375 7.580461111288441 7.683202528732998 1.6512394978603235
99000.0 9.238327 24.379830 8.580317628086746 8.591022554555488 1.6550357328175285
99100.0 9.398497 24.844377 8.568517848756716 8.602420646764541 1.6418675524938753
99200.0 8.521238 25.986286 7.6818287495812045 7.78215165024115 1.6595262651213964
99300.0 9.407127 26.023313 8.612858540400762 8.690689514722028 1.6184899472212075
99400.0 8.913920 20.526393 8.24368527393162 8.317766018972677 1.6236614755875391
99500.0 7.491954 17.614311 7.135967727781713 7.140392289989901 1.6289139100000645
99600.0 7.986786 21.226480 7.632331590970123 7.673799874875436 1.6486550468578554
99700.0 8.044172 20.767229 7.468166637889811 7.542397100409729 1.6550111221673722
99800.0 8.799009 26.565620 7.853713286511877 7.935774589514959 1.629133385428307
99900.0 9.052059 24.850446 8.340486475605596 8.399781444027179 1.6452545246424828
100000.0 9.073221 25.571431 8.344231072780362 8.408651476357939 1.6585365624389612
