# t rg re s3 s4 s6
100.0 5.895296 16.583522 5.291089632287176 5.447054077830956 1.7115431244003683
200.0 5.830029 18.552980 5.1561303028504994 5.338894604715625 1.7374298122672205
300.0 5.779569 15.277507 5.300015189078412 5.308934570097708 1.7984442962102878
400.0 6.453409 20.352181 5.610725405688831 5.729518907173368 1.7198165640477272
500.0 5.499581 16.782976 4.888656102502252 4.990474768853056 1.7148005909139135
600.0 6.453123 20.747395 5.55973324621353 5.674683268343646 1.7803904266514685
700.0 6.469190 20.670168 5.569418514979495 5.7371609049112235 1.7783183287235647
800.0 6.193379 19.436490 5.369705690874198 5.499413443586955 1.7597785963939472
900.0 5.973155 17.299528 5.273137042897193 5.3521268325298275 1.6704062221931137
1000.0 6.333626 18.801068 5.473396097056805 5.599410990889705 1.6557021589816903
1100.0 6.282487 18.986715 5.390845244190737 5.599136673267126 1.7257500630890985
1200.0 5.780151 15.332757 5.082551395005743 5.196046488145106 1.692197817793014
1300.0 5.424031 16.030607 4.812161938343669 4.886874709135694 1.621092776247186
1400.0 5.954907 17.150969 5.499470008842933 5.605053410964543 1.7447032078396696
1500.0 5.589127 17.098358 4.878530189481753 5.034486532557098 1.6730034015283397
1600.0 6.181155 20.301012 5.362738001934361 5.520812349665815 1.6949487627339432
1700.0 4.803991 11.863263 4.536289127285833 4.564378901400807 1.6745596423542382
1800.0 6.040442 18.973733 5.300352560246669 5.415673198829412 1.7231757071832015
1900.0 5.752360 16.560848 5.257078225599497 5.266035904625112 1.694718018735663
2000.0 5.482738 15.546574 4.901963862917029 4.998642970938418 1.7020851783619384
2100.0 5.124583 12.538794 4.709947144242672 4.782781935849241 1.6948765958612502
2200.0 6.171738 19.033367 5.475672548584681 5.630433345015534 1.737829099781415
2300.0 5.406759 15.930705 4.930203572542205 5.043495208088682 1.7051833747552003
2400.0 5.989206 17.586979 5.304139320436123 5.3883517361409465 1.703394495138215
2500.0 6.024137 18.334351 5.261155846012923 5.385344684493326 1.7417530052785406
2600.0 5.886915 16.249189 5.317295168232177 5.42676224975447 1.6993526317223118
2700.0 5.927832 16.724154 5.23864856704417 5.355314093157518 1.6863814410997215
2800.0 5.560898 13.755183 5.13505132368376 5.261724367885084 1.7472448664688474
2900.0 5.296110 13.933191 4.857478619262652 4.899524824736942 1.7683882366963861
3000.0 5.832207 16.599061 5.273685736080599 5.394403541852884 1.7638317358816527
3100.0 5.831196 15.897992 5.19114563945166 5.348641298618126 1.7050795925007667
3200.0 5.632389 15.760015 5.043857371003322 5.148278485906286 1.7402521579252472
3300.0 5.899039 17.203319 5.242612466829167 5.403166964712653 1.6631641269202115
3400.0 5.793726 16.556895 5.108945318852377 5.290750001330805 1.7220880039796427
3500.0 6.209348 18.179477 5.520255540259734 5.63204040047686 1.7687750283399206
3600.0 5.776838 15.616567 5.233484250292312 5.291173290431039 1.6395251623263773
3700.0 5.281399 15.995189 4.7768035780045155 4.856074376405923 1.6718615620439938
3800.0 6.413545 18.862262 5.641474563771739 5.741296833957984 1.8109637471259188
3900.0 5.755797 17.817096 5.140724426859533 5.256504935090384 1.7244339194361082
4000.0 5.900025 18.703030 5.3053307365190925 5.3497331988151915 1.6239351228899184
4100.0 5.301137 13.443029 4.803526025164491 4.854932086747541 1.6546966562425438
4200.0 6.225210 18.800669 5.39197262730362 5.511525716536084 1.6545054566765764
4300.0 5.674280 15.817806 5.079725368971036 5.177113456176217 1.7097627265603434
4400.0 5.785517 16.197267 5.236082687692283 5.292590657928584 1.6941220426234327
4500.0 5.962361 19.183050 5.266502243120106 5.402806244945401 1.7801211145809053
4600.0 6.971404 21.294041 6.08889049719606 6.183347870958754 1.7753407841314193
4700.0 6.029575 16.126694 5.320039869497591 5.430953678315517 1.672499582616187
4800.0 6.488630 18.822869 5.7047858221547205 5.824046595794227 1.746831044050872
4900.0 5.679734 16.581615 5.189167425994733 5.311493392304605 1.6601850349660434
5000.0 6.035456 19.287083 5.217173948356506 5.3230469872272135 1.715485502953357
5100.0 6.139716 20.178473 5.287436387604731 5.391448969595136 1.699602795895272
5200.0 6.025029 18.314249 5.247423605428038 5.377862465421129 1.7326992786567739
5300.0 6.212296 17.999245 5.384384913010052 5.516004240852406 1.703276673277451
5400.0 6.125565 15.149973 5.535615597358687 5.5625631183673425 1.7641294817213014
5500.0 5.719708 14.755100 5.277396986205906 5.4407264285219314 1.7662570199248913
5600.0 5.387697 14.103794 4.907236231892653 5.020302668818955 1.6063678751957133
5700.0 6.118753 17.718648 5.314436278137021 5.431886248797181 1.6879750101646074
5800.0 5.063321 12.323194 4.7367456327700035 4.799874825717779 1.7314370483386747
5900.0 5.801840 17.984124 5.264069460081234 5.272988159526191 1.625638023297597
6000.0 5.991312 16.869383 5.342549569105196 5.395543345909444 1.7089092700284005
6100.0 6.114183 18.699094 5.374108783149697 5.443092046722275 1.7814213962588568
6200.0 5.588961 15.536062 5.129362666178076 5.159133430520012 1.7451107994465045
6300.0 5.778469 16.549436 5.086246733945584 5.228329823443468 1.591325049348558
6400.0 5.828906 15.580660 5.392181360418727 5.424124015070866 1.6688024579064247
6500.0 5.676073 17.740572 5.026750601857712 5.1619601637091375 1.7891474170717394
6600.0 5.974952 18.903402 5.244462941412078 5.296044097970907 1.653086196990269
6700.0 5.831062 15.700185 5.269237072451958 5.300149239027106 1.625622307981269
6800.0 5.945749 16.403857 5.330427988176342 5.418945295227526 1.723555016566544
6900.0 5.882065 16.804131 5.240818217285283 5.3349830389872634 1.766434996940665
7000.0 5.334408 13.062240 5.002737436476385 5.0518805257018 1.7015491961342064
7100.0 5.524483 14.572085 5.008326486984981 5.062870745629751 1.7264924878879355
7200.0 6.176906 17.621918 5.422435255082093 5.573476654129489 1.7210565060246985
7300.0 6.279561 18.954887 5.5311284332139685 5.647495477825309 1.760739606841425
7400.0 5.416458 14.674325 4.904053604644277 4.9504175815968114 1.6835012785741412
7500.0 5.549813 16.379463 4.934748590671108 5.067309570039156 1.713571992598488
7600.0 5.571943 15.922198 5.1401538997688325 5.157988422771532 1.7463474401841104
7700.0 6.254138 17.600025 5.621889843345271 5.777405556954967 1.6442375403416896
7800.0 5.832640 17.977829 5.199005816133564 5.264862746811454 1.6835063812542153
7900.0 5.986762 17.806412 5.221520038720785 5.281433938415936 1.7134364336901662
8000.0 6.970208 21.455577 6.023867237702775 6.174948384054283 1.7154554007149827
8100.0 5.850934 16.510268 5.3493390219579595 5.39062330486414 1.732330966205033
8200.0 6.314848 20.473402 5.438691620509257 5.611718644256149 1.713003577719751
8300.0 5.826011 17.958509 5.062105690450651 5.215523453447857 1.6487360148059296
8400.0 5.839571 16.709948 5.110274061340866 5.239770430666017 1.735863633270135
8500.0 6.270097 19.370714 5.391782672602572 5.558739321485426 1.6464500761752514
8600.0 5.401839 16.545327 4.79773462029496 4.874511982590524 1.7188396237607382
8700.0 4.990068 13.743159 4.665885034566978 4.708811156727233 1.7555304148728763
8800.0 5.857941 18.485677 5.036735960406515 5.216403026918423 1.6581089135050957
8900.0 6.305700 19.556329 5.460759331687829 5.559819196717654 1.6381408039173635
9000.0 6.087453 18.483901 5.395890563569059 5.525079418386977 1.7124143385348223
9100.0 5.428193 16.305112 4.867130281088037 4.945395025650988 1.7207947579425162
9200.0 5.807233 16.432630 5.367933482446746 5.3928287072621 1.6896706357809437
9300.0 5.718203 15.198344 5.36859289652059 5.404169975614514 1.778409147632053
9400.0 6.173187 18.671977 5.360735430433034 5.465886748598794 1.66380862640653
9500.0 5.469096 15.666046 4.8982319405909545 5.002097581783795 1.8186812493687619
9600.0 6.630010 21.306717 5.73550182078662 5.911769711924107 1.65606408754796
9700.0 5.537487 16.605563 4.837089285849108 4.923468000569772 1.5881856945408899
9800.0 5.507373 14.326929 5.016711650595454 5.040913729552378 1.726839044138406
9900.0 5.587259 17.643745 4.825007251960106 4.950054558456178 1.7458834376600645
10000.0 6.135736 19.679140 5.316975198201829 5.38936338163033 1.7019085734394028
10100.0 5.724685 18.149592 5.00578133774244 5.139556111309989 1.660774989764678
10200.0 5.839991 17.245762 5.149062122446826 5.225297565638165 1.667632664460703
10300.0 5.993388 16.728228 5.300842385213275 5.3780805229500235 1.69930997184546
10400.0 6.464760 20.281070 5.4975426614112255 5.69262223273804 1.7091796895948443
10500.0 6.466774 18.698252 5.605066507746517 5.720508030749688 1.7829289011773464
10600.0 5.982519 17.559105 5.292484925828777 5.364722442009708 1.7356350876219209
10700.0 6.139895 18.926590 5.312240968923274 5.422824707320494 1.7078368119936023
10800.0 6.518171 18.816795 5.779639421921775 5.8888872022736205 1.772766615519327
10900.0 6.011743 16.471046 5.543759250809688 5.636238925965291 1.7236026336101289
11000.0 5.842398 17.078863 5.11846310790307 5.192716601482778 1.6644877900808233
11100.0 6.290026 17.753421 5.530966720786943 5.668835415604009 1.650550257638686
11200.0 5.986951 17.569263 5.347122207758605 5.418306384944197 1.7429430078885273
11300.0 6.477725 20.723803 5.6130134116713215 5.766048932814994 1.7068726857997152
11400.0 5.534523 16.548406 4.854177839019533 4.949115029423818 1.7118674383303474
11500.0 6.173772 18.626802 5.305630870294421 5.472624419744739 1.6496974901808763
11600.0 5.701041 17.483199 5.147816931606164 5.201014680003941 1.6986291729168688
11700.0 6.422200 19.415157 5.642631990534559 5.765091688906119 1.6833180869998619
11800.0 6.237341 19.329475 5.534563507973258 5.634914437323291 1.7088891618324127
11900.0 6.545160 19.640252 5.6687526336244405 5.808576057700603 1.7268964576957166
12000.0 6.052664 17.637915 5.385949060753116 5.503956841638305 1.7648158545184724
12100.0 5.642206 16.560099 4.9740629691799825 5.04052684838184 1.7196866253825263
12200.0 5.719996 17.016650 5.0660161984624965 5.099060415795029 1.7236538446808007
12300.0 6.445881 19.084945 5.706162565788124 5.8202113266856355 1.7168192236922148
12400.0 5.446931 14.101867 4.847600436832257 4.933708265652677 1.6194981591248836
12500.0 5.985369 18.756002 5.214688765557265 5.308734099849788 1.6999989621498275
12600.0 5.537320 16.418963 4.970429743618924 5.03430843258464 1.6621718123324787
12700.0 6.287204 19.144961 5.515552285375545 5.624777185659441 1.7591377893596931
12800.0 5.272184 13.130694 4.903609488670067 4.974121318279607 1.7239591718556686
12900.0 5.489781 13.654819 4.991866765284831 5.120283723732653 1.774204389493247
13000.0 6.057352 19.288487 5.274858601167268 5.407974047321315 1.7168055673403184
13100.0 6.230165 18.100181 5.543219928628304 5.604070805835679 1.76372588711878
13200.0 5.583625 16.868651 4.957356143655286 5.0054034657951165 1.6814001768572726
13300.0 5.585731 15.855214 5.002223589925096 5.087230810291195 1.7255136150274701
13400.0 5.531418 12.999326 5.149231016636046 5.129127151230997 1.7721924313090018
13500.0 5.943253 17.965990 5.224377829793836 5.285601804666639 1.6446467588781868
13600.0 5.712094 14.814242 5.060774737327311 5.09690828273912 1.7006280283048294
13700.0 5.928301 16.128992 5.248291801125071 5.3523266355127 1.7840613814831092
13800.0 5.772934 18.202890 5.091927628965667 5.251828438203336 1.6731135595821343
13900.0 6.683328 20.603328 5.8049009759334265 5.926125992822965 1.7751767671673382
14000.0 5.729980 16.075052 5.060149106399924 5.120178211402488 1.760193792237359
14100.0 6.270360 19.142596 5.552266482701687 5.632550362361509 1.7416232342436244
14200.0 5.557664 15.331268 4.971801743039657 5.033232438771166 1.7631324777804822
14300.0 6.095566 19.675669 5.292370917936056 5.387625341767633 1.6627629094813927
14400.0 5.786720 18.565100 5.02391045329001 5.132550937030628 1.7292043660844063
14500.0 5.492597 15.515512 4.971718844119462 5.050379718722687 1.672892785832681
14600.0 5.637696 13.597298 5.204374005989002 5.235581979165897 1.674689877828443
14700.0 5.701935 15.186366 5.149239917523585 5.205646392707769 1.7212999940494425
14800.0 6.160095 17.389105 5.40779601894847 5.543493997430656 1.7208401649310154
14900.0 6.152351 18.282904 5.478051082032801 5.561349897628993 1.7503873725265084
15000.0 5.507487 17.946759 4.911666894032703 5.0057181892192455 1.6589656133665422
15100.0 6.275513 17.454388 5.6069390675253805 5.6146394140904805 1.7717542818241263
15200.0 5.833037 16.932604 5.073016577556254 5.196712685301602 1.6780180650305458
15300.0 6.696510 22.147554 5.747631468478531 5.920214265829806 1.6819778557137806
15400.0 5.879524 16.530221 5.314804659203703 5.4413272960713925 1.7921912729242273
15500.0 6.144639 18.704699 5.390834290900934 5.497500096056442 1.7368615780301506
15600.0 5.142061 15.448884 4.661638533609989 4.744288402529593 1.629169690422904
15700.0 5.441693 16.620539 4.771498300159409 4.8719222301179625 1.66431277349824
15800.0 6.414188 18.340612 5.654364501044021 5.787458492747076 1.7651007438941948
15900.0 5.271998 16.750401 4.738433622049439 4.885211275995106 1.7294420499556726
16000.0 5.760915 16.526817 5.111966994370182 5.216201216756572 1.7646164655327918
16100.0 6.388834 20.383280 5.60482208546018 5.739279834643261 1.73118630287423
16200.0 5.219606 11.604675 4.85396279521384 4.913284737109366 1.7095726454955795
16300.0 6.061635 20.197913 5.083292801743138 5.322411451841095 1.6635856421951478
16400.0 5.771817 18.225588 4.937157628854029 5.070206168456092 1.6316505899974578
16500.0 5.531117 15.135421 4.984230252153775 5.048796861777477 1.7314976867220946
16600.0 5.856104 19.846568 5.108199241504275 5.260499844856594 1.7196532218384903
16700.0 6.304327 18.721297 5.615581506902079 5.797373993419442 1.7002324053245625
16800.0 5.279526 16.189680 4.7249325987821615 4.865079378351776 1.7382358630187578
16900.0 6.168967 19.928621 5.274170591220551 5.465368587034325 1.738767244461761
17000.0 5.654155 16.585859 4.963469903419191 5.001647972025834 1.6850077105628911
17100.0 5.295057 14.856628 4.8162047800284995 4.841951225978328 1.6599793488010466
17200.0 5.842559 16.864921 5.304787925806363 5.375434476307556 1.683350605336619
17300.0 5.453371 13.493943 4.984827172551919 5.063541975545558 1.7780980005227358
17400.0 5.545192 14.437474 4.998442362549724 5.074135171013801 1.6718407243607005
17500.0 6.752326 20.267800 5.948858859702738 6.0602818556409455 1.786710691915088
17600.0 5.444000 15.247902 4.9648421021259255 5.002849896204684 1.6943728638416737
17700.0 5.883971 16.312086 5.206843052862941 5.301978963560642 1.6523710057657819
17800.0 5.791757 16.377343 5.030334109777801 5.1935732523231195 1.6904430240017836
17900.0 6.069846 15.754102 5.591560638879987 5.6320561141174865 1.7312331665686358
18000.0 6.159666 18.142596 5.402455426942621 5.519688003278776 1.6700245331387842
18100.0 6.075289 15.839639 5.489511473428767 5.536628649872961 1.7292348303617737
18200.0 6.343283 17.698129 5.542888428317261 5.6596407516665685 1.744532420603752
18300.0 6.133930 19.478846 5.321548512064412 5.538872594027022 1.6719830064656132
18400.0 5.106660 14.026559 4.55223483833037 4.606051639801141 1.7160933791243893
18500.0 5.416673 16.293452 4.965636663694509 5.022529550384032 1.7336042963846976
18600.0 5.849429 16.974901 5.117571070292369 5.246647205254222 1.7170468761868352
18700.0 5.957934 18.575480 5.173113419533332 5.279126596315119 1.6701298681443355
18800.0 5.352275 16.049654 4.843625438244531 4.9734146239134205 1.6626158854138862
18900.0 6.108330 19.027802 5.394692576074916 5.513348944916467 1.6741723131379558
19000.0 5.661239 16.550979 5.1523246996577905 5.171379696314042 1.6270642598957947
19100.0 5.462305 16.354209 4.875517041978288 4.9818101913445085 1.7054896935500305
19200.0 5.769100 17.073636 5.113018413746443 5.252930868745472 1.6684292758566257
19300.0 6.042893 16.479666 5.3659869220662655 5.440422122241974 1.6876957195285587
19400.0 5.296849 14.570106 4.953079111150912 4.929062871631512 1.752310527246199
19500.0 5.166299 15.836584 4.764143404478462 4.828745662414552 1.691396128269378
19600.0 6.079140 17.715874 5.3063035915611945 5.432297508849127 1.7274119544730688
19700.0 6.249943 19.830235 5.332176476103789 5.507469958619439 1.704996530377127
19800.0 5.499487 17.887507 4.704616396647202 4.832156247825266 1.7355906306954083
19900.0 5.638804 14.646864 5.171693787051075 5.202103425555352 1.710196054082155
20000.0 5.463429 15.465823 5.056946051006261 5.065681424209313 1.759717445748284
20100.0 5.319935 14.928887 4.824960196665018 4.894877967633026 1.6495424701130659
20200.0 5.629041 15.091132 5.182733794151776 5.20356261257492 1.6641626154056273
20300.0 5.251471 13.893672 4.731540660424553 4.825759443865753 1.7591561122286314
20400.0 6.540232 19.249070 5.722047496524302 5.845745752115465 1.6748098353933005
20500.0 5.571066 17.156485 5.123115814363419 5.231747020842446 1.7511805129585056
20600.0 5.738646 17.563067 4.960651274566989 5.077415738280102 1.7270193580098496
20700.0 6.295954 20.525912 5.547391816841535 5.66036871077054 1.7529846739766513
20800.0 5.841532 14.221002 5.3975169127386815 5.420308196762518 1.7382480032717031
20900.0 5.289277 13.900295 4.915476668916837 4.97857933387887 1.717340034025687
21000.0 5.512217 17.256515 4.83211056476902 4.921797837956538 1.78747147616709
21100.0 6.346702 19.671648 5.52489620486074 5.649196121666047 1.7020804164552001
21200.0 6.249018 20.099546 5.334259485212056 5.509248514533005 1.6518192589832152
21300.0 5.847557 16.868495 5.261098677397649 5.37111150025169 1.7604662915133402
21400.0 5.772486 19.158453 4.969097175588607 5.186374412285013 1.7039441931485426
21500.0 5.302992 15.845969 4.703805489199472 4.779520062115022 1.7608010639572227
21600.0 6.102373 19.226436 5.330289076572294 5.447429444940412 1.709294392992356
21700.0 5.660895 15.565591 5.056983651552032 5.11050291242767 1.684175370412335
21800.0 6.321707 19.896464 5.475192434758896 5.574291107108292 1.7254568991736186
21900.0 5.334176 11.014065 5.067416912105641 5.067714342420167 1.7033189103201616
22000.0 5.468675 17.624257 4.724486418785852 4.81705694113607 1.7211598433268889
22100.0 6.091872 18.671629 5.357245527864328 5.4395291998232205 1.6928626244991989
22200.0 6.158828 19.924774 5.3986248688732354 5.516959462254224 1.7378560481163132
22300.0 5.797943 14.294569 5.43893337591758 5.45531507819254 1.798939303533468
22400.0 5.898439 18.908765 5.027421685275414 5.235261654892052 1.6990435037437221
22500.0 6.093629 17.059296 5.430026558370204 5.476248317713425 1.7150058916793125
22600.0 6.048870 17.852051 5.374879204109101 5.459978434917339 1.7042895878685747
22700.0 5.291046 13.996790 4.757296575518032 4.827158446651889 1.6200069531871795
22800.0 6.022881 18.727882 5.38847785061571 5.496211038988473 1.7796171905935896
22900.0 6.150899 18.432920 5.531987944472887 5.632737002983328 1.7312934940710363
23000.0 5.869364 17.539907 5.313903332614899 5.37538773077603 1.7114596052688766
23100.0 5.915247 16.253658 5.391562417066407 5.458439767941168 1.7742460654614316
23200.0 6.095935 17.449112 5.299915470450439 5.417038445070541 1.6841915019278544
23300.0 5.850993 18.205937 5.068207842206169 5.218961954734994 1.6553371244758137
23400.0 5.737220 18.332090 4.885463767970048 5.039152799762957 1.698054881631439
23500.0 6.126469 18.663383 5.408434925016906 5.5207806235184105 1.7297539958237738
23600.0 6.156580 18.230091 5.45139723225937 5.5487058299114285 1.6783832265130096
23700.0 5.726061 17.929671 4.994033782963339 5.12280064144688 1.7142579943086969
23800.0 6.550347 17.941418 5.831461152759302 5.887368206510036 1.7475445814682022
23900.0 5.649660 16.917598 4.982157582840802 5.087709602045057 1.6844318787402355
24000.0 6.519756 20.825107 5.545292445982901 5.778083990712671 1.680307588086466
24100.0 5.238650 14.044711 4.652024866184658 4.770012870556902 1.7752092803639834
24200.0 4.883005 12.475882 4.547559669210117 4.607955042944628 1.6766472825937384
24300.0 5.107649 15.341731 4.642451548200574 4.766590955462835 1.7426627348990646
24400.0 6.168662 17.261156 5.447404908236154 5.523133834621156 1.70929976856673
24500.0 5.611783 17.091113 5.165192079405022 5.2734417448041135 1.8050521138396725
24600.0 6.179321 17.002465 5.533122583301035 5.554848655366966 1.694807318159066
24700.0 5.773913 16.067239 5.2876832631700035 5.355868321296847 1.71592161163961
24800.0 5.913018 17.048356 5.404183259796713 5.444551388483185 1.7265545637840838
24900.0 6.096880 16.518424 5.340885872673541 5.420308488369586 1.7234919391635455
25000.0 5.522132 15.319174 5.0854778493852715 5.138003898388204 1.6959444388772058
25100.0 6.387986 18.953954 5.483521185144246 5.675774262606728 1.7210588068512576
25200.0 5.188417 13.992621 4.69938277697868 4.806997916377747 1.703349140067391
25300.0 5.907188 17.780906 5.144503191199661 5.231810537260912 1.5932699264517765
25400.0 6.298394 18.405834 5.581146076508925 5.713778642069591 1.7174082114347047
25500.0 6.037602 18.326009 5.259687724699684 5.344382709240379 1.727918890063714
25600.0 5.176699 15.395543 4.771735322309581 4.859008168359221 1.7316692147345927
25700.0 6.367051 19.536192 5.512416925286391 5.618743451596271 1.7386728799150941
25800.0 5.802300 15.794139 5.251575403807061 5.3775522223762975 1.7896904277368189
25900.0 6.529574 19.210121 5.699716337618581 5.830669872913241 1.7598603790802385
26000.0 5.453364 14.511203 5.017681091709746 5.012737180243697 1.617097382992714
26100.0 5.961081 16.083334 5.4251378581287195 5.503284107653609 1.7003425497069584
26200.0 5.333600 13.515313 4.941792747756837 4.983773369591148 1.7236830181683356
26300.0 6.370187 19.194892 5.650719628742465 5.706589580735414 1.7534289451746627
26400.0 6.632038 20.718742 5.765407395017653 5.913192157409699 1.6990816711776253
26500.0 5.686065 14.336487 5.218124963234616 5.279656130436717 1.728478054741345
26600.0 6.257517 19.847042 5.478722124007111 5.57313771892971 1.7568406226946744
26700.0 6.043398 17.311499 5.317829956277342 5.399231972120355 1.6828799196190403
26800.0 6.251576 17.901914 5.681190733206886 5.760782242579973 1.7765972721715033
26900.0 6.191368 19.629180 5.3842041043424675 5.5231167787290865 1.6929519284219985
27000.0 6.137253 18.123582 5.369866072689509 5.482295808001371 1.7663728359586817
27100.0 5.932401 16.848596 5.258548539734365 5.390633994214418 1.755039073390847
27200.0 6.023117 17.802625 5.334646080221912 5.4716763275472795 1.7714824003133323
27300.0 6.065291 18.422763 5.2442204323127175 5.396036891293738 1.667435716246391
27400.0 5.809371 16.954073 5.23386713301756 5.327883341461449 1.7061671983502755
27500.0 5.555598 15.096474 5.013228866379487 5.072218901860037 1.6666592542735017
27600.0 5.344502 15.544715 4.897169706109921 4.95296129377326 1.6964925477818427
27700.0 5.418388 16.266594 5.007010397808291 5.039971783289554 1.6598564177329769
27800.0 5.119898 12.445411 4.673127610413325 4.710045892860924 1.6956909407237764
27900.0 6.063965 18.214201 5.242380428347086 5.3807266037880295 1.6682644203864094
28000.0 5.419483 15.097343 4.919246853188142 4.985774429927748 1.6566625636198824
28100.0 5.851895 16.206756 5.100827464311851 5.236922496589483 1.7146055989210114
28200.0 5.801884 17.030596 5.037969207841316 5.1637618051437295 1.649160766699099
28300.0 6.546333 19.392149 5.669787143778739 5.824070003393646 1.7306039980062276
28400.0 5.621029 17.632398 4.923043712526726 5.032036073599981 1.6721769504892958
28500.0 6.329629 19.070188 5.615485030706091 5.742753902713223 1.784085522682721
28600.0 6.112947 18.170818 5.340976983413722 5.394224013695508 1.7210099021380627
28700.0 6.786108 20.539099 5.822587680395329 5.984541485321026 1.7218100312054236
28800.0 5.480062 15.508520 4.971435426207548 5.005851387260608 1.6841336898162909
28900.0 5.799197 16.934630 5.273101395428194 5.33737421754256 1.7133240574532171
29000.0 5.855906 16.825582 5.2746945306200415 5.316095911888242 1.7118344551839917
29100.0 6.262730 19.160475 5.43154768071995 5.578255669334438 1.70932428422627
29200.0 6.011991 17.430673 5.286979931217376 5.441860458603582 1.6521234507203073
29300.0 6.014526 17.785801 5.248367813472504 5.387199357309195 1.7764486564801205
29400.0 6.302831 19.726206 5.452096219912954 5.563253031303047 1.7337441707632348
29500.0 5.607064 14.843063 5.1194956664256575 5.247100847371781 1.7368323724342731
29600.0 6.128050 18.304845 5.297035549678166 5.398201592556257 1.7638196410377334
29700.0 5.438374 15.458052 5.003558893757154 5.068108532823808 1.6225824443767085
29800.0 4.639176 12.643753 4.468208486311805 4.4318947750749444 1.6966792662365962
29900.0 6.224387 19.785192 5.387031444988292 5.522552148425177 1.7217161327364647
30000.0 6.018047 17.499524 5.289581053823168 5.3842379393173525 1.6943622345240514
30100.0 5.888091 18.772288 5.142085531462778 5.302322312815465 1.7571042917916464
30200.0 6.106983 16.214831 5.578272678797408 5.63682374858051 1.7303155501970606
30300.0 5.196770 13.819059 4.85673749818706 4.865668849744927 1.7608247443489409
30400.0 5.911049 17.299973 5.33056300874197 5.392850851921438 1.713185146739362
30500.0 5.591361 17.153763 5.122082345579153 5.117501562268596 1.70709092050082
30600.0 5.621817 16.199617 5.131227637787726 5.263934262244346 1.7094233014882405
30700.0 6.056586 17.408786 5.372996574546354 5.449625177107005 1.6585382483132498
30800.0 5.491492 14.994747 4.835233108857936 4.906227400194466 1.674101086929981
30900.0 6.049239 18.879872 5.300019907134413 5.471866337287662 1.7109895926644734
31000.0 5.832907 15.842593 5.217352323084248 5.30495662960818 1.7651765595042932
31100.0 6.064479 18.356214 5.190502992707674 5.354558949387845 1.6940233266315554
31200.0 6.400357 21.230931 5.480031761276488 5.699087896124791 1.7043665792838725
31300.0 5.433157 15.463805 4.879712765717224 4.9910182165479675 1.6740791991382185
31400.0 5.805245 16.234657 5.214578927498361 5.33070450331192 1.6998133349772728
31500.0 5.449752 14.871503 5.0518697241052735 5.0292354810022415 1.61850169200629
31600.0 6.007722 17.958981 5.39492680124454 5.492823373543809 1.6676153867883983
31700.0 5.587907 15.593987 5.030223346045572 5.13905359810092 1.6912371976268177
31800.0 6.047411 17.886871 5.303914308531565 5.370288159075984 1.677732640691596
31900.0 5.118128 13.389570 4.827579921509544 4.852666604909455 1.703102957765228
32000.0 6.509562 18.744644 5.800627753974464 5.926999999472484 1.7595919222458163
32100.0 6.496208 20.548724 5.626621994228098 5.774798532500195 1.7755294397945514
32200.0 5.671584 18.695293 4.856739073377688 4.990735583919253 1.7563442578412147
32300.0 6.003061 17.120959 5.298760958109608 5.397024009269735 1.6998258416343197
32400.0 5.854475 17.117584 5.182016653067369 5.229490140335527 1.6891143404176248
32500.0 5.739070 14.553398 5.219514790582793 5.277390205218313 1.7254585422077735
32600.0 6.131844 20.017723 5.200936274308829 5.350053461646181 1.660529623982508
32700.0 5.765661 16.154261 5.1399756693917595 5.192744879619407 1.6820598067265744
32800.0 6.190559 19.144979 5.4035065689972885 5.5036944127579135 1.723230831529212
32900.0 5.651443 14.596469 5.099419171645589 5.250783120765203 1.6107379570328273
33000.0 6.261525 19.118202 5.436307021719212 5.561099913123079 1.7122352691586442
33100.0 4.908283 11.679319 4.613760157303676 4.688477834128881 1.712262024142556
33200.0 6.145082 17.521994 5.503119601145792 5.575713412011686 1.7612827729126617
33300.0 5.881523 18.866911 5.190686264410862 5.335267826141497 1.6846268872123282
33400.0 6.355276 20.242770 5.561581926291728 5.704304837371901 1.7614306853622494
33500.0 5.726064 15.378888 5.047213583901416 5.124624834111015 1.740071019276593
33600.0 5.273732 15.388484 4.736125662051044 4.74682752999555 1.6879073422108022
33700.0 5.685984 14.754553 5.1394336834979235 5.228102108370175 1.772609463743828
33800.0 6.021531 16.488545 5.365117993644646 5.422635125153277 1.7521602964722456
33900.0 5.794990 15.091329 5.416955260399956 5.4512657931909 1.7812138073970094
34000.0 6.043913 18.170978 5.276895651958414 5.4051724502680445 1.707096218233363
34100.0 6.281045 19.975352 5.434810198287673 5.54272538830988 1.7698972854096673
34200.0 5.585951 18.085980 4.991540921111006 5.136852041196505 1.6114458661619
34300.0 5.613933 16.992488 4.925220227305905 5.019956198269919 1.602807342081767
34400.0 5.571577 17.591491 4.995146474436213 5.184889239692753 1.6888751237169857
34500.0 6.207964 19.121055 5.431283300381911 5.595127879538007 1.7637400531759155
34600.0 5.146894 15.288737 4.484506475657946 4.6149418955366075 1.7895503872582947
34700.0 6.378699 20.519589 5.454728740638077 5.628546715682612 1.7326991011770545
34800.0 5.375684 17.092835 4.790022805573527 4.899547895380402 1.6880313921349137
34900.0 6.214975 18.295501 5.4682573478284535 5.597605353411894 1.6825287719117337
35000.0 6.567573 20.498583 5.73284133470043 5.871408644551767 1.7564037246121005
35100.0 5.510766 17.280645 4.888906420111008 5.017672897440708 1.6750801930239323
35200.0 6.092239 17.142581 5.394494173840828 5.47518761847997 1.8174355242276454
35300.0 5.967067 17.714390 5.21629744017039 5.351452528925226 1.6520801424350802
35400.0 6.482123 20.199739 5.603239288282806 5.772589227489485 1.6691056121927323
35500.0 5.921833 16.242753 5.32459317339739 5.4892286548849185 1.707152633707487
35600.0 4.924903 15.165186 4.340613767488575 4.4332414327734 1.7122487195279983
35700.0 5.888348 17.907790 5.110944769007875 5.273327057295651 1.7172056114468597
35800.0 6.368700 19.421713 5.525575388665687 5.697454031891759 1.7501522220882133
35900.0 6.155529 17.765964 5.502416579994632 5.578080933798077 1.7129790300722194
36000.0 5.224225 12.804910 4.744239127861121 4.737631389193084 1.6421338426876502
36100.0 5.722575 17.190514 5.167926401817445 5.280309968143069 1.737260460980791
36200.0 6.239102 17.536738 5.469642415557375 5.5660977879327165 1.7253850401984085
36300.0 5.327658 18.026687 4.559273251354711 4.6996140483934585 1.641729007895012
36400.0 6.550616 20.275492 5.757309432637038 5.870893177265085 1.7017391534436166
36500.0 5.553452 16.080479 4.941755472596973 5.020099102837254 1.6563573109896212
36600.0 6.259918 18.431992 5.477582095511303 5.558668124856977 1.7053905547142656
36700.0 5.645855 15.603377 5.18530411535873 5.239909280097178 1.7135999237303583
36800.0 5.455154 16.982381 4.841528890592583 4.914777145585537 1.6933978149488802
36900.0 5.019501 14.354720 4.6852209898327475 4.688749782322815 1.703068138755069
37000.0 5.103890 13.113315 4.690501414205469 4.751246599983092 1.7340609678751122
37100.0 6.396709 20.531304 5.521576553907534 5.686835505065804 1.6982232979463687
37200.0 6.310656 19.332694 5.415534632032901 5.565018762700137 1.707505724023027
37300.0 6.299775 19.032886 5.493840466615422 5.60562808764664 1.7116312642941018
37400.0 5.656334 17.435811 5.011685968744559 5.064428214645146 1.6340783083578763
37500.0 5.629934 15.733743 4.907347209569585 5.019436999495679 1.6802316146720473
37600.0 5.984935 16.707655 5.391029724448062 5.503945798209688 1.65363107210121
37700.0 6.443236 20.104935 5.644251853335462 5.765347971056184 1.632912737310839
37800.0 5.887745 17.667178 5.094268684934949 5.2391897135742695 1.7095511478378511
37900.0 5.519554 15.444350 5.0573986069131065 5.10191341891686 1.6704551826259872
38000.0 5.500759 15.537335 5.1147123990265 5.150779901851432 1.7680517301443663
38100.0 6.180772 16.362574 5.6548569873610806 5.670618722182202 1.7095639634266135
38200.0 6.068034 18.375729 5.408505700606453 5.483995265779966 1.6932188975687874
38300.0 5.965815 18.545066 5.18445839919888 5.340031224269984 1.728491323330165
38400.0 6.069511 18.211059 5.289418228183297 5.390518180655619 1.6498465908454703
38500.0 5.972891 17.509133 5.30109309383059 5.354858162968673 1.6749049103041904
38600.0 6.488493 19.022678 5.639846721334523 5.799225087063129 1.737557071318507
38700.0 5.469624 15.034479 4.8401911623558735 5.014751017934878 1.7019904581381866
38800.0 5.008379 14.429311 4.6837487281883465 4.67317560693325 1.705390375861388
38900.0 6.307563 20.398090 5.42503481517269 5.603275474482303 1.6708977920400028
39000.0 5.370761 14.880939 4.841074448455826 4.978935727883715 1.6640232490179319
39100.0 5.958093 18.993127 5.127609382643694 5.296006490077451 1.7847569575976412
39200.0 5.744751 17.427569 4.991145925342035 5.1582557917615395 1.7169375844537889
39300.0 6.012501 16.980835 5.391423095536896 5.451385928223677 1.7377791723365181
39400.0 6.377569 19.045849 5.559072414388507 5.692794762680277 1.755110448210402
39500.0 5.535731 15.284468 5.114897960652177 5.12468437389416 1.7175533046970795
39600.0 6.574795 19.233784 5.7150938859523075 5.865633801410076 1.775452868272412
39700.0 5.633749 15.974329 4.957359550035784 5.082879404024911 1.7446576041309232
39800.0 5.961981 18.072305 5.128964155104025 5.3282475719236615 1.640635057234023
39900.0 6.443434 18.914098 5.566347526799458 5.689826094164951 1.7431677891159036
40000.0 6.166581 18.784270 5.456946061504871 5.520369923306545 1.6876332083912986
40100.0 5.970371 17.348674 5.226514827026576 5.337879967777692 1.749860118332091
40200.0 5.876573 15.707559 5.329930731247628 5.415686075664497 1.739489676940634
40300.0 6.509541 19.027027 5.5965755700490085 5.7480338382579985 1.7474498099025413
40400.0 5.614562 16.550932 5.148950184639986 5.208323759100686 1.695304473943397
40500.0 5.772418 15.760119 5.285996355118741 5.3270743420205235 1.758690540170152
40600.0 5.697349 15.530545 5.149555551992773 5.235648972876344 1.7376730322211056
40700.0 6.760091 20.194062 5.882988963349178 5.999238303258916 1.7081101919945272
40800.0 5.901143 16.905029 5.298221525023233 5.392913711790543 1.725043683307472
40900.0 6.435237 18.196721 5.600891949359007 5.686895751565405 1.7183720405805634
41000.0 5.568620 17.526656 4.923658210924459 5.0288609937281805 1.6965683944547165
41100.0 5.258612 13.538747 4.771282910285517 4.828084863382008 1.644009086920064
41200.0 6.046627 17.929990 5.307462320242801 5.380948082476847 1.7809221597858753
41300.0 5.843676 16.236231 5.169549527850369 5.30663733565146 1.6538652360310946
41400.0 6.508090 19.655414 5.724024012593643 5.782827182231786 1.709618548251438
41500.0 6.086541 18.670231 5.259606818197232 5.3907903252891725 1.7291586372200438
41600.0 6.534058 20.093782 5.7654502091969535 5.865614662491894 1.7112496277429468
41700.0 5.657193 17.642633 5.025712112174387 5.11403938118477 1.748722380362499
41800.0 6.188050 19.287021 5.416849131461786 5.527683764469516 1.70642787702268
41900.0 6.442051 20.333254 5.605807506738341 5.685242843275434 1.8374602013411534
42000.0 5.988942 17.873430 5.3324442162901 5.540321715642046 1.6916560760301707
42100.0 6.386802 20.116903 5.530545393334522 5.658227000221387 1.737142969992501
42200.0 5.691634 16.927220 5.137806379969256 5.214216630168399 1.7572748002927998
42300.0 6.369296 19.827944 5.562496503874939 5.698490531726017 1.6836086506902446
42400.0 5.500748 17.190225 4.773227735070235 4.973846118500013 1.680780515405782
42500.0 5.135602 16.279482 4.56702576604063 4.667009471934744 1.575967311814997
42600.0 6.486209 20.957390 5.566552753720215 5.729116575680512 1.6911271826501966
42700.0 5.855081 15.472901 5.287476201174177 5.3664766104879265 1.6272117198696094
42800.0 5.951135 18.662645 5.283365920217593 5.33049826924957 1.6925823154653052
42900.0 5.855701 16.963173 5.158838689729733 5.282322861809274 1.7248946372184322
43000.0 6.154538 18.205095 5.405640655482955 5.580830774243437 1.7384634691739378
43100.0 6.295540 17.221466 5.588076356083854 5.61975843921263 1.7354670413280568
43200.0 5.725342 16.908495 5.181736671482858 5.170243760012547 1.7033523805679534
43300.0 5.851215 16.349222 5.354632475162133 5.410068239795035 1.7016262953476908
43400.0 5.786238 16.419318 5.2916361366249145 5.318660142272906 1.6699557747004636
43500.0 6.097204 19.090121 5.418984611002623 5.535303819488812 1.7724948540509122
43600.0 5.656497 18.472377 4.889831632450766 5.0052030658117985 1.7166373841023452
43700.0 6.006369 16.954721 5.441574268537224 5.5269800232641915 1.7314939137336955
43800.0 5.515811 15.623239 4.833942045071903 4.943438473582707 1.7014971173513689
43900.0 5.894197 17.307597 5.265914662181901 5.413307008846757 1.7097078659359914
44000.0 5.293847 15.479993 4.807245519174841 4.882565610635726 1.721152319605913
44100.0 6.265307 18.833773 5.506092509370562 5.663805633775492 1.71721660901004
44200.0 6.022523 16.109093 5.249261707725608 5.3861705931327455 1.7543544650730394
44300.0 5.735553 17.856057 5.181626830026568 5.24741734329259 1.670873951346715
44400.0 5.812221 16.122523 5.242791985057584 5.288724511185145 1.7043560910010418
44500.0 5.297209 16.332509 4.6994931260480035 4.788218275345419 1.6904305575304908
44600.0 5.574713 16.659186 4.973243102569203 5.115697761424226 1.7017686656454132
44700.0 5.026403 11.859216 4.731642874825736 4.764626643685909 1.6735866282338694
44800.0 6.113347 19.340126 5.288027686294623 5.406793409532416 1.6375796101224154
44900.0 6.207571 19.115536 5.482767078267279 5.581946733246792 1.692120291046874
45000.0 5.824590 16.042020 5.212213158962023 5.303130533402905 1.7356094869040142
45100.0 6.430070 18.737015 5.728525975526347 5.824048212827222 1.6387387134078317
45200.0 6.199648 18.654632 5.403735899386624 5.5490698719528915 1.6263979291514161
45300.0 5.559857 14.973332 5.191959875135257 5.159544130192411 1.686566408637646
45400.0 6.093896 18.351516 5.433789370445399 5.491168979482307 1.6751718750446503
45500.0 5.286069 13.611212 4.763541941886016 4.777338148026758 1.6444629442681522
45600.0 5.443728 13.116948 4.873493835662019 4.904499230377062 1.7495283726713875
45700.0 5.472164 14.501187 4.933106386060035 5.04788014087333 1.7330343995580375
45800.0 5.744500 18.359990 5.1745575946912545 5.199844089264539 1.7247418415860698
45900.0 5.748672 16.178176 5.1334879948268 5.269723026962199 1.657817177834186
46000.0 6.292062 18.467791 5.451802931279757 5.595485724176998 1.7403299076536674
46100.0 5.839507 17.204370 5.207859964447198 5.235652616343694 1.7099598074962707
46200.0 5.644358 15.090358 5.184788717648304 5.286612036574321 1.7352479545238317
46300.0 5.823823 17.713825 5.13449193354871 5.211481315346998 1.724565577418186
46400.0 5.668090 17.568829 4.852439743140078 4.9860553251766255 1.765443152825762
46500.0 6.222722 17.374266 5.525818109667966 5.583354895697047 1.74120755136394
46600.0 5.419417 14.816388 4.7782998573928674 4.870816207938305 1.7095456883857472
46700.0 5.675571 13.509811 5.226793470188059 5.2945791636071435 1.8129963231234516
46800.0 5.625439 17.210894 4.926466521877267 5.030762362755243 1.5842663129159713
46900.0 6.313644 20.562345 5.448394270268708 5.553159846455964 1.6948283664829746
47000.0 4.945643 11.409803 4.698618810833609 4.714362876417958 1.7118184051942866
47100.0 6.002973 18.127763 5.201120572763829 5.335768651391967 1.6910467865968795
47200.0 6.021734 19.201671 5.177501076419623 5.326160684825676 1.7188077131030206
47300.0 6.060734 17.449782 5.373986088776974 5.425374509984176 1.707887147566311
47400.0 5.351650 16.536897 4.864721095233 5.0077276958380645 1.6534473900690723
47500.0 6.047715 14.224722 5.509160259395108 5.551924007316575 1.7379925177642992
47600.0 5.801022 15.465595 5.274788742635654 5.3186194719769375 1.6750341860567102
47700.0 6.443729 18.744175 5.602579759294311 5.769620402487947 1.7234074902375192
47800.0 5.485128 14.882145 4.984070514452197 5.015260727985843 1.657131222391442
47900.0 5.606591 15.725494 4.995969351277765 5.100397042290799 1.6523227131304203
48000.0 5.804873 16.416616 5.1883819884283975 5.275873251899843 1.7546232704679485
48100.0 5.892932 17.703317 5.238413978369441 5.299416300501259 1.6986588049938294
48200.0 6.431851 17.625490 5.742648375138585 5.814219165118164 1.6952606342329357
48300.0 6.251182 19.552027 5.440986494776472 5.571131017126189 1.7420485025535013
48400.0 6.071512 17.718846 5.524681081654549 5.559266385478113 1.7067502183222236
48500.0 5.647105 15.357287 5.064581608144256 5.14738475403458 1.633916207358397
48600.0 5.946184 18.993817 5.106892677557715 5.260561707354888 1.7217378337582452
48700.0 6.090004 18.554119 5.313857841848014 5.4310129442893835 1.8167733134170252
48800.0 5.332474 13.561967 4.719588953166193 4.851094270568931 1.6434810971230671
48900.0 6.198006 19.209225 5.331530466570343 5.496236613639786 1.6535051356146333
49000.0 5.587173 15.648929 5.156920143996053 5.223352196201749 1.7061349531180772
49100.0 6.306495 17.329067 5.622317891177651 5.687013348945061 1.73066600040388
49200.0 5.858092 16.517676 5.35120893388428 5.394483042632638 1.7214039047828202
49300.0 6.218849 16.555882 5.472764271912509 5.551471171174514 1.7421405493398807
49400.0 5.989009 18.240430 5.356597817360458 5.450822521089244 1.673027643827428
49500.0 5.863825 17.255399 5.209715413650784 5.322740406377474 1.6477335467756937
49600.0 5.749683 14.842488 5.263029085917145 5.297817984960057 1.6919858516200694
49700.0 5.556359 13.717218 5.127362064383266 5.189039773458213 1.7135549406427024
49800.0 5.119131 14.752465 4.643221654089165 4.690913026008064 1.664044850627852
49900.0 6.111982 18.913759 5.32227179390941 5.443587113347111 1.6982805704132573
50000.0 6.189701 18.486039 5.531934885035382 5.639431193242581 1.7576636210024748
50100.0 5.520191 17.224745 4.804872386890335 4.9017181867620945 1.6592818381374428
50200.0 5.675214 18.520407 4.882813654017267 4.984112485499515 1.6925285959857224
50300.0 5.847234 17.308075 5.291599636512666 5.454602403041115 1.738110879725365
50400.0 6.223845 18.048898 5.483987645491211 5.62142535047996 1.6920398365524003
50500.0 5.681139 15.502682 5.214044558988959 5.2636671962514745 1.6538567555133756
50600.0 6.335806 18.820908 5.726654009949972 5.775031203655636 1.730784434029499
50700.0 5.728194 15.656660 5.0712182720777434 5.165380786087017 1.704869332061404
50800.0 5.061903 12.784819 4.813958929102492 4.801536543041441 1.7046133942327495
50900.0 6.079948 17.477759 5.291906566375087 5.418988940445515 1.6981618426830265
51000.0 6.468651 19.024527 5.68166474990775 5.738529450015837 1.7339021334585123
51100.0 5.885411 16.648887 5.314826140546349 5.370521837362942 1.6707251181858813
51200.0 6.538188 19.018176 5.7245401627643275 5.802178746491 1.7763793923056113
51300.0 5.810559 15.458886 5.249305961550428 5.309340066968459 1.6262648569026104
51400.0 5.807462 18.342458 5.095420221353705 5.2263111914345695 1.7792675670776092
51500.0 6.343327 19.369988 5.463611566489678 5.656665334043708 1.7172015389444277
51600.0 5.835446 18.296407 5.0488990147970245 5.17260673475803 1.6781125964918886
51700.0 6.102568 18.680889 5.470141484482746 5.584213550783153 1.7228235259283895
51800.0 6.196285 17.695414 5.569828541569243 5.623767730444615 1.7492061711884153
51900.0 5.460835 13.243988 5.128918500744393 5.159919664502325 1.7636038054822296
52000.0 5.855142 16.399215 5.459929654116461 5.478997740035827 1.7461939722710496
52100.0 6.160517 19.410835 5.2942153289087015 5.495634602870239 1.6302764855064542
52200.0 5.521496 17.806234 4.778205124637776 4.854468838794051 1.770343002972845
52300.0 6.642700 20.726832 5.786398475082191 5.9328672116069345 1.7364834848509751
52400.0 5.787292 15.569423 5.2644408188138145 5.296010001242483 1.6984596255326192
52500.0 6.048702 16.852710 5.455647495551219 5.504889036038861 1.7611672326140213
52600.0 5.793114 16.268407 5.150482731731772 5.254530980660567 1.745750077725616
52700.0 5.877989 18.906732 5.072148232831667 5.2152993562930225 1.751135348172676
52800.0 5.850973 18.550973 5.216050015531772 5.340504787790129 1.695712428050502
52900.0 6.272372 19.970122 5.511728425169891 5.66197489791095 1.6681746741457275
53000.0 5.711718 16.870552 5.036312343792767 5.1244581452738664 1.7011297860141248
53100.0 6.185306 18.324499 5.405397604781759 5.5215225336921225 1.6879133956269516
53200.0 5.714930 16.998983 5.05667504626876 5.1410310103147925 1.7147010149422077
53300.0 5.862098 16.706414 5.131214613175997 5.211523659443691 1.6198354444762286
53400.0 5.853048 14.057701 5.253585322551677 5.39853291367469 1.702557940188149
53500.0 5.780155 19.233053 5.07826983305532 5.131603268241558 1.7735245395494705
53600.0 5.570551 14.248110 5.000854033985766 5.045125960495001 1.7310327668731222
53700.0 4.930211 12.890104 4.5997614195223475 4.65842385884657 1.7123377513527853
53800.0 5.411529 15.157066 4.780072128286395 4.8489036398726295 1.7122245604478288
53900.0 5.793598 17.807720 5.228903416790675 5.310354802202668 1.748207204276898
54000.0 5.110814 14.583457 4.6227993174880915 4.689098758972712 1.7002347017762307
54100.0 5.717431 15.460950 5.1470547008422365 5.211688867462475 1.7246193747234042
54200.0 5.791528 17.898555 5.005421479303984 5.081332202956728 1.709256334610292
54300.0 5.791951 16.194234 5.205312946684493 5.3331066830629315 1.7193832537418678
54400.0 6.353960 18.794135 5.676860183235841 5.796489558002646 1.7360481121691913
54500.0 6.431771 19.754986 5.664388595922556 5.836198218654312 1.7213907364446885
54600.0 6.214272 17.975722 5.5126986017134225 5.646035047141445 1.7823103576892319
54700.0 5.231252 14.979177 4.828083616137137 4.866098522738396 1.6829600391342918
54800.0 6.770439 20.517959 5.871498298290748 5.97199138744362 1.7758008294001417
54900.0 5.657153 16.597914 5.0598372049255 5.196037233166606 1.7034067585693615
55000.0 5.402694 16.666614 4.8565766581307175 4.931980011126617 1.6729766022330548
55100.0 6.311764 18.307911 5.564001809779729 5.677261850799708 1.7965907113122148
55200.0 5.619959 15.946783 5.066971148118619 5.235710435384503 1.7274318991581736
55300.0 5.937739 17.672212 5.262225033845927 5.344154093864877 1.795200619773399
55400.0 5.729764 16.214914 5.098809935073437 5.154263996314728 1.6823118590062276
55500.0 5.237281 15.234395 4.729320483829008 4.8085955299403595 1.7338468604059034
55600.0 6.085533 15.056134 5.407544584620405 5.478642839323793 1.7374626657067413
55700.0 5.026365 13.219545 4.487602598660122 4.603895280275827 1.6690061579662339
55800.0 6.068695 18.026119 5.485893467189064 5.533103375266149 1.7656439910015145
55900.0 5.826077 14.747445 5.353726277976643 5.3941481259750335 1.749698466512999
56000.0 5.837615 17.382042 5.075558953327208 5.157188961317119 1.7003777455279205
56100.0 6.329074 19.880160 5.481249383132153 5.646631523812464 1.7184688750516772
56200.0 5.442884 16.776531 4.7764297176207435 4.927395212473311 1.6767520698765552
56300.0 5.345219 17.072166 4.8635288727569765 4.966206600663619 1.7599495672286651
56400.0 5.278075 14.841330 4.8501444983593 4.869256894473986 1.7378247175198567
56500.0 5.778762 15.572687 5.254217446701893 5.267328733253338 1.6872912928910888
56600.0 5.310195 14.282701 4.8700752845098885 4.951558381088902 1.6626522223843234
56700.0 6.369334 18.854062 5.5809571405287395 5.683005508673217 1.7378730637648512
56800.0 6.167446 18.223224 5.456889215394057 5.588137714395383 1.6791407797936324
56900.0 6.069191 16.317524 5.3496272994443625 5.435719046152553 1.7191183275465378
57000.0 6.176204 16.416976 5.611106715396445 5.7018754968681815 1.7030178365260888
57100.0 5.394293 14.667755 4.848032582733544 4.874994598051717 1.6896033958860512
57200.0 5.830978 17.188462 5.220063368787708 5.307422333646622 1.773541396780542
57300.0 5.470854 15.497772 4.986352190667475 5.040944659188943 1.6990489701991593
57400.0 5.920233 17.103809 5.314187217370586 5.393237636685749 1.7676599335610341
57500.0 6.033148 18.609343 5.409330893646764 5.527842150118848 1.739119783957101
57600.0 5.826256 17.767133 5.147680358235942 5.231195808027242 1.6757142211604577
57700.0 6.190574 18.324540 5.522571557953615 5.601074911998207 1.6973332792807745
57800.0 6.175495 15.398265 5.5488487952857515 5.6879457582329165 1.6887547269159593
57900.0 6.053003 17.849391 5.450957655586685 5.519716361393537 1.7027479566203776
58000.0 6.043293 17.612421 5.2942546070399015 5.364980318967921 1.768401087139592
58100.0 6.540447 19.453816 5.66060606840738 5.789294725204468 1.7073971520424285
58200.0 5.810720 15.885397 5.097171587954544 5.217330945797458 1.6823364960275202
58300.0 6.654427 19.103307 5.86788152925207 6.004045873679076 1.7249117858905194
58400.0 6.133923 18.709194 5.357932164931503 5.418422219865732 1.7204064499524223
58500.0 6.003542 17.154871 5.253665044043305 5.341322150852817 1.671241185528967
58600.0 5.162481 14.568869 4.725013184679513 4.758736489088218 1.6645920720551057
58700.0 6.186496 18.470377 5.450181358800568 5.565245983345502 1.6965516785895287
58800.0 5.989769 18.580838 5.264430627758933 5.378265927766454 1.7479540003497662
58900.0 6.228332 18.331483 5.603206254881706 5.621768542820248 1.67294982835453
59000.0 6.029918 18.069250 5.298343617840559 5.377816898181229 1.7080730116898297
59100.0 5.734414 14.714234 5.203669329477781 5.2550775899257065 1.7265384754640303
59200.0 5.565983 14.717886 5.016294013068031 5.044356517311838 1.700650119133289
59300.0 6.499372 19.227397 5.664625271956739 5.828780849788876 1.740422532714929
59400.0 5.470711 15.670389 5.069848191204955 5.085160634644327 1.7687507747954963
59500.0 5.836985 16.929867 5.1896783338596295 5.245059456304587 1.7433293649437265
59600.0 5.478609 15.677445 4.9247242634156745 4.932972141324582 1.658459572993206
59700.0 5.563956 13.149205 5.147291758546293 5.182220624505851 1.708371272725947
59800.0 6.509890 19.276684 5.655187971849985 5.803606255615944 1.717681213444908
59900.0 6.349818 18.582622 5.599745316927886 5.695694259099774 1.7188479395971663
60000.0 6.145808 20.432927 5.2540659297275445 5.408876919416276 1.6797394436936515
60100.0 5.389336 15.991180 4.9529960200611844 5.02766899842141 1.7591517923152995
60200.0 6.386367 19.417135 5.637536964051799 5.705330792184501 1.7995736230083754
60300.0 5.369438 16.922819 4.74373123090078 4.924816247734234 1.7212713494238028
60400.0 6.461103 16.699870 5.787291687749317 5.860640345278352 1.734580618115487
60500.0 5.457386 16.245226 4.8969454805732395 4.951954442625509 1.708966995828991
60600.0 5.053711 12.450039 4.664237829436548 4.730875806144588 1.6201271859574753
60700.0 5.887981 16.960581 5.2585061970968185 5.303449841687335 1.7867932472426065
60800.0 6.235308 18.926882 5.4209294977398175 5.55798406631374 1.664019097299385
60900.0 5.874519 18.009927 5.199111805403352 5.303084200145515 1.7135690705387159
61000.0 5.996391 19.393649 5.223381186156104 5.338507980747893 1.74259744923674
61100.0 6.456716 19.447503 5.6228724313109275 5.754492001991931 1.6856732628206097
61200.0 6.179788 17.556594 5.514414052015339 5.645374511411722 1.715052801344486
61300.0 6.443996 18.565495 5.713649591635058 5.800147790040471 1.7495885989502278
61400.0 5.153047 14.188544 4.575503931130348 4.7427786507513865 1.686752466528215
61500.0 6.676311 20.567650 5.869545715359421 6.001162990566792 1.7165844398529042
61600.0 5.099478 10.104678 4.941919292542162 4.935577732973508 1.7798422576186437
61700.0 6.459985 19.970261 5.577295933036735 5.729306979079982 1.742528830887137
61800.0 5.305545 14.179090 4.828869065940665 4.918236106057026 1.7133436178385193
61900.0 5.799376 16.805837 5.111322421734469 5.197025307729316 1.7894954770288083
62000.0 6.050376 17.399980 5.378222188284274 5.451917708174913 1.7622148754440379
62100.0 5.854754 16.817569 5.10464815528986 5.226459567394234 1.6817124587048986
62200.0 5.917965 17.416850 5.260292189821718 5.36865546638806 1.704908370597663
62300.0 5.915980 19.053142 5.289383656442727 5.393727734600162 1.7525488801039937
62400.0 5.567949 16.916058 5.02031300999994 5.11493139235672 1.703709286938279
62500.0 5.382861 14.722353 4.8908302925973395 5.008702383823634 1.700655966482176
62600.0 5.326996 14.589340 4.81676243827974 4.890723047909872 1.720645016999313
62700.0 6.154484 18.703643 5.380550305273303 5.538046219259199 1.6869907728037492
62800.0 6.498706 20.049267 5.623281059920282 5.756231090634406 1.7541312895339356
62900.0 5.699252 17.654651 4.976252925279508 5.0846215832315185 1.6509065260690072
63000.0 6.249664 18.389149 5.4715669546569945 5.553174859185175 1.7565110454197852
63100.0 5.527094 17.968621 4.809128905294477 4.933547835750192 1.7472826119292315
63200.0 6.080363 16.923117 5.68144140944786 5.634018613527721 1.7913009539670643
63300.0 5.691886 16.261866 5.148084150324562 5.23557369489147 1.6350848788373147
63400.0 5.789254 17.038120 5.066946270719085 5.174338512552602 1.7257464254011323
63500.0 6.024938 18.214494 5.375461240092415 5.43557055621427 1.7736449884233518
63600.0 5.627572 17.286031 5.0175574513789485 5.120187155966181 1.7312933823683687
63700.0 5.728821 14.958364 5.090192020785358 5.132023343064328 1.681877312923379
63800.0 5.806310 15.717356 5.192799269949166 5.220539009047352 1.7416508048226726
63900.0 5.587628 14.511059 5.174450811294253 5.1867647650434625 1.6915093539634571
64000.0 5.327805 14.189132 4.812767443919327 4.95166278172059 1.6822917381285052
64100.0 5.449436 16.005297 4.978668933548433 5.060858984017077 1.7323556483551616
64200.0 5.742098 15.998008 5.106592305705832 5.1837977697566355 1.7419317449952874
64300.0 6.390263 18.604490 5.63072776197557 5.744492041853048 1.7387756880406613
64400.0 5.614236 13.808150 5.149829396663593 5.255676661112581 1.6760557711078679
64500.0 5.873415 15.858069 5.392706877684272 5.454291896200319 1.6476404252392605
64600.0 6.013593 17.895089 5.40838525859123 5.446897563307286 1.6765080226410665
64700.0 5.731176 15.434200 5.355086467505016 5.392170092776132 1.7326236343678876
64800.0 5.002991 13.682386 4.646615139219662 4.6971867016384055 1.7318689846295912
64900.0 5.589067 15.696493 4.852208902431488 4.981147495746264 1.7588737118002586
65000.0 6.053996 18.371542 5.383916410438493 5.54948231062909 1.6847158903973791
65100.0 5.677188 16.838202 5.007957650005748 5.12079469978677 1.6838072028878073
65200.0 6.040548 17.639478 5.43130625920073 5.532964017731141 1.695756467290176
65300.0 5.937589 17.892063 5.184181285820402 5.31446929672944 1.6831285693306657
65400.0 6.426660 18.735909 5.665599126542087 5.705732789746482 1.732399105338981
65500.0 5.492951 15.082280 5.0699704684432705 5.108009514781499 1.747047286997956
65600.0 5.412294 15.115264 4.941458798284534 4.9732215105402915 1.7177884487334398
65700.0 6.203837 18.764045 5.453582206995545 5.591980978348204 1.7706713446272144
65800.0 6.308771 20.210524 5.405197909579944 5.571800701251786 1.7854826156478898
65900.0 6.336628 19.392637 5.609001094016947 5.699048358437756 1.6701646185953474
66000.0 6.391835 19.558421 5.469957966358851 5.6781111532526785 1.715732126832118
66100.0 6.817677 22.330634 5.835877745529456 6.0154292406620495 1.7171377438014004
66200.0 5.285020 13.678883 4.8371636221224925 4.922339472899118 1.669894963527424
66300.0 5.875536 16.324600 5.340506628652482 5.376042001699345 1.7947713204032583
66400.0 5.819885 16.606812 5.458619199879551 5.4849842891613525 1.7746911090312991
66500.0 5.532565 16.176239 4.92327151099948 5.044178829275972 1.6363689101760077
66600.0 6.043278 18.455839 5.336322607053182 5.4052753674598755 1.6479514813304976
66700.0 5.511588 15.286949 4.871889798697884 4.929862603696856 1.7779398467522969
66800.0 6.193462 17.884949 5.498444298064981 5.597124650320022 1.7284020674973501
66900.0 6.181594 17.534580 5.60923527647566 5.694519658451482 1.7476064354625322
67000.0 6.222727 18.580997 5.43670932606329 5.536760560740506 1.6697592106625492
67100.0 6.328487 19.580525 5.537281454535309 5.6884663745816395 1.6984771694316023
67200.0 6.110252 18.188792 5.31662216964477 5.455807052636509 1.7227203163239952
67300.0 5.888699 16.986739 5.2846753611961494 5.339958853058977 1.7206559732743387
67400.0 5.566370 14.410210 5.053717362382622 5.122837832003802 1.6785918332662983
67500.0 6.005776 15.929792 5.416945880460115 5.533301238324444 1.7552636402566908
67600.0 5.351842 16.332257 4.862509964582639 4.9621600081863155 1.7048845627164826
67700.0 5.879125 18.083126 5.28204678412746 5.387343379849747 1.7255736849311405
67800.0 6.455203 18.646399 5.735449555958854 5.811277183050321 1.7299953448981016
67900.0 5.856201 18.192536 5.302197468346236 5.426328675224049 1.7565196049559562
68000.0 5.671798 18.091343 5.023866671767516 5.174763111990246 1.675626711909107
68100.0 5.536302 16.951409 4.817808095763907 4.933242530239948 1.7600107267399028
68200.0 5.431639 15.358911 4.85199919294127 4.906962364591952 1.6647436718948012
68300.0 5.954185 18.135430 5.193856753002249 5.326241450650059 1.6897584791015798
68400.0 5.711730 14.704211 5.14121907801479 5.18359549574151 1.6613398950622364
68500.0 5.814995 16.257909 5.30286514824899 5.362419570689418 1.7035055515809152
68600.0 5.564962 16.664852 4.885594020418898 4.956855590465574 1.738358188876553
68700.0 5.988616 17.122831 5.2408770190504255 5.374591139462896 1.7148032345474518
68800.0 5.497903 14.581917 4.8797777990113635 4.98997983518239 1.6493036855553929
68900.0 5.844480 17.485573 5.183201806687521 5.285374987084228 1.6178891886137305
69000.0 6.378205 20.745587 5.482507322242327 5.6518143692319045 1.7277563874402375
69100.0 5.363314 15.789826 4.916701472274453 4.995226203404826 1.7285582185102009
69200.0 5.989905 16.128641 5.410649363545442 5.499976886356496 1.7445289047915273
69300.0 6.134325 18.677476 5.5173165779287245 5.621718859382962 1.725517355232468
69400.0 5.639050 16.666689 4.9514565145101725 5.058670502935185 1.6004708913207204
69500.0 5.348199 15.139440 4.940292019132029 4.998595119875204 1.6612174309254317
69600.0 6.076574 17.133693 5.54579785136955 5.641599658176144 1.8050361565160622
69700.0 5.677270 16.621856 4.996107017310236 5.156567139340331 1.7883176969177776
69800.0 5.035132 13.770220 4.543922617382477 4.638754717558942 1.7620382416594098
69900.0 5.695559 15.468477 5.254039951744188 5.320723830540494 1.7299281593399027
70000.0 5.273643 13.871531 4.731012868136888 4.75427325507297 1.634372921116105
70100.0 5.388929 15.860048 4.719750287350451 4.857121877389559 1.6720469214105904
70200.0 5.719067 15.985665 5.094116009239746 5.17330270289768 1.6673885431606907
70300.0 6.163540 17.985258 5.378487316000616 5.466492804953206 1.7203236823573447
70400.0 5.853115 17.905847 5.182326834280458 5.298185548709052 1.7828955701547822
70500.0 5.405559 15.218094 4.798412189457983 4.839969197121735 1.665149546723983
70600.0 6.015087 16.752750 5.46901077749371 5.488924198255657 1.7125683573011579
70700.0 6.088880 16.655902 5.479524120521379 5.547507184656821 1.7475542620042301
70800.0 6.165557 19.508409 5.3899369799365395 5.501308164464791 1.6771072783276926
70900.0 5.118603 15.127708 4.62899299951822 4.647987335950587 1.7057697431633922
71000.0 6.407275 20.061836 5.573813196188709 5.692956215067817 1.6707413239407063
71100.0 5.742433 16.583895 5.2825388580475865 5.323228387659084 1.6807192574606191
71200.0 6.210669 18.757968 5.4715787651615795 5.555811412685036 1.7955568062236733
71300.0 5.353589 13.719833 5.009618364599189 5.069733989327176 1.7173051002771353
71400.0 5.698277 16.796073 5.046478691861909 5.166882703515774 1.7142050922902157
71500.0 5.846591 18.037299 5.015950955478822 5.14061384879738 1.6206370176560803
71600.0 5.669354 15.744694 5.132413786501759 5.20900990875025 1.7473749944968255
71700.0 5.267969 13.374671 4.922805318787235 4.963440996299706 1.7094486797893318
71800.0 5.733951 16.736888 5.027407102333829 5.092178430552801 1.73976713190414
71900.0 5.663595 16.317185 5.095501760686526 5.119050944049091 1.6748275465460003
72000.0 5.775679 14.757614 5.089561699181331 5.159785418588098 1.6839403628716616
72100.0 6.035592 19.218957 5.194924988231256 5.3347954549540555 1.6636915463347852
72200.0 6.283192 17.155226 5.565050798410032 5.6791946819002375 1.7385723615261135
72300.0 5.774316 19.206792 5.043116260253876 5.209615556223307 1.6879793532505314
72400.0 6.106828 17.300809 5.28816105647948 5.452045724353093 1.7096105434273488
72500.0 5.697664 16.896797 4.949403649982669 5.023229589186153 1.7026443074598099
72600.0 7.028363 21.682150 6.011323858137696 6.16417420444218 1.7786349847175782
72700.0 6.512824 20.578989 5.6995309182364 5.761051234184214 1.7352760019212048
72800.0 4.922247 13.808611 4.6516099146689305 4.668319010793068 1.7371794892295982
72900.0 6.185748 20.152455 5.298157068983821 5.522367205069797 1.6863639858589623
73000.0 5.096269 14.736500 4.61798137682564 4.730351133153062 1.7097284593476272
73100.0 6.187477 18.480450 5.506953390064666 5.606082156882033 1.7767820989485466
73200.0 6.045579 18.657612 5.274519662222073 5.36678764974545 1.6648933213742654
73300.0 5.770044 15.381914 5.288635219101394 5.411491246105959 1.7198118517255636
73400.0 6.002378 16.703223 5.599188899183061 5.624272418378398 1.8032920877929972
73500.0 5.319460 15.978433 4.818339958215363 4.896978289239451 1.76712953207881
73600.0 6.523711 20.647012 5.685888869261002 5.840729072372259 1.7101252787779508
73700.0 6.067442 18.865267 5.283121921034004 5.4251983526299 1.6528305267927268
73800.0 5.972094 19.319777 5.121044152682416 5.287661628720796 1.706026737165051
73900.0 6.022003 18.909814 5.38653999262156 5.499416382254048 1.7405843847387261
74000.0 5.879113 18.805173 5.05808801930759 5.239416427518869 1.6818502063926923
74100.0 5.233882 13.831379 4.804798154374105 4.863045253674145 1.6403145221845807
74200.0 6.271063 19.708120 5.379330236024421 5.560430364750084 1.718184477617948
74300.0 6.295209 18.763479 5.548864218421552 5.662382399218162 1.6985616091479456
74400.0 5.605668 15.481864 4.970130387980171 5.042035198530786 1.7269145888747044
74500.0 5.105146 14.726055 4.730210443916472 4.763041711589771 1.7813374424065198
74600.0 5.550887 16.450432 5.0974810639079005 5.168597171995226 1.712102356656123
74700.0 6.331018 16.913145 5.678833050348001 5.739154718032213 1.6967095164290649
74800.0 6.205156 17.715759 5.520964658216059 5.63956772326024 1.7374705027896478
74900.0 6.066858 17.397376 5.3496230672901826 5.444070254641902 1.7947492802679232
75000.0 6.069866 18.461164 5.459463474420518 5.543009072019246 1.7632854736781964
75100.0 5.977794 17.876084 5.322433282619281 5.378558071594109 1.6919669468601488
75200.0 5.762949 16.922843 5.170741574960677 5.2847600655166005 1.7529131751410645
75300.0 6.183905 18.741754 5.481685482702701 5.572057398364368 1.793310237441879
75400.0 6.121699 18.177792 5.339004175773778 5.496454376586577 1.7327489381638486
75500.0 5.825901 19.445827 5.028125065343781 5.295201321733653 1.6968685464882598
75600.0 5.626341 15.798067 5.2104164750788895 5.2810536993395285 1.7489790342300477
75700.0 5.999265 19.250044 5.132806787653914 5.291274789737696 1.7255087749234348
75800.0 5.715162 16.407900 5.033236803156797 5.134189990214109 1.655406404733402
75900.0 5.565289 14.801758 5.0090861249237095 5.097124382831404 1.7168325415028582
76000.0 6.348055 20.261565 5.517032805202526 5.60324780498138 1.6851514260573137
76100.0 6.067810 16.210756 5.428759461615464 5.55875479459354 1.706225149727326
76200.0 5.536094 16.383424 4.913852857994742 4.98716601475162 1.7631129729357549
76300.0 6.528467 21.024612 5.584742271853214 5.730433478622168 1.709616971993698
76400.0 6.174366 18.952751 5.333110930663986 5.515621839087866 1.7423384216711664
76500.0 6.241429 19.801959 5.290829573472659 5.465821040924576 1.7078367832736074
76600.0 6.129375 19.166828 5.36825414028075 5.447245393762914 1.7165129453302228
76700.0 5.989811 18.906546 5.24590021495434 5.350542115292191 1.7053492906167058
76800.0 5.778936 16.338929 5.042241803367017 5.206854326007614 1.6584750142133822
76900.0 6.233534 20.329899 5.411912194961562 5.502146685876778 1.7565952649081598
77000.0 5.683165 18.034657 4.97260230778014 5.0963820318944775 1.6787687408482628
77100.0 5.234879 14.667442 4.6094179496673915 4.712520742537316 1.6961079421079825
77200.0 6.041847 15.647498 5.448123563687253 5.55141672557738 1.7765346104785784
77300.0 5.865073 17.379715 5.249758452825078 5.3171828980982045 1.7380763423961085
77400.0 5.308964 11.546282 4.9855098459181715 5.001737388379042 1.7605986946379548
77500.0 5.553638 14.777253 5.1118616791341465 5.064972379912492 1.7595565358023304
77600.0 5.554614 16.707007 5.038376194394428 5.150258720301064 1.6446959783987223
77700.0 6.040261 18.565267 5.4205983758422605 5.447422476901314 1.7022936062635632
77800.0 5.670737 17.533328 5.0380775195183025 5.171482967692973 1.6788662258688005
77900.0 5.704014 16.828388 5.093365040803962 5.132757002237472 1.7345934227836644
78000.0 5.607431 15.681967 5.038440342378229 5.098945228531748 1.7097568711080269
78100.0 6.583475 20.771126 5.647900736255952 5.796037110532467 1.6559140591851733
78200.0 5.721648 16.395138 5.158274989058155 5.284984272399352 1.6376085774337006
78300.0 6.039856 16.298156 5.514117296365657 5.529139966959029 1.7368992689575922
78400.0 5.346943 13.546579 4.864162123087581 4.928451832240866 1.801065521149145
78500.0 5.556443 15.668555 4.977674378710367 5.077073229043866 1.6829222145310616
78600.0 5.663199 15.436806 5.151083117672804 5.215460448267842 1.7172596977416208
78700.0 6.055174 17.706379 5.466761671792261 5.496860502065596 1.6892679408932207
78800.0 5.992723 18.139444 5.324066604235669 5.366344822335587 1.670873589214661
78900.0 5.789296 16.076454 5.25291203787995 5.287486516404916 1.7463749929473054
79000.0 5.527994 16.806068 4.869547425625317 5.028825061168761 1.702250032680002
79100.0 5.593206 15.187082 5.146353892097916 5.139490745014678 1.7299400027389091
79200.0 6.160206 17.871614 5.521382916177989 5.59766090069898 1.6999405514605403
79300.0 6.166843 19.628171 5.270639756688331 5.400081401199026 1.7168936933128613
79400.0 6.192697 18.420216 5.481730969093075 5.592504549472909 1.6547620925106497
79500.0 6.713491 20.183741 5.846991146431329 6.031945917335855 1.716475695254704
79600.0 6.082978 17.853019 5.305799374646979 5.410202920063477 1.7637612558232263
79700.0 6.348599 19.757355 5.5099100224972855 5.648821424332018 1.7239969357530787
79800.0 5.620057 15.293551 5.078002876368741 5.184899450140692 1.698367844811461
79900.0 6.503717 17.186778 5.688818579144767 5.759128460163216 1.741068674101592
80000.0 5.924836 17.533386 5.19616826915191 5.2734031963180685 1.7197705633373457
80100.0 5.773824 15.381413 5.242986506912136 5.267975549004403 1.7503264341987597
80200.0 5.755446 16.943419 5.194937551179319 5.289924517739208 1.6534878979366865
80300.0 5.834275 17.625719 5.243631190501248 5.3187229578526845 1.7118036969857968
80400.0 6.220984 19.751638 5.315581756314985 5.483232114178655 1.711687885345406
80500.0 5.639912 17.142876 5.014834396560145 5.158891818400391 1.6557775284502334
80600.0 6.304560 16.444317 5.6351554405266535 5.664303829289488 1.7233385237214662
80700.0 5.528902 15.714674 4.909728686516786 4.966295565126864 1.6649450907944237
80800.0 6.223542 18.693956 5.445079146610023 5.562691785145445 1.6970738327017556
80900.0 6.232238 19.982088 5.444692784171437 5.554940168090963 1.7477851540577427
81000.0 5.775428 18.499810 4.89080337137212 5.076276960276452 1.652302792582569
81100.0 6.324637 18.751198 5.507168813901982 5.593068661443152 1.732387429288967
81200.0 6.245798 19.602586 5.481790078242611 5.6277567274667755 1.689790369081098
81300.0 6.019151 17.735007 5.363487082546507 5.416103554931568 1.7287896564335654
81400.0 6.377251 19.366131 5.481107522938654 5.63846331386069 1.7052139146408327
81500.0 5.818200 18.089089 5.127917406292367 5.265040458466818 1.7396317423198098
81600.0 6.369502 20.478674 5.4894911595660485 5.688639708594653 1.6492864768464541
81700.0 5.496921 17.451413 4.899844167792301 5.021555032441203 1.6822570446282477
81800.0 6.388632 20.252832 5.437092458659722 5.578683610647479 1.7654497742442217
81900.0 6.086483 19.581190 5.36357898824272 5.554999008731142 1.782891842696458
82000.0 6.144740 17.513000 5.3898717767298665 5.5245869151351945 1.7368627907237342
82100.0 5.503713 15.808500 4.8159264940938185 4.906568541880714 1.6467345073451534
82200.0 6.263891 18.556937 5.521085844540993 5.632782502533251 1.7263888259412357
82300.0 6.425950 17.658147 5.813372302839963 5.877459818759627 1.7597886891030885
82400.0 6.143154 19.096311 5.343718050163744 5.443922779384671 1.6779618244936594
82500.0 6.680529 21.403711 5.774507440597658 5.849582307209073 1.801088906869974
82600.0 5.564771 15.803635 4.949774922067123 5.050801553125818 1.7241686348959848
82700.0 6.003943 16.054435 5.412115216512239 5.510425614464714 1.7032966234888842
82800.0 5.933222 16.331890 5.495922236507258 5.511816207108111 1.664699564247059
82900.0 5.889054 17.188711 5.36849375445675 5.369073214454963 1.731758593816777
83000.0 5.268370 12.947388 4.751221796470734 4.785731072257033 1.7211720406524456
83100.0 6.095831 18.987523 5.248971390636651 5.37421496688088 1.7364545695387292
83200.0 6.051288 18.701328 5.322944877067719 5.456859130100781 1.7327526398655364
83300.0 6.078980 18.089821 5.45592942000825 5.597480198620413 1.7433978336214853
83400.0 5.398060 15.617120 4.914732825175689 4.955737444279387 1.7601812558884886
83500.0 5.204680 16.092688 4.57597820545531 4.6345844487485515 1.7820261937447128
83600.0 6.180956 17.644207 5.575495568631041 5.645007155247375 1.7849939348691066
83700.0 6.146193 18.580553 5.428802356463717 5.540587427619026 1.7591254283397704
83800.0 5.815131 18.140158 4.991938598172175 5.195938667406122 1.6205190330932735
83900.0 6.338521 20.480282 5.551727367644487 5.724692571031308 1.7241060862110746
84000.0 5.922004 16.513857 5.323974051051167 5.353980394257544 1.709985322934293
84100.0 6.028044 19.253081 5.223519948422833 5.427003926581232 1.719728568418874
84200.0 5.752101 16.354065 5.126825618553171 5.181503591993749 1.6968421203128072
84300.0 5.322889 15.312356 4.751577654181107 4.819002044904564 1.669918002561216
84400.0 5.697671 17.157324 5.163772358019367 5.21319720740349 1.737819821720367
84500.0 5.952644 15.189017 5.3949915658163965 5.4968836770004 1.6939247558586843
84600.0 6.019589 16.164611 5.453597381527982 5.489774675155009 1.6960326655400544
84700.0 5.885110 17.421341 5.255967567825101 5.356990889094002 1.6886394174338246
84800.0 4.881200 13.818319 4.422781040159348 4.594883098660865 1.769042901880247
84900.0 6.364264 18.719799 5.581820616921079 5.68388024208601 1.7188900514238699
85000.0 5.573026 15.217523 5.0646561421149645 5.073824962134186 1.721719911517231
85100.0 5.959690 17.712002 5.208913309061821 5.356525176946565 1.7599318649702627
85200.0 5.080265 12.570129 4.7244635560564765 4.778118557903762 1.6635824396320866
85300.0 5.796143 15.354129 5.2269109558239775 5.369311183392923 1.7475304648234042
85400.0 6.311509 20.064367 5.518167731683034 5.65753559267096 1.8105385996141237
85500.0 6.002774 17.030768 5.207035072487085 5.312936149319414 1.7183511975099133
85600.0 6.015804 16.491816 5.317251417214326 5.425655786673673 1.7067075970050107
85700.0 6.382039 20.667516 5.490764542517641 5.603300398601999 1.7363498252779674
85800.0 6.215835 17.763222 5.596185854914937 5.620205953361834 1.73461788788338
85900.0 6.180630 19.021297 5.328433063035399 5.4458572698017065 1.7169669593231305
86000.0 5.403856 15.599769 4.937047090904233 4.998071666328266 1.6557422805810333
86100.0 5.738523 16.048333 5.161219239036688 5.23676443408592 1.7380124357170967
86200.0 5.261734 14.344188 4.611766214294693 4.734803027065898 1.6802826229512582
86300.0 6.028061 19.181404 5.179796523420949 5.387473213215602 1.7492737867463124
86400.0 6.005735 17.496386 5.418307001784842 5.462031308907353 1.683117606788662
86500.0 5.457664 16.205705 4.775061433482932 4.898748283262714 1.6604732014502124
86600.0 5.554333 14.260685 5.129719139610672 5.177402345459579 1.7210260319231376
86700.0 5.286338 14.124915 4.942206965555021 4.973566183425226 1.7265946075176848
86800.0 5.982726 19.063086 5.192081092199413 5.334270213493372 1.744260995881744
86900.0 6.143722 18.172413 5.3513347237506945 5.444793085592907 1.667000665614861
87000.0 6.223744 17.421305 5.563603722491801 5.670419296350504 1.7938251480610228
87100.0 5.080902 13.641420 4.545333596151592 4.585452110871585 1.7323257396328664
87200.0 6.004075 17.911479 5.271118176767059 5.31637042837156 1.6808943330679622
87300.0 6.100458 19.542197 5.263431245610091 5.472541811256459 1.733716486845005
87400.0 5.929602 16.516744 5.289453868665708 5.409173873383282 1.6739623392617786
87500.0 5.578344 14.989562 5.145075759902136 5.124530517869769 1.766416983798711
87600.0 5.940699 18.874044 5.206211772010294 5.309536114286383 1.7259889599076341
87700.0 5.837453 15.501097 5.315692086832077 5.395072190578661 1.6705053277387267
87800.0 5.564518 16.713710 4.862506927771991 4.934720094431532 1.7220993689860464
87900.0 6.315495 19.510028 5.501476519268923 5.6704006519580155 1.6638826302939422
88000.0 5.864553 15.872010 5.281707597807146 5.35649131099214 1.6750152948230361
88100.0 5.430525 15.906157 5.003508353265947 5.068874263532341 1.7191136253433636
88200.0 5.226182 10.688730 4.975409023360997 5.01843099778594 1.743183462748117
88300.0 5.490628 13.375267 4.960068809742372 4.993329423222241 1.667092643890342
88400.0 5.913233 17.181614 5.413403075728192 5.461981391489472 1.7235670377726195
88500.0 5.530255 16.189308 4.925478522813974 5.007048652500446 1.7139922284146742
88600.0 6.415130 18.678712 5.607231956227506 5.702871489149686 1.7846007937593062
88700.0 6.012446 18.219488 5.243421424285504 5.404314159640139 1.7186566799006509
88800.0 5.371192 15.715976 4.821859221617446 4.917153223761719 1.5516949510455553
88900.0 6.018827 19.293027 5.283655500908809 5.403029777540711 1.723397110145686
89000.0 6.055028 16.415727 5.50815566960197 5.5683751361775125 1.7185075889474977
89100.0 5.849653 15.790719 5.2233273448861 5.301631501019565 1.658574288366056
89200.0 5.321908 16.446703 4.737843937154237 4.849668683381078 1.6656462478319471
89300.0 6.145951 19.090146 5.305312730509291 5.448685934399522 1.7092583863475481
89400.0 5.506248 16.361920 5.046184053942363 5.084795869136848 1.7709274343146986
89500.0 5.861541 18.850161 5.1994897253622705 5.272395201882849 1.7808461402442004
89600.0 5.664202 15.779219 4.989691322870132 5.1711082113319655 1.73558510073298
89700.0 6.377517 19.503187 5.543691431354754 5.671051318526148 1.7487583045246982
89800.0 6.140720 18.231410 5.493442850890627 5.598752369640345 1.7340537825697475
89900.0 6.761138 22.249377 5.785928761443215 5.936453483825952 1.7090891795462588
90000.0 6.805809 19.775126 5.864285809679958 5.999906527559053 1.7377772917184597
90100.0 6.117854 19.495155 5.422393997072826 5.510334422990286 1.674374442469121
90200.0 6.057930 19.327945 5.27593711854188 5.440987622638886 1.6715091540432319
90300.0 5.754446 16.281916 5.105723838936294 5.213714697803346 1.6513484793286504
90400.0 5.258410 14.411567 4.727540510815055 4.825204187729797 1.7189768525445757
90500.0 6.259744 19.831007 5.4914617057786135 5.614409799673933 1.781871158466709
90600.0 6.173816 17.036521 5.472452356777901 5.544268578033648 1.688745167143045
90700.0 6.064480 19.408261 5.2304842221955665 5.364283180104245 1.763685406975587
90800.0 5.984413 18.122448 5.350011660683752 5.445531477391382 1.689061784279516
90900.0 5.210465 14.388489 4.9057448470250815 4.917119863067917 1.7109273712377138
91000.0 5.771392 16.486211 5.116215172168566 5.208403203655147 1.7664357446520444
91100.0 5.839626 15.668973 5.280207647404864 5.350315584196132 1.6805711581318425
91200.0 5.679232 16.375890 4.891988037537512 4.974965233314674 1.673238994206614
91300.0 5.563940 16.286385 5.080821096374793 5.127621452624457 1.6159242701360765
91400.0 6.282752 17.173138 5.713372617086103 5.8017050764452405 1.8010910413158778
91500.0 5.413281 14.720480 5.021743774446267 5.01617016983979 1.679112799708393
91600.0 5.977276 17.440469 5.201865928329561 5.342807333753306 1.630691258314516
91700.0 5.761435 16.165845 5.187931308417434 5.332463632039766 1.6699380602996265
91800.0 5.712690 15.419733 5.011555367196029 5.063544531664558 1.7384283995202592
91900.0 5.507603 17.951811 4.886197553761558 4.986273756187638 1.740611195233228
92000.0 6.116100 18.702650 5.321713080438269 5.4748086471761415 1.7247194075511323
92100.0 5.619549 13.770851 5.163215504836157 5.194825064202344 1.7310309595075641
92200.0 5.494924 17.235650 4.872979098045018 5.053167896680435 1.7120379364275404
92300.0 6.268111 19.996778 5.35221839361762 5.44308000566747 1.813053248676509
92400.0 5.745155 16.985863 5.169576624182058 5.314713268251493 1.6522457072335608
92500.0 6.036267 15.437964 5.306940744805163 5.419579126272781 1.7380467123967345
92600.0 6.323806 19.738281 5.473515038617707 5.642071549929439 1.7103775165201804
92700.0 6.032495 19.191971 5.266059338279811 5.398518474654934 1.7970693095301835
92800.0 6.040717 18.942470 5.214970463955423 5.340868411194977 1.6841023278508158
92900.0 5.541843 16.971096 4.963779847067955 5.0268595297173935 1.6873233636571041
93000.0 5.956648 18.612852 5.198050447841641 5.360790437150968 1.7176245172352351
93100.0 6.508492 20.502999 5.656978351026229 5.8010657825269965 1.6938962469752308
93200.0 5.609433 15.832338 5.0653739854146655 5.130163028227624 1.7528943848281602
93300.0 5.900299 18.367844 5.2212358564341494 5.312597799203732 1.670056985728739
93400.0 6.035166 16.835364 5.3893467920726765 5.429941596081796 1.7504333351161423
93500.0 6.031949 18.723197 5.334077852893077 5.443267812749964 1.7178279493252457
93600.0 5.205201 16.874036 4.609580721459979 4.733630741718689 1.7368331377138237
93700.0 6.661653 21.151766 5.673469601511645 5.891989372994864 1.7092052621236746
93800.0 6.273130 17.843811 5.50083205290422 5.6001695299734955 1.667264103867124
93900.0 5.707070 13.079988 5.4215151999759 5.360321050466023 1.78744206291058
94000.0 6.327840 19.320229 5.4989089349901175 5.63848659509773 1.7308520915856864
94100.0 6.032872 18.407923 5.231907994629035 5.359358443824977 1.6921193035625663
94200.0 6.011708 18.510219 5.3265702326768745 5.378299554084659 1.7510138261624562
94300.0 5.621587 17.145970 4.899933165199447 5.052977172172887 1.7091834280391012
94400.0 6.282812 19.683774 5.5892801977549835 5.651839877903588 1.7517605961073333
94500.0 6.179492 19.817756 5.4129694901516165 5.546770716012678 1.7369258619970545
94600.0 6.171190 18.306090 5.399241363931162 5.549073012442474 1.7387072705714874
94700.0 5.676546 15.944599 5.092600124291252 5.244970547994283 1.6839280787782684
94800.0 6.515724 20.502528 5.562228121881321 5.7388761979666425 1.7427857205996617
94900.0 5.433449 16.201769 4.962194380783365 4.968801496527588 1.7262746815346677
95000.0 6.546790 19.662808 5.8033448292938195 5.895610166492833 1.7736539942026404
95100.0 5.754633 16.139934 5.156504670155599 5.199271015884083 1.7110334149025799
95200.0 5.374871 14.501733 4.841775060797607 4.917557708655338 1.7082544089431677
95300.0 5.870764 17.262825 5.1038069386528315 5.233856453857186 1.7634208724817484
95400.0 5.331043 13.221118 5.0879417707399766 5.079981183416127 1.698141453101082
95500.0 5.965611 14.673480 5.519443431089229 5.5157197559887585 1.742100544940582
95600.0 6.041479 17.617181 5.333022004790535 5.44248596550684 1.6894494532930646
95700.0 5.705755 16.433857 5.181232427153263 5.248437028523887 1.7523402386089633
95800.0 6.365312 19.748183 5.490172474817253 5.651547109050137 1.7174118776911538
95900.0 5.260900 12.782334 4.9427888017934105 4.956542608456662 1.722324758011924
96000.0 6.449372 18.988406 5.660239625874541 5.755084216883126 1.7122263957054076
96100.0 5.362867 14.631388 4.8198283249825895 4.933680874502474 1.6861790690011536
96200.0 5.465137 15.703701 4.842612190838894 4.931438558573464 1.7146827788277252
96300.0 6.472691 19.776320 5.6880527837582004 5.843827757383255 1.776473550741198
96400.0 5.705795 16.265083 5.246952899375372 5.280394791272852 1.767447986323829
96500.0 6.279453 17.968118 5.482379230781481 5.586859508960716 1.7397583812847983
96600.0 5.630128 15.466817 5.09942275887178 5.179204095086268 1.6457729791588283
96700.0 5.548298 17.312502 4.844971297266887 4.974076296348832 1.7110929190210666
96800.0 5.965573 17.319834 5.214621731858903 5.318435729078519 1.6789398740250223
96900.0 5.305785 14.758740 4.888616140276487 4.965304748852294 1.8111115716394
97000.0 5.398844 16.916465 4.791799003733285 4.884544382617851 1.6866119572877036
97100.0 5.753976 16.326786 5.371511096740829 5.371988425291916 1.7339389163748373
97200.0 5.861744 18.591536 5.102021674737445 5.195559317575979 1.6595173152946419
97300.0 5.482767 18.284058 4.674167018866666 4.893419467512712 1.7072157361940072
97400.0 5.615307 15.970259 5.031289444312245 5.053590146962465 1.643822263728947
97500.0 5.260081 13.958630 4.716416345657702 4.758438918850697 1.682268480588094
97600.0 5.725125 16.460580 5.051150070214585 5.156651924594473 1.6887179647789934
97700.0 5.752095 15.416202 5.252538930183608 5.317779595767998 1.6991861158766526
97800.0 6.766144 20.070204 5.997840960446662 6.1572561636957115 1.7678520616422044
97900.0 5.361254 15.750994 4.897950216913336 5.020180090775899 1.7121451358681714
98000.0 5.400826 14.220845 5.174047290834293 5.1137465946593945 1.7025467505560992
98100.0 5.703801 15.033766 5.186893249602778 5.21910123728627 1.718625787081007
98200.0 5.126411 14.732123 4.4739869165761075 4.5719772143852815 1.6763457477282753
98300.0 6.095550 18.446306 5.430498663591626 5.482435836160385 1.724486227700183
98400.0 6.079100 15.951624 5.486727083848243 5.5347385953336365 1.6418958949405675
98500.0 6.286756 18.258207 5.534629634989913 5.596814423119242 1.7173070860591426
98600.0 6.135303 16.119421 5.6133489634380975 5.654253187516049 1.7534155372114049
98700.0 5.144956 12.287910 4.82473725927427 4.9073927270052415 1.7630159360606383
98800.0 5.758158 16.654599 5.089667798558265 5.171155100353908 1.777767573002159
98900.0 6.140718 18.545653 5.326555960100768 5.484869112522331 1.666615967309202
99000.0 5.984811 13.914761 5.4797830802794385 5.543769103495654 1.703509023562146
99100.0 5.864471 16.079543 5.355741946264429 5.417928824217385 1.6891281483224996
99200.0 5.782207 16.543986 5.2432520405600975 5.322995069184678 1.7753928971480843
99300.0 6.354997 18.064781 5.739427092677283 5.868898055356505 1.7257377064160557
99400.0 5.909251 16.673618 5.133851839241832 5.258373835568749 1.710303505375009
99500.0 5.546091 14.804916 5.015862202810433 5.087710939269351 1.6624364216149279
99600.0 6.504200 18.520394 5.7259727652954115 5.845399895612648 1.7117183317642315
99700.0 5.944151 17.446253 5.380625347315911 5.441077824361602 1.788793300722633
99800.0 6.055369 16.316480 5.445590319238272 5.505480485082247 1.7879486048312265
99900.0 5.779008 17.134817 5.136525706106966 5.270887086437945 1.7799640480859988
100000.0 6.320343 19.718701 5.56417366681259 5.675302349107572 1.7372820059511116
