# t rg re s3 s4 s6
100.0 5.085519 14.046529 5.8745234613673984 5.2324435848598965 4.561667095709135
200.0 5.516245 11.823579 6.158197294879108 5.513765670217752 4.148165549308272
300.0 4.580568 9.470668 5.763218784293908 4.8827990061716635 4.818967035520569
400.0 5.723196 16.053376 6.30961837287408 5.630446009542683 4.725165676417492
500.0 6.241292 20.017302 6.789525913841781 6.136144333036849 4.089287804048244
600.0 7.207127 17.243543 7.212618104116 6.904961772490915 4.354515496426481
700.0 7.122211 22.691766 6.936355902281588 6.725447350632711 4.0313000002645705
800.0 6.487746 20.507116 7.11436546022785 6.539643120046098 3.696585641221591
900.0 6.525450 12.619653 6.674384704273515 6.250359587276685 4.490160676528027
1000.0 7.156767 19.374353 6.973043047928686 6.750957654707324 4.1534505820299765
1100.0 7.305948 17.494353 7.0228126486231925 6.8008730321557564 4.53061487752948
1200.0 7.618505 19.032911 7.584338403041591 7.280614618188111 4.486935011065327
1300.0 5.953539 14.230728 6.748407281891877 6.037946141179825 4.618399770844244
1400.0 5.334760 12.463501 5.640258370985153 5.2568129096497715 4.180974780538043
1500.0 5.465441 14.963289 5.794419391110896 5.491777194643132 3.9343306917703296
1600.0 6.002986 14.849852 6.558225206588756 5.999544247968371 4.364856544581946
1700.0 6.606742 14.610329 6.895468471430883 6.456085319626325 4.397183623092784
1800.0 6.267535 13.318687 6.965036758041116 6.410569933131966 4.068916971927426
1900.0 7.567591 22.706751 7.848472903252084 7.355410306531355 4.362473074300776
2000.0 7.733428 22.548190 8.018725390174822 7.5453835809058365 4.182085917686906
2100.0 8.412521 24.055190 8.380395685517739 8.003622220098842 3.8506756018575183
2200.0 8.063451 23.609662 8.432469660362328 7.9429524826191455 3.8676094741567915
2300.0 9.120957 26.390429 8.932600623444502 8.712460791320732 4.013558726579917
2400.0 7.317651 21.019610 7.446472524235904 7.010753725833859 4.153106336971801
2500.0 6.163653 16.767520 6.526943272236119 6.0970250811327205 4.22860336049589
2600.0 6.267895 16.996852 7.013139799540763 6.3887689318105085 4.040607080002987
2700.0 6.101013 15.081971 6.349331487943356 6.004441505528928 4.40255187589613
2800.0 6.786082 16.711727 7.3573039574175 6.832124865054258 4.494611631544746
2900.0 7.046738 14.554580 6.822301891257888 6.708819538754425 4.1103659174286635
3000.0 6.300199 13.227624 6.638048335407706 6.238649772863566 4.40180234092841
3100.0 6.518124 17.335219 7.087829028472552 6.483624566890614 4.012970058448367
3200.0 6.277440 17.757560 6.614146491045782 6.1489965251907135 4.627961852251741
3300.0 7.060264 18.783649 7.314037356493105 6.753015407668841 4.474426182446468
3400.0 8.807325 25.614203 8.534205179235755 8.141118434035201 4.03182846984678
3500.0 7.967494 23.603023 7.782067417016796 7.4940781164097405 4.297478496048358
3600.0 7.674488 21.160585 7.965786676577312 7.426239960839299 4.374768615021797
3700.0 6.876885 17.467817 7.26775402408893 6.804488092723546 3.9717553232673413
3800.0 6.946368 20.732899 7.640213914862675 6.885480492709856 4.392352437696365
3900.0 6.310079 17.193485 6.457277234990443 6.092494778067576 4.1301875367623095
4000.0 5.305632 14.761861 5.767197714072871 5.313287810202991 4.242827439690105
4100.0 4.151867 13.391931 5.122976009328983 4.4496739042128475 4.402893234028159
4200.0 6.216505 15.133975 6.544931241006505 6.020955622507547 4.341031391687563
4300.0 7.024926 17.949046 7.201869109545209 6.750594814070957 4.120808621597355
4400.0 6.122359 17.584572 6.823796569403371 6.13522827322072 4.408437754287572
4500.0 6.220173 17.919184 6.6471814723022 6.2453594486169735 4.257399209956597
4600.0 7.112499 21.389147 7.453330779898231 6.9960886632904025 4.121542670673261
4700.0 7.308351 22.961752 8.110807421217048 7.292920175342703 4.123733077304525
4800.0 6.737424 17.329370 6.5177961258414525 6.315374818168653 3.915378775052142
4900.0 6.222987 17.670755 6.694537709891539 6.161122355151598 4.302110030818754
5000.0 8.310847 24.981400 8.008586063645911 7.711182729270053 4.4232459786985014
5100.0 8.025669 25.034934 8.313093307357516 7.6390979225257984 4.273348520138559
5200.0 8.502868 22.635209 8.495561272677719 8.017465494547366 4.205449194196865
5300.0 7.330288 19.748250 7.879676218873958 7.25684402551636 4.25758247173219
5400.0 5.323889 15.082077 6.163897286391445 5.513833975220843 4.429030899942869
5500.0 6.508552 15.784556 6.549373592990362 6.247109012218007 4.750087521026534
5600.0 5.566704 13.161171 6.05999355339205 5.563732262279355 4.330723782507445
5700.0 6.033392 13.503132 6.5825692282341395 6.184343793227454 4.26188232256757
5800.0 6.313300 16.563804 6.695339947136641 6.2719573432005955 4.410708772767453
5900.0 5.847863 16.157186 7.16855431684941 6.217106126708766 4.179365700780584
6000.0 6.128702 16.419200 6.617109260135677 6.1571498889295055 4.101278470576532
6100.0 5.715249 10.996457 6.4491979862 5.8324218228478895 4.3829957662012635
6200.0 6.634713 13.455615 6.857294090188562 6.547907286118356 4.210920361718858
6300.0 5.829864 13.912970 6.437448099155762 5.88768271955525 4.029225125431107
6400.0 6.477519 12.487080 7.362154228565883 6.562628877646983 4.019122617831636
6500.0 7.254091 17.894382 8.054144267252717 7.412760908526017 3.9692536663727513
6600.0 7.138663 19.079420 7.598363643126614 7.148005483807655 4.070645873969213
6700.0 5.892301 18.412353 6.941981583093506 6.137371448398239 4.388933788229512
6800.0 5.669808 15.338637 6.513059319888527 5.841554109979758 4.846786089465445
6900.0 8.212395 24.236496 8.194404969303411 7.690232162550437 4.169011858119685
7000.0 8.292155 23.835710 8.340558419640676 7.941537146955936 4.882408663686009
7100.0 7.584232 21.374866 7.579464461541644 7.312908482945876 4.56482704781873
7200.0 5.953706 19.681016 6.607691180104619 6.023976439537674 4.7644793474833325
7300.0 7.245511 19.009121 7.2030752839592385 7.0519605501719225 3.9629605566402866
7400.0 5.508284 10.889967 6.493180665515753 5.746621921882128 4.287881137058934
7500.0 5.489468 16.921479 6.158463768824441 5.582563043289895 4.526590618081139
7600.0 5.884617 15.701782 6.331994323395036 5.985298409512022 3.846702029070145
7700.0 5.318426 14.034841 5.734142643250098 5.357435475102539 3.729436138443882
7800.0 5.300266 13.786186 6.287665639770876 5.618862047077926 4.191977609048116
7900.0 6.699409 15.155946 7.36023843484472 6.741368314864663 4.300855245037506
8000.0 6.709589 15.468713 7.0872210346992635 6.726155677444665 4.532300005826819
8100.0 5.519722 11.315868 6.186831275878247 5.696639235215291 4.704460732166394
8200.0 5.057040 10.561785 6.524072322730911 5.616577971588249 4.36788082748564
8300.0 4.849920 9.145944 5.508898851733893 4.928390289427308 4.672840457189409
8400.0 4.656669 9.415786 5.157740165305327 4.57038090602364 4.317415322313478
8500.0 4.592556 8.741064 5.514553000001093 4.81253737676701 4.448037010499061
8600.0 5.594962 15.616501 6.311968849219799 5.6106589364350095 4.056291995526292
8700.0 5.543636 13.195240 5.867297241552569 5.475775153633703 4.164932838981796
8800.0 5.820982 15.416693 6.321774669936285 5.623850897643038 4.399836607627365
8900.0 5.644834 17.194984 6.441731944106563 5.662581973361012 4.538201591899962
9000.0 4.755141 14.338918 5.576080659391389 4.909739582828646 4.477404183516088
9100.0 4.614758 13.136805 5.282065750420575 4.744492750088161 4.135235614003678
9200.0 5.561126 12.938885 5.995377144728477 5.576883886021568 4.391712469488937
9300.0 5.304523 13.605582 6.09030451699875 5.520702067057546 4.051225033992899
9400.0 4.963034 13.379658 5.514780183894161 4.8958308056792745 4.405468862242489
9500.0 4.852860 9.026314 5.298656088089645 4.828124097961623 3.9930545863281055
9600.0 5.062683 10.642559 5.899758322567111 5.287646846675592 3.966488290978997
9700.0 5.797739 14.741696 6.335915787276459 5.766852448015592 4.718268240260953
9800.0 6.643724 16.612343 7.052769746332727 6.533488628285777 4.356302060595773
9900.0 6.325668 18.609166 6.975536457581602 6.41472138139962 3.955299677498408
10000.0 6.709178 18.670649 7.005239347574301 6.438122460125472 3.947638902175625
10100.0 6.987916 21.412992 7.5534828577164745 6.840131034782215 3.896563512447876
10200.0 8.228698 21.575421 8.220002649385156 7.896329692806344 3.701939371924195
10300.0 8.296685 21.242788 8.12760860094959 7.736654523870624 4.045796944715552
10400.0 7.193207 19.805303 7.5664890515827 7.151380747509484 4.2458735112122765
10500.0 5.986426 14.940465 6.643471828475989 6.08645773858601 4.1343856629390965
10600.0 6.427806 16.708169 6.977017663805773 6.460544561481694 4.3945194131872025
10700.0 7.500860 20.470790 7.5588885930253245 7.2337520293434645 4.268088297168003
10800.0 6.400581 19.365404 6.52274924117496 6.14346443590802 4.124927319606343
10900.0 6.497995 21.168165 7.124424609605144 6.263334038901604 4.584118936723825
11000.0 8.231746 25.898870 8.206075482317859 7.79143533346031 4.22179779211461
11100.0 7.160301 24.161168 7.131086455245603 6.8281471571072565 3.8449395919739127
11200.0 7.029977 21.540980 7.073958773778822 6.709352063402017 4.550473592028442
11300.0 6.770255 20.035138 7.535733419228219 6.775829532044391 4.157205625727065
11400.0 6.759840 17.411088 6.524854182075373 6.35991261637199 3.771823158508655
11500.0 6.798958 19.505992 7.346324208730483 6.82010827380266 4.2663769031228975
11600.0 6.934021 19.421265 7.177774622037798 6.773486958651375 3.721777359581213
11700.0 7.751394 22.615242 8.185916481799211 7.611455824776815 4.0121511182270675
11800.0 7.504328 16.428370 7.458030726102811 7.168490192062799 3.966685768620548
11900.0 7.619811 22.660624 7.761375860491169 7.267958030132783 4.434724645909803
12000.0 7.043825 22.454185 7.484797231642026 6.957809150595216 4.3014249613776
12100.0 8.344831 22.736325 8.495850269187745 7.881785895164572 4.220955031427274
12200.0 7.315338 23.140224 7.626716264029921 7.162159549178973 4.533313343253508
12300.0 8.328022 27.906415 8.262629431754418 7.7408969104495755 4.159995382604072
12400.0 7.630236 20.129167 7.621121676348647 7.222156173188002 4.042304673513833
12500.0 6.757128 16.889958 6.514552212073732 6.321531812921428 3.674607047836793
12600.0 5.767287 13.399022 6.117412207406003 5.593227569838608 4.604938126443117
12700.0 4.685406 14.928797 5.200263251129262 4.813440513517324 4.147740991592015
12800.0 4.947151 14.592201 5.779681725953005 5.120308262986335 4.690170851792827
12900.0 4.034863 9.905856 5.082564123630058 4.341035517322375 4.484364333399002
13000.0 4.477044 13.471250 5.448786918519053 4.612439016811092 3.9472182381732477
13100.0 4.228356 10.629982 5.059523082927674 4.3339380099759754 4.175643825593783
13200.0 4.756089 13.287000 5.410093212753745 4.713817216748121 4.601665314529153
13300.0 5.642324 13.626221 6.28332063623857 5.690197841324588 4.2811331165750905
13400.0 5.780709 10.362048 6.318783040546323 5.714847364715338 4.398510403091082
13500.0 5.229336 12.355704 6.24275090022002 5.4473395821274275 4.300537394892543
13600.0 5.255310 9.625220 6.140879131418191 5.406507362630307 4.079066175296692
13700.0 5.411222 14.283382 5.895059184890447 5.3807793090287594 4.267706467598663
13800.0 5.376575 13.634724 6.016624058979776 5.4623632821028485 4.233004298684103
13900.0 7.248407 22.619388 7.630150160238647 7.11702876719689 4.650779198877574
14000.0 7.020469 19.822208 7.089925261503537 6.867091194904944 3.922227349011688
14100.0 7.866026 22.955143 7.852776360769385 7.525092915891239 4.169838101525866
14200.0 7.714553 21.064944 7.8399204691924576 7.325886715264687 4.160241053407874
14300.0 7.620529 25.391585 7.4221932080637885 7.24299489221243 4.286278732737619
14400.0 6.941039 21.142949 7.17481136585455 6.762996307042681 4.7389292500195195
14500.0 8.129995 25.766646 7.675435901571426 7.54972053631854 4.488875747511701
14600.0 6.948396 20.565656 6.976969490468281 6.575601104586679 3.6371803755700456
14700.0 6.519066 17.705773 6.91388988174919 6.456680441621913 4.084684349488707
14800.0 5.560352 12.433441 6.657595401270623 5.896324061101666 3.9573533862257055
14900.0 5.641298 12.933022 6.828899591473461 5.952882358919616 4.568849141771699
15000.0 5.859518 14.044336 6.6685303946544 5.97150669262214 4.395675729195631
15100.0 6.999233 15.276634 7.071907135710662 6.839587552473092 4.576662177070549
15200.0 7.145509 15.997467 7.91312422592516 7.199463976791227 4.492574239799745
15300.0 8.134458 24.505242 8.378799563487899 7.806018174182433 4.309613098632906
15400.0 7.994512 17.616066 8.343252882717618 7.694559309507363 3.904664666756587
15500.0 6.871327 14.127034 7.490618361302213 6.8317378583967825 3.7746480659681
15600.0 7.216956 16.811606 7.152937301400811 6.941505695772233 3.8219295499056534
15700.0 7.868546 22.842882 8.278210895577239 7.754596570426558 3.9767365019710383
15800.0 6.996049 20.149625 7.105860521113678 6.63134516244091 4.455837883607169
15900.0 6.526588 19.406014 7.152424717506453 6.380454012733602 4.391647204902262
16000.0 6.610388 21.893084 7.033882432882872 6.566614234776653 4.368379292298756
16100.0 6.921975 19.771580 7.87824487198877 7.209752217842314 4.340665143756408
16200.0 7.390646 22.862618 7.44902442672978 7.127296589925289 3.741473101581048
16300.0 5.934119 17.376063 6.847831437686578 6.150829605418099 3.831013837194882
16400.0 5.202568 10.971528 6.231332594897276 5.5108452120015485 4.896789305657652
16500.0 4.680609 11.741303 5.50935872313266 4.817230824684883 4.601972028341557
16600.0 4.637579 12.983546 5.542978119120491 4.767941328935068 4.602971993254029
16700.0 4.847327 12.064024 5.573400858206723 4.929432256364842 4.36847070696521
16800.0 4.445068 7.054213 5.588015397079663 4.855970525510994 4.487760690336615
16900.0 5.774369 13.136451 6.278152767611639 5.818608663232051 4.284738415940185
17000.0 5.981799 14.262626 6.421706265816972 5.9138877103070655 4.143814276526415
17100.0 5.839197 14.697454 6.761160457865122 6.020221658251041 4.983465744830033
17200.0 6.293780 15.495379 6.745038290003768 6.330970611038367 4.469745751273842
17300.0 5.647194 17.364915 6.2794212210823 5.690121424602054 4.202073520499911
17400.0 7.903351 22.545487 8.05871601456928 7.642438893027379 4.407262620502644
17500.0 7.847232 23.950103 7.8007271297368606 7.550082609655663 3.7809142187827542
17600.0 7.030294 19.870770 7.507155406920122 6.972921437230237 3.8792522841107973
17700.0 7.459349 21.107885 7.686751107814754 7.194317096176604 4.292054627317058
17800.0 7.154762 15.166211 7.659497692572291 7.161864139094046 4.467159002506184
17900.0 6.816112 14.902594 6.711781423851401 6.431369537199337 4.307624121301616
18000.0 7.295567 18.891852 7.835578526977346 7.41157163069867 3.6940893971502153
18100.0 7.252045 18.261578 7.1707160428110175 6.792854360550858 4.357934016371354
18200.0 7.609602 19.275558 8.019799223720241 7.517833110551568 4.268389647657666
18300.0 7.270913 17.572834 7.538514025654756 7.178017235959616 4.213262270573286
18400.0 7.380706 19.131987 7.688661187377422 7.2771059379259 4.072493264123889
18500.0 7.117971 16.806232 7.667951104064571 7.310147812520633 4.527437263004096
18600.0 7.782685 19.756522 8.321105619686952 7.686814221154968 4.495493086883051
18700.0 8.719407 22.960023 8.970846048943294 8.573474004860627 4.186695734583855
18800.0 8.728533 23.121258 9.017134005726028 8.581053019864465 3.73678035406966
18900.0 7.685307 25.011018 7.6679634786726965 7.216459119054158 4.835519784391182
19000.0 7.127292 23.337678 7.252322403206209 6.660114326038861 4.284830308530839
19100.0 7.486995 19.755950 8.133137614234073 7.573951493042378 4.288211806501703
19200.0 7.597627 20.000290 7.9076371431827654 7.374932021397241 4.489582551248618
19300.0 7.236260 16.127023 7.604218812236894 7.0990225956356605 4.172796419657405
19400.0 8.216408 20.069355 8.426874298338623 7.990108235934118 4.4918974748695755
19500.0 7.864283 24.078910 8.16383287556814 7.608702632785948 4.141681245646337
19600.0 8.846849 26.911905 8.347713152601626 8.17809462027084 4.40607457425031
19700.0 9.355781 26.620973 9.282035877657133 8.886437102283695 4.4652611970301574
19800.0 8.517470 22.820539 8.639625977857117 8.222415796122588 4.232628995930368
19900.0 8.515936 24.363780 7.970097270038097 7.848196754075651 3.923047018924824
20000.0 9.023252 24.066041 9.156910745226082 8.702172447672378 3.975873843515178
20100.0 8.375912 22.495947 8.119312302540262 7.941583655890986 4.310103711586452
20200.0 9.169589 23.042423 8.9963269055745 8.677206439095535 3.9852697402659287
20300.0 9.167582 29.903589 9.046502249229231 8.602534132085054 4.599397085644151
20400.0 8.479913 25.438080 8.250710190279907 7.99736318125721 4.342013185922166
20500.0 7.433708 21.793311 7.854216399181896 7.342560882666049 4.544302568004331
20600.0 8.223238 25.488622 7.632420801932408 7.551379869390507 4.380684048033696
20700.0 7.938567 24.306644 7.87518519248426 7.483054366845609 4.060336097007508
20800.0 9.482422 24.808574 9.125069300739488 8.835003890889142 4.337842581005728
20900.0 7.956861 20.687878 8.136149028798435 7.955902279051527 3.7735146885364963
21000.0 7.264277 16.324205 7.36755486550061 7.102925103743648 4.164967088848861
21100.0 6.896830 15.878455 7.063550855009569 6.722883424467516 4.275332103128443
21200.0 6.626860 15.569419 6.6798159479111225 6.424851873722282 3.830876465720011
21300.0 6.563939 19.282620 6.864563087489406 6.521043460568219 4.201620345147622
21400.0 6.364902 17.910897 6.914201002935439 6.4646011973432636 4.579568081066835
21500.0 5.983876 16.363859 6.6614476088439165 5.983080087740234 4.595658102649583
21600.0 4.817743 11.995702 5.64347942317519 4.985048578510764 4.02355645750042
21700.0 4.281117 7.162926 5.069731817905272 4.472359372506604 4.30213253168171
21800.0 4.007170 7.182635 5.218038291410444 4.4651982960736225 4.357198684333115
21900.0 4.333821 11.740019 5.427175119618365 4.544329571492033 4.6410470614544534
22000.0 4.311897 10.408223 5.464500353071632 4.628725609026895 4.892358231761213
22100.0 5.100786 16.423633 5.615103447924912 4.98119648937976 4.653679965293058
22200.0 6.502274 16.865701 6.868381108441437 6.535116595687406 4.112523676550555
22300.0 7.246254 19.922080 7.331088710779567 6.926918501350325 4.19043964158751
22400.0 6.547159 21.266291 6.676345433922358 6.295374004554819 4.431614419838164
22500.0 6.028112 15.733557 6.904401043863635 6.246349544260741 4.46695572430597
22600.0 6.214425 16.543943 6.658229459245894 6.250703320925598 5.025523624229093
22700.0 7.081562 17.040844 7.518221099096106 6.983862537551967 4.233689553420899
22800.0 6.395406 13.841878 7.146531936461914 6.49196416207095 4.369965714719993
22900.0 6.372850 18.735280 6.68237417639687 6.31680317357644 4.400089042361312
23000.0 6.850715 17.747480 7.412005071769099 6.85552361872831 4.096882498614453
23100.0 6.778105 17.000571 7.033347139481231 6.591542327304013 4.156863664711967
23200.0 7.196456 19.862813 7.771915190609907 7.280347775242932 4.346195523190272
23300.0 6.985830 21.818288 7.643348542278258 7.051622529166036 4.091317460159994
23400.0 6.934541 18.879877 7.139521894074608 6.573077914141227 4.03179293196663
23500.0 7.303583 22.509200 7.457057723140929 6.891273649556007 4.184617144950052
23600.0 8.430257 22.779636 8.409487155642639 7.9187800620486755 3.9891530067690915
23700.0 8.800334 22.485192 8.543577419451532 8.39905271611745 4.513016769551531
23800.0 8.952930 24.074953 9.048028493954781 8.642941488761616 3.912513623598851
23900.0 8.645945 27.136433 8.720420133572814 8.365117651768621 4.508722992888771
24000.0 8.230689 23.491980 8.531997353617266 7.889622540443505 4.33186858461294
24100.0 6.917371 18.042691 7.414034391060532 6.958608855084627 4.479553266466177
24200.0 6.182584 13.313378 6.895003908024256 6.357370618978031 3.9566142031816347
24300.0 7.463072 19.449108 7.367085963687841 7.146057820281579 4.06530260199561
24400.0 6.826136 17.302730 6.948961035586154 6.610577720944145 3.913025167228483
24500.0 6.527289 17.056397 6.7887129865592915 6.358836761196701 4.574481839797495
24600.0 6.578616 13.392423 7.392650579454672 6.547934807492418 4.517883891568337
24700.0 8.033976 17.314716 8.373210489368569 7.872974371053974 4.410054243311948
24800.0 7.798180 18.239645 8.177435951226853 7.644150270008214 3.7910050524740297
24900.0 7.259406 21.301569 7.52202760154534 7.084252049937571 4.298080814892196
25000.0 7.275956 21.588795 7.7720837528910165 7.138249542336238 4.268507329957686
25100.0 5.982696 16.192082 6.694433251134481 6.002517767601295 4.508452658247214
25200.0 6.097058 18.584191 6.6879243501055265 6.129548096785747 3.9779547714486307
25300.0 6.458377 16.281705 6.52297375533172 6.213122294018695 4.472095906380901
25400.0 6.916552 20.433687 6.9443275061606355 6.529379574575839 4.1262190872956275
25500.0 7.918316 22.925565 7.797016815930788 7.466469783006568 4.979539951104954
25600.0 8.073891 19.614275 7.853689727746928 7.357507641147798 4.225229063427163
25700.0 8.009454 22.160523 7.740228504789333 7.570170842861655 4.044009087948499
25800.0 7.516173 23.968668 7.836668021152291 7.346359805043353 3.9358589228193868
25900.0 8.160495 26.401143 8.204226335231283 7.748305968119025 4.3121307043143595
26000.0 8.011048 23.210026 8.310504558760387 7.874020570293852 4.577936311978008
26100.0 7.201162 18.587434 7.4068688438131804 6.96482693434065 3.8499660747739997
26200.0 7.183082 17.910494 7.777826910428242 7.15999348498031 4.440118422845287
26300.0 7.219061 20.023990 7.4465690009003 7.10936509358705 4.552693022945826
26400.0 6.799064 15.463845 7.344751698205229 6.818688869097403 4.804355647918585
26500.0 6.313545 13.862805 6.821484540866771 6.325968230761014 5.081797730658262
26600.0 7.530275 12.984336 7.5562233681691096 7.3540122943745825 4.346898397655838
26700.0 5.906524 10.060153 6.424571731449854 5.939652610985687 4.251547145335554
26800.0 4.880293 4.435535 5.453325960703204 4.806486872097019 4.248641283350164
26900.0 5.270022 8.254241 5.907378295004458 5.403105698442418 4.349644402874268
27000.0 5.082015 9.401506 6.26616889798653 5.503714696481105 4.7902202544627395
27100.0 6.241659 16.029278 6.653553083680246 6.071891270911258 4.505734752876582
27200.0 6.068821 15.654668 6.837298378502739 6.36672777874981 4.11837847087234
27300.0 6.456245 18.266143 6.918872172531558 6.527324375322546 4.307972987749785
27400.0 5.792357 13.411317 6.376649223084653 5.712060359863873 4.040691077810846
27500.0 6.174262 16.331987 6.626734778377159 6.182796192505855 4.112721971770218
27600.0 6.235060 18.137060 6.712830758427202 6.1644778661631126 4.075085003528547
27700.0 6.171324 17.510498 6.860017910182225 6.0741371563154845 4.3761427390599446
27800.0 6.980405 14.538438 7.457848578908197 6.84239113990077 4.916782622684472
27900.0 6.986288 16.989686 7.521848488215821 7.006682468065715 4.480605056619177
28000.0 6.450298 18.653812 6.750722858576664 6.309996885211013 4.598163183490856
28100.0 7.349980 21.437284 7.828628271117043 7.290700796432379 4.425866098537177
28200.0 6.027588 13.491022 6.6084917927231 6.085919606735437 4.587273368542935
28300.0 5.483295 9.502795 6.365043878793155 5.7175572157493475 4.271150416274195
28400.0 6.277476 13.343404 6.455074546651792 6.166485879425382 5.003294276022151
28500.0 5.849980 15.219037 6.560523407952306 5.90384392402962 3.9356436108094446
28600.0 7.757953 24.046237 8.51459159155045 7.748720777622552 4.463342896774532
28700.0 7.325211 24.383687 7.125465519460996 6.820925153205744 4.136371558173164
28800.0 8.015855 22.033589 7.661270735925992 7.506378290995839 4.652372141269754
28900.0 6.797503 17.500944 7.357630232797399 6.722762673010142 4.060614129853145
29000.0 6.539333 15.029952 6.923955870702596 6.461256994035508 4.505385851906741
29100.0 6.835800 20.245872 7.0158317674741095 6.657746806325149 4.389953772579223
29200.0 7.376213 16.531167 7.60127242191323 6.998185668162925 4.086692626132647
29300.0 6.621324 18.564910 7.036930898001146 6.391107978472028 4.441918354740737
29400.0 7.510059 18.640824 7.986093764244 7.533139140927398 4.039188893423681
29500.0 6.980965 19.739790 7.576581696760954 6.891723932501875 4.55283212781407
29600.0 6.787013 22.212632 7.50977731334016 6.694608076670576 4.346019482493315
29700.0 8.191624 24.088987 7.771987343320441 7.5300403090171475 3.9856029934014545
29800.0 6.617839 18.221390 6.873186387069926 6.458464715280669 3.780686850382552
29900.0 6.583194 17.059342 6.847626098293191 6.422278012325252 4.414213460792315
30000.0 6.153758 14.650803 6.454917191933277 6.056762772136999 4.235509594560615
30100.0 6.115939 15.068294 6.348116329998531 6.0740801717303325 4.115614456369907
30200.0 6.229904 17.649230 6.660430182209762 6.278499789178786 4.207080762484109
30300.0 6.355348 17.075636 7.231641911329557 6.52436153032326 4.143764687629256
30400.0 6.881161 19.228395 7.182470070503304 6.756399531216356 4.561053983156639
30500.0 7.382951 20.532432 7.230697488060665 6.932070954504299 4.112899815969289
30600.0 8.213690 21.214223 8.346715228552855 7.914663253950636 4.792744507441392
30700.0 7.949153 21.136122 7.706172887951385 7.495626420125361 5.005752231201781
30800.0 6.648726 20.889551 7.160289447617986 6.495144443637415 4.418812238204509
30900.0 6.197290 18.820820 6.706813294225006 6.158229062373898 4.509661786780935
31000.0 5.590755 15.626710 6.55248931423851 5.732153345684475 4.294970211361806
31100.0 6.768330 20.283577 7.232776856156685 6.721064295086433 4.3549215777224095
31200.0 6.916957 21.412671 7.105572807216165 6.651788724894878 4.323540255392825
31300.0 7.284458 18.956373 7.313368251709623 7.011093406221242 3.756702699675184
31400.0 8.145016 21.928109 8.132018424175715 7.7963750444233035 4.230694753179729
31500.0 8.430870 21.560797 8.693448666233488 8.144401080365121 4.560669692646039
31600.0 8.151057 20.554384 8.174944265686486 7.777871988529893 4.012869969182881
31700.0 8.315353 18.464474 8.349662828054411 8.011604810642202 3.9365891414305882
31800.0 8.471096 24.308852 8.450461044629812 8.003842547452892 4.298964809086052
31900.0 7.313903 23.077261 7.714352398232012 7.252886038542568 4.437384956688512
32000.0 7.795519 22.134432 8.07564628324955 7.718354879325737 3.681042695820419
32100.0 8.071467 20.236031 8.632530725218505 8.114100317045578 3.88367057576519
32200.0 7.547564 21.259625 7.933778921382179 7.4771767334616746 4.316425504264742
32300.0 7.245001 19.578668 7.364233538459153 6.936833281237451 4.3458688174608975
32400.0 7.469101 22.329795 7.2562160351564735 7.0517327816481945 4.403720778957161
32500.0 9.046258 28.463060 8.661853341947005 8.430220632907126 4.268898387392324
32600.0 7.890254 21.007993 8.15731937983559 7.6828450511281465 4.253207524018779
32700.0 7.440494 19.715622 7.799801485789153 7.235223944554379 4.316745619613021
32800.0 8.236233 21.422065 8.10882522929037 7.889630893722264 3.887249956415085
32900.0 7.960982 21.676382 7.762269087312727 7.517447754278368 3.840540999043725
33000.0 7.415527 16.848953 7.567136220680043 7.129239118638747 4.365075770231316
33100.0 6.842392 21.448522 6.902701505810788 6.5012991859223375 3.9258285788124967
33200.0 6.571063 22.010935 7.116673748294375 6.34216431844617 4.813356884362351
33300.0 7.723973 22.618186 7.643253058982667 7.2143573633407625 4.569891260782414
33400.0 7.580468 20.271390 7.5854456672929 7.119061094955259 3.9081044920677708
33500.0 7.177915 18.345068 7.422871926400086 6.991229071318505 4.340924347497466
33600.0 8.115099 19.539299 8.39664944245635 7.845536915543537 4.429979554242017
33700.0 7.283814 22.783656 7.591183043666059 7.071224243618215 4.744851535489483
33800.0 7.251890 15.195855 7.611216884074015 7.274838322455556 4.045119205652354
33900.0 7.490231 15.698854 7.789109349309129 7.3994635350435525 4.573801641191591
34000.0 7.132936 17.951915 7.720120015614299 7.112520529195415 4.692629598902776
34100.0 6.460295 18.375527 7.2364858084710715 6.674254338450398 3.9485196531327875
34200.0 6.501428 20.606286 6.909928472030566 6.422088299998833 4.572275141550161
34300.0 6.605070 17.167236 7.261629694355777 6.808532386176206 4.511758449742845
34400.0 6.837909 16.449157 7.438749324853956 6.886747354354969 4.665647713292617
34500.0 6.559231 16.616119 6.667776246577774 6.282180996484429 4.106014154162555
34600.0 6.841311 14.004152 6.960801423752207 6.544149839956859 4.404046957772716
34700.0 5.840441 11.502404 6.7875150144619 6.04445546563558 4.370450696828569
34800.0 6.013649 15.622971 6.904872954221854 6.196652634255158 4.442926744034073
34900.0 6.010494 16.349459 6.729439623856491 6.1804967160647895 4.234409529712511
35000.0 6.807651 16.781552 7.030580607758819 6.525753424992203 3.9908582788777087
35100.0 6.362428 15.356614 7.208133477408401 6.3618216233892735 3.986574390013141
35200.0 5.849987 16.342105 6.12565404891255 5.6300216399991605 4.570940325753982
35300.0 6.840358 19.531017 6.994813611162983 6.529620781406774 4.187647100198043
35400.0 7.025589 18.388194 7.228933687338134 6.8158650298568535 4.068813804655449
35500.0 5.731613 15.949832 6.491912427422185 5.760609077924011 4.443511742015183
35600.0 7.260485 17.334687 7.66181077800031 7.190682475160786 4.367742166311782
35700.0 6.343923 15.679998 6.707512432854882 6.200342456717343 4.241521601272224
35800.0 7.127559 20.958912 7.033988056390927 6.750603906268815 4.6557979046748414
35900.0 7.114718 16.173616 7.5904782445361105 6.904470580796075 4.688166682312102
36000.0 8.062324 22.035505 8.363880531944261 7.786674522225512 4.42526293548163
36100.0 8.253160 17.760538 8.213886132934045 7.97722275263777 3.7480059720861756
36200.0 8.993332 25.826025 9.21694016343144 8.837095676615073 4.281450607883799
36300.0 8.200840 22.091733 8.367104409059428 7.8565905034875785 4.376411436368453
36400.0 7.324884 17.558080 7.491386373765025 7.069261622272564 3.9510776037488538
36500.0 6.889884 15.584707 7.129729560156325 6.7832596115559305 4.0516575910182295
36600.0 5.817483 16.246889 6.26711105212722 5.784690368709681 4.37654474612515
36700.0 6.262324 14.189374 6.802914628051033 6.2685172392606505 4.384902998270909
36800.0 6.567662 21.022703 7.080812660990908 6.528067612774335 4.945782751317107
36900.0 6.899632 24.077123 7.112777332494798 6.695521704711924 4.64435879950553
37000.0 7.534986 21.139750 7.645098539787746 7.339048510878022 4.6670230736994975
37100.0 6.733794 17.029803 7.150380164482443 6.651796743069417 4.283660571103421
37200.0 7.029844 20.245237 6.97860827368477 6.622393835585365 4.211048283558853
37300.0 6.547759 17.459046 6.983771938782336 6.364787609836773 4.298848555651353
37400.0 5.604218 12.562986 6.466521326964025 5.765793223051712 4.3771076710209345
37500.0 7.189542 21.927683 7.334009916392496 6.762415835926039 4.198737144635237
37600.0 7.448322 22.730557 7.405306543236177 6.96225230553548 4.210649311268553
37700.0 7.829414 20.677655 7.887000603233005 7.370501627767372 4.296725883906869
37800.0 7.114050 17.162602 7.542201251050424 7.023748453492292 4.3855250250761655
37900.0 7.574675 21.619229 8.04924428782335 7.5383398355815405 4.131585236031264
38000.0 7.796560 19.585616 7.973910909061441 7.508056832500957 4.306534636546739
38100.0 7.782586 18.644289 7.871768672091341 7.4000194337823535 4.155786844447936
38200.0 6.958671 19.563751 7.538335674247377 6.928949534528349 3.8360752976092303
38300.0 6.758769 18.169329 7.15131377099844 6.719243900673416 4.172323289188935
38400.0 7.158467 20.990848 7.5065303367789715 7.110945477299698 4.3776208067412945
38500.0 6.802629 18.903943 7.185210842774755 6.635138792578309 4.645633121636432
38600.0 6.645071 20.988122 7.129531172983451 6.540587833939439 4.443950053674975
38700.0 6.791504 18.920517 7.4946106685153495 6.824667489246235 4.502690987140335
38800.0 6.958086 19.274957 6.955997499453169 6.752075997369492 4.34145075769195
38900.0 6.959171 18.618273 7.168886280930882 6.865502235709994 4.31627589094052
39000.0 7.252344 23.853346 7.343771641966848 6.951138142871623 4.29582499982862
39100.0 6.156505 17.676512 6.742292770920725 6.071536547187962 4.503719502382046
39200.0 7.065279 19.819592 7.080789894099291 6.782600073563731 3.9753486810958503
39300.0 5.623244 16.027262 5.898266639229669 5.513027964515473 4.301559814582377
39400.0 6.636637 19.727998 6.672322880244435 6.161229403844563 4.164501373206994
39500.0 7.121947 20.933149 7.479315325700971 6.987828617488124 3.9696441415461776
39600.0 6.640541 19.193810 6.883981512568976 6.4937541135033365 3.970912569817751
39700.0 6.611992 18.491544 7.242674701075702 6.638127632718813 3.8935291596568478
39800.0 5.811447 15.956805 6.4838215674754505 5.892474183651939 4.6240302769692345
39900.0 4.803168 10.060834 5.621701266398069 5.053503059124124 4.355789249538391
40000.0 5.278281 10.110572 5.827402829510157 5.278144684677185 3.907723698973942
40100.0 6.833856 17.580171 7.445116673143723 6.883340164182058 4.020068870975295
40200.0 6.671352 14.944154 7.208130525626312 6.564997749464546 4.3612410865852205
40300.0 8.722155 27.731295 8.743260462661958 8.334215000204932 3.6086215367019627
40400.0 8.310929 24.987186 8.289558888766235 8.022683392187387 3.959891432378351
40500.0 8.520806 26.050945 8.41692492449859 8.030618046860319 3.741069680773496
40600.0 6.696402 16.771351 6.910095045248128 6.5114596585225915 4.64113604885858
40700.0 7.059585 19.150947 7.403312258225694 6.820739841363222 4.533613703219868
40800.0 7.344209 19.415538 7.592166076161575 7.207631820700668 4.623164351832256
40900.0 7.619161 17.393797 7.72482316149094 7.535578158023917 4.247552891357127
41000.0 6.433167 19.222309 6.474690741406475 6.174764358921415 3.9459055092788415
41100.0 7.228532 17.938867 7.482015830062809 7.11966046142163 4.355075744497958
41200.0 6.972294 16.900177 7.55495600731563 7.136716089836057 3.5722061036443273
41300.0 7.556557 15.238472 7.969379065876262 7.524298858708413 3.9296181570753066
41400.0 7.845447 16.863310 8.246142141631674 7.7170228515541455 4.213954717480485
41500.0 6.597938 16.888999 7.014180660286716 6.524886535058978 4.472456079625799
41600.0 6.131854 18.013162 6.651971951975768 6.168278849246109 4.821514459608155
41700.0 6.209487 16.703541 6.710451281925982 6.200544434164195 4.403033360384758
41800.0 7.196605 21.443850 7.4251060492091945 7.055728068689957 4.251332488871299
41900.0 5.880776 17.824096 6.7776013904164305 6.061557886588948 4.459090236745055
42000.0 6.700718 14.719223 6.784827792852402 6.351474842045791 4.329528056633013
42100.0 7.845092 19.775900 8.048278407434834 7.5888847007341 4.36117065085021
42200.0 5.874743 15.306841 5.99387143455216 5.692440718463231 3.8794688097534604
42300.0 6.055472 15.527092 6.3667639690399165 5.974280911323829 4.338803404875749
42400.0 5.688202 15.513655 6.273812112906769 5.703516902247969 4.176926962947819
42500.0 6.433497 20.412555 6.625024364429356 6.252315410320142 4.393338885113027
42600.0 5.245986 16.425398 6.289498635655312 5.436026264327288 4.602916959501348
42700.0 5.658794 12.450845 6.19816326334241 5.65800435904056 3.9884229759785077
42800.0 5.397948 12.975915 5.766146490488413 5.4021483357400335 4.166790395749598
42900.0 4.586006 10.340923 5.459305791117327 4.8974245110641474 4.256996799346228
43000.0 5.410416 16.224540 6.48848364219099 5.760248337351919 4.211820274005402
43100.0 5.193068 14.589836 5.974327179645294 5.41586010307297 4.513606338177968
43200.0 5.578554 15.474672 6.273833984887121 5.620040753825069 4.042896517286255
43300.0 6.141393 18.907414 5.945455937183913 5.605104022638087 4.001756940647381
43400.0 4.780051 14.477474 5.824009623768436 4.996052334921507 4.710812800234812
43500.0 4.974053 13.830082 5.781139950945671 5.206442613246551 3.9846385550583667
43600.0 6.344375 12.012529 6.674424076225587 6.148241677331879 4.513786140580136
43700.0 7.753315 14.473318 7.997045589947404 7.527720761731809 3.9171066787342688
43800.0 6.767680 18.190108 6.991621337022609 6.659631161715955 4.0194206037964
43900.0 5.958014 16.216255 6.569723192182171 6.130436036443014 4.813298279925241
44000.0 7.288247 21.861322 7.3816001174372365 6.826897872592551 4.249449847589432
44100.0 7.822212 23.542323 7.753682092239431 7.350077428518801 4.3659365999530415
44200.0 8.087437 22.455493 8.047942980778737 7.703708662672241 4.116703055908047
44300.0 6.720922 17.690000 7.078463157232838 6.6457007870429425 4.04466362487113
44400.0 6.374186 16.347322 6.818565328171239 6.363407890503982 4.5087294422645785
44500.0 6.232477 11.515283 6.453388626771029 5.955335978817352 4.358668398355928
44600.0 7.772822 21.889104 7.920968839990918 7.608123463660348 3.7844801214243513
44700.0 6.839011 18.413019 7.263726885325547 6.710084053363153 4.071163599499566
44800.0 7.129708 19.201063 7.514227883085973 7.112603172908561 4.003094652075848
44900.0 6.600990 20.084986 6.82532656734579 6.334759953642727 4.703285706966188
45000.0 7.149075 20.502273 7.3581577448716775 6.832307935262482 4.437276151459914
45100.0 7.087344 21.520393 7.123815330266252 6.766823536215354 4.072343402444327
45200.0 7.487291 18.248315 7.617170328055289 7.2489846711057675 4.338037979214668
45300.0 8.071576 23.555061 8.0112968375222 7.654371703666616 3.9742415643499
45400.0 8.778171 21.869126 8.681409181333972 8.434391814387476 4.41338452259847
45500.0 6.101750 15.775864 6.675464184846309 6.001607345199745 4.473970509773665
45600.0 5.346274 15.035913 6.465874539627108 5.504184536707727 4.642585676019987
45700.0 5.835116 18.568358 6.525641056357427 5.7443393086862224 4.388330496727939
45800.0 6.705922 18.358075 7.560134194211276 6.92321760695944 4.1662923857473375
45900.0 7.007001 18.065320 6.892170354696845 6.709696809102858 3.7976176565836006
46000.0 3.780980 9.743724 5.089577745941288 4.1710732463847755 4.603008028992344
46100.0 4.548303 9.200580 5.484776798796162 4.784846472742692 4.6540852875364624
46200.0 4.822963 11.191316 5.55500107197755 5.039658616948081 4.134764841319127
46300.0 4.587209 9.702442 5.492359955571257 4.782233382729995 4.631063473451897
46400.0 5.266970 12.607967 6.0794116059574215 5.394866669449686 4.478680394738172
46500.0 6.657204 12.528160 7.151765734013065 6.587057331371732 3.920605000053814
46600.0 6.875403 16.330835 7.419468599110659 6.982126586562679 3.944192637583689
46700.0 5.953965 13.940769 6.742500090754482 6.061714097924735 4.269764533838306
46800.0 7.672816 20.348360 7.511034916319715 7.2768446801667555 3.791356973621216
46900.0 6.904765 12.796831 7.237161244174221 6.754579250184273 4.181298885025719
47000.0 6.261879 14.033710 6.6146510277143165 6.185619486047727 4.475454542208463
47100.0 6.694023 15.880090 7.000661981101892 6.610697981992414 4.380887615463738
47200.0 7.500260 18.760783 7.426941435458723 7.166447305184489 4.432827377760304
47300.0 8.568839 20.689516 8.873335906368936 8.478623471477697 4.299539633053435
47400.0 7.911122 23.561979 8.197383456956747 7.6737906544101175 3.7407422805956525
47500.0 7.457980 24.378273 7.8967600980683414 7.250470011710461 4.54335867053068
47600.0 7.325818 25.548715 7.169214683297052 6.783286274875205 4.525283796253205
47700.0 7.560583 24.577611 7.156240610253535 6.9576374744727545 3.7477570354673237
47800.0 6.644848 19.394943 6.710857317886397 6.429483931448625 3.9771256554454153
47900.0 7.155730 19.073537 7.388141501573651 6.859384480919893 4.270839624778942
48000.0 6.320682 15.592517 6.688513840940471 6.189341206788618 4.553091708782282
48100.0 7.196041 20.589389 6.991918039586151 6.800988151670273 4.182111510925885
48200.0 6.597507 15.186458 6.996279135757288 6.442325304907601 4.591379989666603
48300.0 5.531854 12.402256 5.9913657773841384 5.609681212569593 4.0008995114538966
48400.0 5.570895 14.121109 6.135729452699279 5.5872516957160085 4.710245354550919
48500.0 5.200224 11.551518 5.8167600270759126 5.256194582746427 3.9186096800979935
48600.0 5.325923 14.518471 5.705902795669661 5.307456418760965 4.811186895042328
48700.0 4.302675 11.247391 5.03218842617434 4.600872892103402 4.138217780312353
48800.0 5.320157 15.575097 5.911931496596424 5.411712034580979 3.915011169141568
48900.0 5.563263 16.733119 5.622583063364535 5.2784177454118355 3.8785200948753076
49000.0 4.606895 13.096295 5.492226266679836 4.735875053321964 4.407344812704812
49100.0 5.124842 14.146892 6.12888841405133 5.300573661871535 4.033815841935406
49200.0 6.072005 15.845772 6.437216533124799 6.007480411608942 4.007343198735498
49300.0 6.580060 18.518687 6.9785296593813175 6.5077997665681195 4.490435368821915
49400.0 4.777526 10.399905 5.536666889943479 4.881244926621758 4.252430808510328
49500.0 5.579090 11.874635 6.111095741489406 5.530754848237725 4.341028445575876
49600.0 6.229425 17.770364 6.852319341357479 6.116630724191157 4.748614681606449
49700.0 5.242589 13.900836 6.043948411610954 5.351667613043383 3.9781482929298355
49800.0 5.900555 17.808778 6.144392872582794 5.685525705670208 4.530215048707244
49900.0 5.516354 12.960732 6.021465204469892 5.593981622561064 4.15834782453766
50000.0 6.608439 15.664603 7.089537375606663 6.558896122122886 4.1105096870952105
50100.0 6.828212 15.379842 7.2419675407753115 6.742751888418172 3.891872459146891
50200.0 6.507259 13.745515 7.007744885741188 6.477228734233649 4.009776331258086
50300.0 6.526007 12.623295 6.853154992172474 6.380548846618518 4.6363438300793325
50400.0 5.790248 13.160395 6.107501121045637 5.568633703122888 4.476605447931108
50500.0 6.686201 14.931567 7.179544839820297 6.6372064969344855 3.931551514804127
50600.0 7.328383 15.119112 7.379338060710015 7.047495848165668 4.250426653447826
50700.0 7.770791 20.048137 7.99011989620897 7.44879799308637 4.319901332572416
50800.0 6.724866 14.658131 7.223591578911195 6.698709437290681 4.449734868494603
50900.0 7.540534 18.998078 8.035520460397152 7.333960144932005 4.221602356516946
51000.0 7.306875 17.896756 7.194836820406595 7.016883276549808 4.198953813148422
51100.0 6.545933 12.797157 7.1881593704441045 6.515016963563599 4.712825810306903
51200.0 6.457020 11.713802 6.587886154169471 6.124713036584869 3.9067579357177684
51300.0 7.435699 20.129508 7.327840807656057 6.988235536160273 4.164309783974853
51400.0 6.740542 17.915687 7.585410384895015 6.780425050199506 4.53427387820805
51500.0 5.194314 13.197140 5.875222276756336 5.388393295599486 4.415323576661175
51600.0 5.312830 14.014540 5.779452710300615 5.266661338455944 4.286624795050397
51700.0 5.892804 14.665526 6.605673515023754 6.041278554435152 4.160620421865972
51800.0 5.841569 17.505094 6.3500957722291655 5.7543558906481325 4.525696342834595
51900.0 6.247382 17.830416 6.513101695521137 6.035182176421956 4.481735341847902
52000.0 6.981678 17.038024 7.6227416255949 7.15921941771222 4.199034839794033
52100.0 6.198396 13.218260 6.996467577956185 6.474115710496968 3.953731262128948
52200.0 6.282960 14.814176 6.926189727858589 6.4906658584093515 3.946605411149387
52300.0 6.975024 18.499687 7.376621292968541 6.964193127688491 4.024012945739323
52400.0 6.987114 18.529170 7.34653332395613 6.939087025349306 3.8269026304480525
52500.0 6.605323 18.465804 7.019005167515443 6.593995658260246 4.387562976166576
52600.0 6.862308 18.121504 7.285041525605546 6.790864328826542 4.183654329823513
52700.0 4.994320 13.953972 5.958520008026559 5.177405536354027 4.837906658935687
52800.0 6.224437 20.804689 6.680488997319761 6.068169011991565 4.149863024735868
52900.0 6.092078 18.345155 6.726914696145263 6.08588045156226 3.938978515879335
53000.0 6.309723 18.054047 6.760770423030894 6.246898989209478 3.923665272576894
53100.0 7.238582 22.660081 7.93358736478311 7.258972531372601 3.59757947262453
53200.0 6.781836 19.476490 6.982468102453866 6.483918110723099 4.362426407584982
53300.0 7.448870 16.109351 7.469257923781614 7.242360053473689 4.162837179787757
53400.0 6.601979 19.017612 6.860157763293542 6.385356079755012 3.993189868347676
53500.0 6.427668 19.564103 7.070472361959446 6.428186004333851 4.379488640280372
53600.0 7.635115 22.430493 7.485614484570968 7.094757924554717 4.281392987254637
53700.0 7.399793 19.680940 7.254412036361488 6.886953518707409 4.699448959960138
53800.0 6.841287 17.023599 6.93083877675287 6.723591880312646 4.302134427138227
53900.0 6.808669 17.232219 7.271989025521028 6.891512898982012 4.28068637231567
54000.0 7.390178 18.040813 7.790874686080397 7.388872561467045 4.223304942702127
54100.0 7.063539 16.148430 7.0787830659664595 6.627989383396664 3.893235185328951
54200.0 7.723636 18.106142 7.658555963918438 7.303127011975521 4.320173314767023
54300.0 7.519026 20.878830 7.827982861051748 7.360864251355507 4.252544227061615
54400.0 6.892703 19.438941 7.301383303219264 6.763639429094244 4.079949178272802
54500.0 7.628687 23.618799 7.98178815039546 7.416187385103935 4.682938539725267
54600.0 7.052867 23.094753 7.123199988358838 6.745200795591729 3.8046590108174057
54700.0 7.582210 20.100996 7.340353398820085 7.233577902597269 4.287213597964851
54800.0 7.951705 20.797686 8.208318975129568 7.644363326726482 4.430406134586992
54900.0 8.530950 27.060065 8.191750393233464 7.898795794661129 4.429490676260287
55000.0 9.263383 27.201413 9.261287176775284 8.80375069808973 3.8701976642529825
55100.0 8.951817 27.833071 8.714739121012332 8.377208283879572 4.145574273113119
55200.0 8.163308 24.106266 8.415476614274837 7.838164824801426 4.182268856116081
55300.0 7.741758 21.534566 8.103226811342951 7.491739572963457 4.366424491801785
55400.0 7.546812 18.939716 7.617647258433463 7.2270510266925605 4.130913042908501
55500.0 6.298678 16.480498 6.905106632686191 6.256540037468012 3.95456416114965
55600.0 6.877972 16.043128 7.5232565453833224 6.913722607514717 3.9516002352899817
55700.0 6.930665 19.624336 7.2484314631156455 6.697286425843842 4.672390442802719
55800.0 7.672746 18.860947 7.547330742468397 7.237965101522666 4.813486499643528
55900.0 7.027494 18.946856 7.13980090266811 6.687930726749922 4.606380587719197
56000.0 6.615192 17.433460 6.329130268830683 6.111127039821328 4.358869092146356
56100.0 5.965127 18.375650 6.2406115154961075 5.750644093240766 4.4440459121878675
56200.0 6.798217 13.581866 7.242638225606187 6.705976291172962 4.229621915467932
56300.0 7.687777 21.726561 7.773253898926587 7.388350590091513 4.151825748990988
56400.0 8.392912 27.451329 8.475445986495952 7.922195735004626 3.8648510804561513
56500.0 7.894231 22.728900 8.218745781142802 7.706003815893983 4.449186147131896
56600.0 7.144317 19.031482 7.47845430545228 6.89509645849269 4.590355865076374
56700.0 7.623966 23.324719 7.773415902226694 7.2740986553533915 4.300354181350297
56800.0 7.978337 22.742028 8.025776210547424 7.590310876342601 4.286759387074533
56900.0 6.947076 19.600257 7.076361633697903 6.800306368654738 3.9961551600746965
57000.0 7.402348 20.555185 7.607742546595619 7.080796852531393 4.292555818606088
57100.0 6.762782 20.451958 6.847186189974253 6.286078562231103 4.591233258265949
57200.0 7.153066 21.894448 6.987231680439467 6.7131225533317425 3.780860829834046
57300.0 7.717790 19.905157 7.771182517737598 7.319030595128741 4.340862877753213
57400.0 7.391310 23.440185 7.688528659918185 7.1072947686931585 4.322127363373393
57500.0 7.321439 22.984289 7.458909479837283 6.927066013330623 4.649805566976418
57600.0 7.467368 21.935203 7.797689338424816 7.143870906800429 5.030596057337258
57700.0 8.142098 23.101166 8.539702219435481 7.978300158000693 4.529094675399822
57800.0 8.123751 23.423971 8.277124729742232 7.709361601817589 4.465477192643207
57900.0 7.783619 19.924714 8.040021059293531 7.568802249089456 4.261048023328908
58000.0 7.244343 22.299982 7.80875991880179 7.224631204238499 4.499405006550682
58100.0 7.259413 22.787206 7.077209374956304 6.837478240950136 3.794343252057966
58200.0 5.653557 15.442221 6.179491525890446 5.678644434635404 4.058902608644018
58300.0 7.305025 20.515256 7.471861064110594 7.187090424722705 3.800189994228742
58400.0 6.443098 15.980615 6.546064352108003 6.1580804032460295 4.400068606716529
58500.0 6.003307 12.693483 6.759656751028326 6.110000584902432 4.877571951536396
58600.0 6.142954 15.756572 6.719754206498548 6.184129996362421 4.345081668109527
58700.0 6.465852 17.131300 6.481437734458882 6.032541109397209 4.484190036651298
58800.0 5.374837 12.885076 5.863920398763788 5.289658265804674 4.731434272176397
58900.0 5.417247 14.684587 6.12644059675773 5.353227923667855 4.076759661476821
59000.0 6.082179 17.495143 6.510117376037315 6.092549552875424 4.035451211060639
59100.0 6.752388 20.691056 6.977527159653098 6.572363484243456 4.275892518267756
59200.0 7.962310 22.815838 8.245663318409388 7.697443953382533 4.489439562383783
59300.0 6.585936 21.939450 6.860406831519042 6.1587994226198415 4.711407269610316
59400.0 5.708109 15.301870 6.4416392330657235 5.786411259033146 4.049218616480435
59500.0 6.337472 19.012455 6.96034876621615 6.345616808068569 4.294232314306632
59600.0 5.663306 9.898641 6.086036266784887 5.631830241687459 4.569149098414297
59700.0 7.157342 17.775264 7.578023188380513 6.894901164095967 4.409376446668632
59800.0 6.621496 14.840528 6.639533946298525 6.243022599934904 4.122041003533502
59900.0 6.269958 13.404601 6.405127599763717 6.062917375627976 3.85166394572076
60000.0 7.523959 20.627741 8.198238623080005 7.629263347899138 4.156231536211663
60100.0 8.136480 23.995964 8.354351962552983 7.772832218657139 4.0517218646182105
60200.0 8.086837 21.396828 8.405433415877084 7.879165790438486 4.229477986149646
60300.0 7.496621 21.789116 7.783339974500458 7.353176908665034 4.149239528166023
60400.0 7.823546 23.239247 7.802173433948987 7.5116797954709495 4.679120943006558
60500.0 6.999586 17.063336 7.221401398278365 6.961961604217279 3.8859498036207603
60600.0 6.102394 13.246908 6.822011111073391 6.329378117787126 4.83000122239656
60700.0 7.232400 20.098054 7.330856921954424 6.943427156430509 4.287785272974995
60800.0 7.655798 22.966583 7.721150954156037 7.28287719765889 4.1225728368399395
60900.0 8.020503 20.604904 7.99360893455178 7.726584220720698 4.082349317575774
61000.0 8.542256 22.161834 8.653648447001425 8.241754228538683 4.650089762849856
61100.0 7.435164 20.509171 8.068641813609238 7.3454286967015525 4.586821694008765
61200.0 7.223690 21.132375 7.438988175001884 6.930604954225406 4.041968660701589
61300.0 6.973871 17.880170 6.663569005335151 6.437022731058634 4.432145795133531
61400.0 6.892175 18.155205 7.513270484529512 6.94563193408032 4.176200055163743
61500.0 7.627547 21.944846 7.717664817442882 7.203485550441093 4.445018239869196
61600.0 6.836084 17.232861 7.409434048279397 6.7760352467602605 4.424128642731588
61700.0 6.333345 14.800379 7.26699174869976 6.45931664918102 4.746948645130443
61800.0 6.876882 20.557969 7.1826575085953115 6.676723040804614 3.772244078052527
61900.0 6.320151 16.832908 6.8492362813730505 6.3697035080294 4.213277962691814
62000.0 5.717575 14.632780 5.858336052238823 5.709757509054523 4.4259556245633425
62100.0 5.811775 13.589846 6.573642449804216 6.005302520528785 4.203790940503558
62200.0 5.629215 15.735358 6.297636072070627 5.695032962189153 4.2015044071713366
62300.0 6.578040 19.567531 7.087699196190204 6.442577988229846 4.399930288451805
62400.0 6.146331 20.271711 6.377408760464804 5.936889022863398 4.482940335456091
62500.0 6.651039 19.239998 6.993416794464196 6.427309109965149 4.4315363479417815
62600.0 7.189182 21.754575 7.659186895091261 7.084343704218931 4.2544153269155585
62700.0 7.045913 20.684594 7.3465516464578835 6.736495754884137 4.174502930424412
62800.0 6.845902 19.597258 7.207900851928399 6.568382309514838 4.4173015913336195
62900.0 6.884736 24.192042 7.500210895746515 6.859370600285014 4.13062546439379
63000.0 8.169819 24.131906 8.562954729894807 7.92293514166551 4.577496837099558
63100.0 7.941361 22.913388 8.444852577008128 7.805534012858401 4.328873534806713
63200.0 7.235867 22.659948 7.487296657346938 6.95598542604919 3.712115565836512
63300.0 6.901678 18.565852 6.90603950445434 6.636469394845086 4.054498388844281
63400.0 7.120670 19.874535 7.454554919041708 6.865402473277594 4.89734172389541
63500.0 5.220879 14.648936 5.724099077525742 5.164981485196285 4.57707866258679
63600.0 5.906088 13.498763 6.432698927225456 5.809333351964495 4.618861225534846
63700.0 5.508394 11.408700 6.350190285524481 5.710324051887287 4.133317014905416
63800.0 5.376058 12.763685 6.1221969569913615 5.504547224182253 4.538114748012614
63900.0 6.144925 11.728692 6.695164945680157 6.166559025059583 3.7003087501471827
64000.0 7.170678 17.292512 7.314633587180191 7.011078248134695 3.9605912563973282
64100.0 7.192849 17.815383 7.842654838550222 7.147569596334485 4.062176195280674
64200.0 6.851531 16.553326 7.764739973253948 7.035120439232237 3.7974008055265487
64300.0 6.039113 19.476745 6.624726510490379 5.953934648744485 4.434002138986583
64400.0 5.707376 18.131077 5.782229387871912 5.492846979227444 4.290291516643733
64500.0 7.030699 20.110379 7.706525628910094 6.951131626685638 4.7064104692662045
64600.0 5.630349 13.761330 6.170266041533619 5.542993073557048 4.85451349829131
64700.0 6.239987 15.962598 6.4300835860385 6.03805316662406 4.127871111662347
64800.0 6.577001 20.986464 6.6031847859625605 6.2768736211943645 4.091553981063204
64900.0 6.438838 19.925793 6.708854797184105 6.29404871805062 4.410880727220504
65000.0 6.514636 19.881125 6.697859094861984 6.262709539977935 4.484278582104231
65100.0 6.434874 17.084477 6.8266989091573 6.301362300614984 3.807885899876441
65200.0 7.172735 20.320106 7.8721798074043985 7.243257026359468 4.284021501942089
65300.0 7.403761 17.398227 8.113745787542035 7.31791821614632 4.275937980789325
65400.0 7.993048 23.022178 8.097633609291123 7.592511240306452 4.106994573727333
65500.0 8.081600 20.670765 8.35321305157392 7.987540857921661 4.082474086294715
65600.0 7.360674 20.751453 7.4325286878611525 7.131745747994146 4.197140310114336
65700.0 7.465376 19.191062 7.2399154517266275 6.986901917320028 4.419314041064962
65800.0 7.972240 20.080141 8.256718180799592 7.731487647384442 4.074109154461055
65900.0 8.742152 27.310185 8.688453355104315 8.310349983080547 4.516521437167448
66000.0 8.333551 24.719769 8.51400729968397 8.094133478640217 3.780272192597684
66100.0 8.554632 24.354394 8.559072796389428 8.139242589818936 4.439324978999469
66200.0 8.495239 26.442976 8.52618027482209 8.058965140280495 4.103046107449258
66300.0 8.778494 26.370885 8.73370469876248 8.331964348798076 4.4315771019101655
66400.0 6.913711 19.467537 7.313235176123253 6.844096046386531 4.611747116919039
66500.0 7.179606 18.873391 7.409380240136998 6.9370126349262575 4.4456660343041925
66600.0 6.943911 13.725515 7.257965226897051 6.837545731401882 4.337823324034607
66700.0 7.021422 15.680873 7.198198319767709 6.826215889843325 4.639096389049706
66800.0 6.597671 17.000152 6.910151806306425 6.535760391938892 4.084810401876526
66900.0 6.565002 15.727535 6.860132550363961 6.465213525686317 4.122373405822112
67000.0 5.377862 15.604136 6.337971469366835 5.5610970478631145 4.382050708390898
67100.0 5.576811 15.093006 5.996425772268724 5.502932171732628 4.406573262806554
67200.0 5.753851 12.630549 5.981303115109797 5.444159700391122 3.877355623319518
67300.0 6.731898 14.804099 6.958637118517297 6.508359184324771 4.095331032195298
67400.0 6.174893 14.922657 6.583206298244543 6.142343032989111 4.2538194657429695
67500.0 5.896845 12.288931 6.552793868484514 5.976062220282136 3.821666907192056
67600.0 4.494962 7.630770 5.445653814655602 4.757273094487927 4.379637731185237
67700.0 5.402764 9.126534 5.996972957187678 5.362580877677932 4.758578367043415
67800.0 5.682907 17.916671 5.627735761484484 5.364367938348199 4.383574247933856
67900.0 5.629960 12.939745 5.799190286590379 5.409225726909419 4.089062402794221
68000.0 5.267528 14.800382 5.753074323425296 5.268418518189457 4.069525910877286
68100.0 4.949707 13.633513 5.73457743468135 5.068842004666478 4.30058535243233
68200.0 4.919610 12.724703 6.134510966177101 5.179376857077678 4.3121185430321
68300.0 4.054648 8.640634 5.25515938842097 4.431761917363069 4.7025728940590374
68400.0 3.804902 6.461521 5.144844129482962 4.233995917565447 4.889380356742697
68500.0 5.388356 11.635208 6.033296353076927 5.507190574797849 4.308425614797634
68600.0 6.329567 15.766201 6.788552159745825 6.331440098997523 4.293561560074332
68700.0 6.222068 18.667245 6.77550147764819 6.188139591849226 4.419823528397668
68800.0 6.438900 15.243519 6.634609725591973 6.153464584839996 4.169444537595331
68900.0 6.785312 20.532276 7.200886372992764 6.617153596668938 3.7452339130338186
69000.0 6.843834 22.379996 6.8046799947717425 6.394374017953488 4.023121667076852
69100.0 7.992043 24.763856 7.974389105657596 7.591219805155506 4.230290911707683
69200.0 7.043095 21.242163 7.440070260824162 6.862391068897559 4.799729797171739
69300.0 7.122177 19.492952 7.3260711602714474 6.95842791849442 4.256593298636343
69400.0 7.314478 20.545905 7.78799616774402 7.142675816997658 4.615813360391689
69500.0 7.535095 18.217808 8.022895716197278 7.526978056239367 4.121720818451002
69600.0 7.561745 19.043284 8.283704043001814 7.590616917746734 4.630579746447095
69700.0 7.573769 18.723604 7.843777900368357 7.434503468846072 4.530439278532727
69800.0 7.654457 19.773926 7.596062759879319 7.376931929771216 4.337114821284687
69900.0 7.463790 20.142909 7.610340097196507 7.24653904980076 4.120539868263965
70000.0 8.225640 22.389206 8.151703565578671 7.790892903976825 4.258330738345329
70100.0 7.751196 23.763794 8.068783951026468 7.363242247161591 4.062039661428982
70200.0 8.400661 22.536306 8.21687091584977 7.912221662238132 4.188097844881156
70300.0 7.287929 21.242285 8.05403688131261 7.406841783956859 4.134106483356268
70400.0 6.618422 17.500862 7.207090605310291 6.616078030091248 3.8854778398884884
70500.0 7.160816 20.487338 7.3050415156419 6.820394222205441 4.389101339469736
70600.0 6.977145 16.500564 7.400922450834022 6.939020232542215 4.165974254187465
70700.0 7.140505 20.192060 7.693684747706939 7.072720605953544 4.2260591120951
70800.0 7.290338 19.675502 7.324961047235287 7.044074899458429 3.994246536880087
70900.0 6.433758 12.442569 7.0737319854658605 6.516870603319836 4.262413035359935
71000.0 6.801966 16.930358 6.977714079791451 6.681566485823066 4.432802506728459
71100.0 8.012668 20.273100 8.042206581281668 7.602098120153334 4.0782233166122
71200.0 6.681541 18.406058 7.097512314317326 6.76181932350911 4.217702026977159
71300.0 6.376264 17.674862 6.6019513769925195 6.354348722135129 3.617887880651086
71400.0 6.048319 16.536250 6.176675392572544 5.954659505494311 4.357363014345685
71500.0 6.463238 16.419116 7.208343868098677 6.6389551900496375 4.007952737229471
71600.0 7.176921 18.560200 7.257346954943134 6.998921995837906 4.346142854112411
71700.0 8.583897 27.093088 8.657101286026592 8.246783037483706 4.538496858120385
71800.0 7.510971 20.852719 8.045318831164034 7.372452015430132 3.967509988636776
71900.0 7.649917 20.770594 7.993253700896918 7.488346882280445 4.423563741190519
72000.0 7.215154 20.807446 7.611595388521394 7.0619188491653295 4.45903333280856
72100.0 6.622738 18.192208 7.357079282295848 6.660285377466813 4.399480762309595
72200.0 6.969791 21.667609 7.5813421061041995 6.930305141443323 3.915457984484888
72300.0 7.167964 15.856413 7.4767206064847285 7.024534772504599 3.960598980238159
72400.0 5.751566 13.009617 6.36954596846738 5.802855372938084 4.31733445869041
72500.0 6.967152 22.530110 7.05787834994922 6.5321476680250194 4.176568363458786
72600.0 5.829598 18.463148 6.096002209890693 5.59595100290539 4.833195799423241
72700.0 5.943881 16.673578 6.615367348372183 5.869986721541849 4.241290480426157
72800.0 6.193106 13.447349 6.675450105801967 6.204029458265918 4.374909940978061
72900.0 5.416788 13.105450 5.850516489097422 5.38807079623112 4.334732215316711
73000.0 5.400086 11.695497 6.140931091296886 5.456310745147705 4.692156113551139
73100.0 6.514305 16.619786 7.2787937106316765 6.5582662897047035 4.161274178577604
73200.0 7.499890 17.469171 7.74351082442466 7.204956997913774 4.1348656884664
73300.0 6.819226 14.136433 7.042831386185414 6.530050224889907 4.41726700793731
73400.0 7.187010 19.482994 7.245380781972241 6.821814225786057 4.382023164439248
73500.0 7.375141 20.229620 8.025958874818272 7.5225441499969765 4.267603596069844
73600.0 6.666808 17.335322 7.302054141213703 6.854360612052528 4.676543209460197
73700.0 7.151835 20.711310 7.303978276036653 6.866535544884291 4.329992974113232
73800.0 7.301473 21.878260 7.3727524734651855 6.936626873159811 4.016054833228549
73900.0 7.169101 19.154253 7.167748072655637 6.83639166351839 4.155524878900915
74000.0 7.033537 19.456620 7.347329929884037 6.856948042787877 4.3435438657745165
74100.0 7.764660 18.792374 7.939615883252113 7.545199482509194 4.509741461513076
74200.0 7.135729 17.288051 7.549952313373444 7.03943836869994 4.477434688205735
74300.0 8.136271 22.669715 8.114133851147788 7.755880371775689 4.0937438489062785
74400.0 7.445120 20.848385 7.1290902285868265 6.886940530997031 4.19708383610369
74500.0 6.475511 13.548334 6.600802059395127 6.239440587543333 4.053804761535647
74600.0 6.214801 20.200619 6.7213739454923935 5.9786182846703095 4.256778981564499
74700.0 6.670408 21.628151 7.1120108939762385 6.463613067408176 4.443784053793518
74800.0 7.222705 19.958016 7.377004149253848 6.991818801456991 4.434978809251196
74900.0 6.423442 14.330617 6.904654349337209 6.397510659982469 4.171501648232886
75000.0 5.481260 9.524559 6.557856211356927 5.850735767329975 4.453883562723848
75100.0 5.523641 13.087767 6.358517842807058 5.670170526803179 3.9906618150328397
75200.0 6.453905 15.028648 6.8971806698098845 6.321588593388133 4.132645557003271
75300.0 7.888027 22.540642 7.867437480829773 7.475950878199575 4.12439601663439
75400.0 7.983009 20.710438 7.9775359294646115 7.615447032480403 4.060561311341973
75500.0 7.459556 19.511561 7.39717392837208 6.916062810082567 4.462995803362834
75600.0 6.586600 10.508258 7.169229249247803 6.753473628955947 4.139295633624622
75700.0 6.395812 16.364573 6.812541063368808 6.3237437649098664 4.1060189879631555
75800.0 6.407451 20.168662 7.00556966223087 6.353798609742096 4.046194299696297
75900.0 7.744826 21.599264 8.077519204457104 7.627578791843723 4.122178192569892
76000.0 7.350486 17.166531 7.48397379953027 7.231014868687878 3.885963568736702
76100.0 6.872889 17.704241 7.344201229028869 6.8193919558270775 3.857483885509091
76200.0 6.216367 17.961722 6.690642466663043 6.147242545577912 4.442076519595468
76300.0 5.794796 15.017979 6.145242454829442 5.657190604488876 4.248277268639406
76400.0 6.286217 16.803500 6.584078172489748 6.183428998562732 4.686536273539709
76500.0 5.240204 15.331376 6.138115196010146 5.399077347714748 4.051443820339005
76600.0 5.521755 12.662401 6.000790679512776 5.5159148030264795 4.34263263407113
76700.0 5.549951 15.470770 5.862580147467253 5.429439832846078 4.040497584495189
76800.0 6.434742 17.273888 6.644607078092922 6.1438243789388824 4.594647513777343
76900.0 4.635996 11.444748 5.696283588901563 4.921282751362074 4.575954444306907
77000.0 4.092914 12.935850 5.346253525098469 4.487683001387736 4.420059405708595
77100.0 4.838700 13.498949 5.923516722939399 5.208426504520001 4.504743797785389
77200.0 3.791286 7.337200 4.831100261484344 4.0394881020694635 4.471276252355915
77300.0 3.671296 5.939720 4.752402492559082 4.051713687504484 4.458860805221522
77400.0 3.184264 5.540659 4.733282151508309 3.7393986396834444 4.6120589074367
77500.0 3.492924 9.875668 4.159058453193432 3.688926339145338 4.353635758321
77600.0 3.704527 9.281471 5.255441021159151 4.367742630772135 4.620895951336002
77700.0 4.704263 13.605073 5.635899580618665 4.952394969805766 4.479669464150668
77800.0 5.099344 11.277700 5.809784545160728 5.124204206006024 4.531039833676795
77900.0 5.525487 10.957656 6.226096703968435 5.725189781065127 4.348520979891341
78000.0 6.013237 18.417952 6.8256664542529775 6.132478410496068 4.038481922230914
78100.0 6.671762 17.837826 6.939474312125374 6.58821832488396 4.576937273455168
78200.0 7.137127 19.665339 7.888228864420236 7.28161734598141 4.657760244305944
78300.0 6.492278 16.029978 7.06558800239906 6.454185882488639 4.5440149264625065
78400.0 6.826889 17.190886 7.888305509183074 7.058455611736317 4.567081392973633
78500.0 6.301446 14.802037 6.847618520713314 6.294645674789361 4.399649304430468
78600.0 6.521937 18.983365 7.174680798912744 6.4960570437042735 4.348928549294387
78700.0 6.741441 22.643817 6.3227454942164645 6.177625515154859 3.7858821350271885
78800.0 7.150205 19.380968 7.592875263930044 6.923106261602268 4.397473010422967
78900.0 7.853167 22.734027 8.400884005240371 7.712639065484469 4.363414128584472
79000.0 7.036804 18.121679 7.12019276375669 6.72702321442893 4.113981394923375
79100.0 6.992783 17.996591 6.79396432399643 6.574438008510152 3.6883789512841325
79200.0 7.495608 15.626434 7.959801983616862 7.4277200086637505 3.6993826601924793
79300.0 7.093540 16.757583 7.472486656289426 7.03071852828988 4.051995435267504
79400.0 6.646640 20.477538 7.1332133162053735 6.4932393501394055 4.130252776981599
79500.0 6.598266 17.797359 7.43678102861064 6.683540814280021 4.2445289270535005
79600.0 8.014054 19.369312 8.63021157065875 8.153455737058719 4.233076921287372
79700.0 6.597573 12.436147 7.520903532784752 6.956552884955238 4.0778583146701335
79800.0 7.676424 19.361812 8.038772399443031 7.622740826511639 4.595476092630529
79900.0 7.643120 19.387176 7.731465427455129 7.363340251688411 4.076778137453251
80000.0 7.648280 25.080593 7.967583809209958 7.448138661981793 4.15741107552749
80100.0 8.070714 19.771899 8.385276935669623 7.858452886821243 4.250042075728448
80200.0 6.007325 15.908396 6.5216168959843195 6.011292992413561 4.882492638272512
80300.0 6.562891 19.560133 7.140340322135047 6.555745688225633 4.051576050768033
80400.0 6.533260 19.904969 6.708969367174317 6.263815014355929 4.637125685814557
80500.0 6.112501 15.463283 6.749572814825678 6.120403850702141 4.24147597118368
80600.0 6.366142 17.053593 6.729749678701167 6.131261515123324 4.6675458942032435
80700.0 6.601344 16.485095 7.084163698978133 6.572566610418654 4.217118755045861
80800.0 6.967897 18.519581 7.252798929261473 6.870422200151283 4.189866440602567
80900.0 7.372355 17.866646 7.679906833624968 7.231204465865856 3.7027086132535754
81000.0 6.143026 16.705533 6.800423673272005 6.191997734818601 4.258301902561649
81100.0 5.202206 9.323202 6.371184814841157 5.430778400948172 4.118031932545933
81200.0 6.754633 18.561700 7.02048669931095 6.607742130531119 4.373977994986695
81300.0 6.062297 19.023037 6.5839083977970665 6.112492815183583 4.71313423022958
81400.0 7.304970 18.558966 7.288260419586615 6.957415897812856 4.3674599805120335
81500.0 6.300323 18.932969 6.951876442913178 6.271136236539249 4.253445706629629
81600.0 7.693324 20.922224 8.02010119923062 7.534872909777702 4.147186312897909
81700.0 7.630104 24.348960 7.3955371687032025 7.093029896070512 4.223450050882691
81800.0 7.336342 20.258976 7.614911648078149 7.232483656862203 3.9549079071485815
81900.0 6.649685 18.104894 7.01666735621236 6.430155794513964 4.682867184878827
82000.0 7.277641 19.037080 7.687108507337081 7.194251155782129 4.773396662561638
82100.0 5.906043 13.152394 6.1446835963360815 5.837318668057714 3.9975904168657017
82200.0 6.563282 14.661576 6.937412691009996 6.492529498195676 4.2240552123425745
82300.0 7.051995 15.955770 7.216289513972072 6.858457078732085 4.039803644095627
82400.0 7.046900 20.665994 7.318670134019298 6.7395483120593775 3.8518525461843898
82500.0 7.036513 20.301430 7.182699071187666 6.5795862601259305 4.384800064544009
82600.0 7.217876 21.194439 7.490636910453523 6.995617814987053 4.290882327199399
82700.0 7.616474 20.850803 8.100390429030458 7.6493403702035225 4.595211326593636
82800.0 7.325075 20.292245 8.692873070508778 7.704289048683377 3.7776099006285944
82900.0 8.786154 23.515289 8.444418778214317 8.241437163909618 3.780688579076402
83000.0 8.334380 23.542491 7.99028827294633 7.761772535482552 4.32377900127561
83100.0 8.298826 25.625010 8.257006340882983 7.954235815029462 4.5213978360182985
83200.0 9.015844 26.947614 8.933975050635203 8.414486621594245 4.164239698699294
83300.0 7.508868 22.320226 8.065459525641419 7.32242153695337 4.319556945180014
83400.0 7.948595 20.976279 7.886252263866385 7.427673042884876 3.9446268781960696
83500.0 7.541733 17.207540 7.494594862562149 7.16296037116332 4.250500528896399
83600.0 7.290023 14.011700 8.044028388582333 7.344768529804668 4.397139754402477
83700.0 6.317962 15.921047 6.778277105656111 6.268418326918411 4.98584825057875
83800.0 5.871308 15.209215 6.405850755162518 5.9041162485110235 4.121279761134775
83900.0 5.540596 11.754288 6.2491454271851214 5.636054732463527 4.0170001140914255
84000.0 5.324614 15.804323 6.320916343700277 5.520929679235642 4.354545511550784
84100.0 5.204190 16.787206 6.210672551580031 5.4354769362121615 3.956176655642832
84200.0 4.948185 11.480185 5.611098639495084 4.941136914203834 4.52495751942288
84300.0 5.732160 14.101055 6.270992650452792 5.804095142004262 4.616914170903639
84400.0 6.120792 14.480904 6.483864367858964 5.961756623703679 4.245687435266044
84500.0 6.854691 13.652789 7.488234397096539 6.857605491031681 4.220899059404422
84600.0 7.060266 16.030837 7.455661366217622 6.854961688349164 4.034598671568075
84700.0 5.911870 14.522649 6.602577359631536 5.928764455349898 4.824239583726972
84800.0 6.990463 17.676531 7.383750601468019 6.920590751083776 4.524803471000557
84900.0 6.502793 15.832667 6.83470347005072 6.464010677901403 3.94737155870308
85000.0 6.816726 16.968195 7.594946732029303 6.876778808550812 3.9540148656813954
85100.0 6.282798 17.123081 7.027927841285254 6.30655809623987 4.488510214426379
85200.0 6.435555 15.228929 6.81497563977775 6.294867236742174 4.2643696950002115
85300.0 7.550844 23.082398 8.07631533122497 7.489622621687156 4.019937366459089
85400.0 7.889044 18.982806 7.982524484951503 7.598803768663815 3.978682050048264
85500.0 8.139692 22.331111 8.779865167285564 8.060431990303341 4.236055215067273
85600.0 7.314964 21.064083 8.0853842963335 7.294617673825065 4.059851220153704
85700.0 8.036792 23.223260 8.39512774181776 7.866863045505588 4.148042083562368
85800.0 7.344323 25.383478 7.502539488533222 7.026951205511584 3.9267115931402494
85900.0 7.401848 21.591676 7.679123368475425 7.131544310025084 4.395644969215547
86000.0 7.284292 23.423950 7.492567190075847 6.8808728746379275 3.8506706619798985
86100.0 7.163749 22.845912 7.084618916288428 6.759929591299675 4.600489589267064
86200.0 7.148742 18.794015 6.831744169331725 6.767555994131204 4.231757914799515
86300.0 7.428163 15.568580 7.6630732012547895 7.287803704098066 4.316946315254259
86400.0 6.117521 16.090068 6.657867948370163 6.252189814190927 4.355894327149083
86500.0 6.586035 20.968907 6.974130672596566 6.50692189207268 4.315900804469336
86600.0 8.230835 21.630197 8.057276336018681 7.673015416364311 4.133561794993658
86700.0 7.925293 20.310732 8.650686032181154 7.939062279623352 4.0164238790753375
86800.0 6.685080 17.503139 7.202259816086374 6.707823408770176 4.467478048326918
86900.0 5.817863 13.281388 6.51562536933735 5.966121471142324 4.1731795502649875
87000.0 6.694551 15.349905 7.024205582191942 6.6111562299350695 4.03823288543129
87100.0 7.204206 17.262449 7.1519073367505435 6.909995823582971 4.607884623443491
87200.0 5.871745 16.038454 6.724569191201651 6.064257485397688 4.57058329300874
87300.0 5.512729 14.829935 6.410806052331682 5.605852839050016 3.9366467394358247
87400.0 5.990826 14.504071 6.630909940435547 6.066721533979123 4.2877291374410715
87500.0 5.578582 17.384630 6.265355214813818 5.602582659862782 4.291275278332617
87600.0 5.603563 14.480988 6.260690046163355 5.585179273836986 4.04885649361062
87700.0 5.878681 14.500951 6.865574227793495 6.090284965514906 4.229644927950152
87800.0 5.991479 17.859717 6.54967130849065 5.9916037993606475 4.478697388764431
87900.0 6.474956 18.486193 6.850433220682624 6.387112108061381 3.9277704575936183
88000.0 6.352319 15.395835 6.567828361962703 6.12929894566535 4.596730045449877
88100.0 7.564957 17.727731 7.701574673918084 7.300734050593891 4.214503730576952
88200.0 7.309509 19.302825 7.487315961701325 6.988843278948349 4.309731425994702
88300.0 6.990903 15.967716 7.410888987826945 7.1286176691676735 4.462699114154401
88400.0 5.959544 13.975965 6.398524834583237 5.942383274125913 4.480243934905917
88500.0 6.060988 15.284774 6.926891788708023 6.314746787543328 4.0413323863152035
88600.0 6.673632 19.420211 6.939144025050845 6.5519861359875256 4.5385444399089385
88700.0 7.127268 19.763289 6.877279006810216 6.682183886289936 3.998268881594791
88800.0 7.977235 21.897289 8.024272600006242 7.640216173775692 4.548666111094864
88900.0 7.978847 23.771186 8.222803455644573 7.726288670617127 4.357071021409518
89000.0 8.918553 26.558226 8.885467687583303 8.42668955953968 4.197643317484493
89100.0 6.944613 20.802540 7.23874832171105 6.77263296950086 4.6782572935489775
89200.0 6.875825 20.871376 6.8104116130192045 6.551113342057924 4.1718975701057115
89300.0 7.367697 18.420230 7.160533563183316 6.806740271455388 4.606627502477046
89400.0 6.803812 18.477842 7.006345944083982 6.577644835711606 4.2564016467304535
89500.0 6.785966 17.025473 7.153497263119926 6.676094826870112 4.599967362974024
89600.0 6.827888 15.316719 7.426779358943021 6.864791731528767 4.942884923671094
89700.0 7.180076 16.239533 7.131322088372748 6.991486144994488 4.452603943717556
89800.0 5.969585 13.683263 6.762107268573671 6.083492603978635 4.30152091854169
89900.0 6.876245 12.126846 7.145112763631761 6.717648735445742 4.300844298168154
90000.0 5.513590 11.876835 6.0652760542752935 5.506923805578585 4.559616612175259
90100.0 7.361360 19.813307 7.8384853117459965 7.338458227307577 4.528003958005724
90200.0 7.452239 21.338788 7.549766972865198 7.074063088617686 4.789617184535148
90300.0 6.395428 15.300223 7.280876032455634 6.605275676858876 3.9434952330555135
90400.0 6.841825 17.719710 7.248735360514181 6.791826769152334 4.498530808992208
90500.0 5.983046 16.681815 7.179156289148887 6.33584130117467 3.7925535095355265
90600.0 6.703672 17.322410 6.692934030159392 6.475030057384294 3.889851671916402
90700.0 7.031963 14.802737 7.8285226242378085 7.172431566683173 4.377284680382686
90800.0 7.292089 19.243723 7.232742457325998 6.9001421076915515 4.320526652279869
90900.0 7.027166 17.083660 7.415587561157889 6.970761769673151 4.249504193394148
91000.0 7.152435 17.157933 7.767640374210663 7.09819209141908 4.292182685806546
91100.0 7.413006 20.174506 7.478894772620204 7.099480805915335 4.475640775708996
91200.0 7.623162 21.181698 7.226843417167663 7.037115377033078 4.4168278259509295
91300.0 6.729671 18.433516 6.96324981676128 6.479403754829235 4.47680921501769
91400.0 8.457310 24.354090 8.476605994468727 8.188322562449121 4.283780226203605
91500.0 6.620054 19.116837 7.692302703681623 6.812079399430021 4.4876352592544615
91600.0 7.242503 21.852402 7.604123377327801 6.882219658251544 4.647863470344838
91700.0 5.808596 15.825781 6.191706973415141 5.879278196489765 5.0874802362487745
91800.0 6.056740 16.226213 7.034588786872366 6.3041224946069345 4.400727002860166
91900.0 6.079665 17.773191 6.3820807023613595 5.8864421328442305 3.6235426855443236
92000.0 6.628862 17.839978 7.287381550685887 6.6879908324244175 4.570027598677771
92100.0 6.188275 17.450868 7.104429465135366 6.4856298932201115 4.396418515424442
92200.0 5.936499 17.880339 6.41608498468998 5.958853597488277 4.143787955980771
92300.0 6.182988 15.545325 7.044546565946129 6.329505155814075 3.877069012768861
92400.0 6.832031 19.616476 7.014141476901813 6.617339280743038 4.199426122163043
92500.0 7.485931 16.563129 7.535664216600336 7.234090812758025 4.122866770795234
92600.0 7.421574 18.573280 8.054087915175263 7.420602443171648 4.151496871071226
92700.0 7.164743 17.778423 7.517581660977283 6.935923392171498 4.475645498658587
92800.0 7.406705 17.817316 7.456394702478381 7.19789499083145 4.142781623274823
92900.0 6.756836 16.310638 6.616407523451868 6.437022660506898 4.14650702003311
93000.0 6.725193 19.279631 7.150275225255316 6.552480782714653 4.762553111455823
93100.0 6.925622 17.078896 7.214551267629034 6.6512034080629485 4.1682406114588275
93200.0 7.018891 17.539839 7.091608270219281 6.746419956248974 4.356923483397061
93300.0 7.248948 23.774674 7.4067115973079245 6.7955879512323785 3.6302239295343055
93400.0 7.458999 25.067532 7.584023661580739 7.0664257497494685 4.2739590457806225
93500.0 7.438102 18.785421 7.448950079807705 7.090737971115184 4.2233068571720525
93600.0 6.916107 24.358531 7.021655530091255 6.627211473721823 4.050143897720612
93700.0 7.803115 23.723263 7.6113568146858706 7.209455159828785 3.9747079975049027
93800.0 8.202409 23.494937 8.235511064060255 7.888049625701051 3.9553931246743135
93900.0 8.137867 21.530809 8.512094200973003 7.907513957513905 4.757486716240766
94000.0 7.916675 23.402819 8.068548504595459 7.7710033101122145 4.31424278558049
94100.0 6.837793 17.818124 7.255876755711714 6.7007184926295436 4.038253328382947
94200.0 5.511814 17.226362 5.8075915484888725 5.4578103989851865 4.693509265385611
94300.0 5.931365 18.590749 6.622306917442802 5.959968508182351 4.154845532287821
94400.0 6.795089 19.046920 7.060064256409313 6.6244631523505095 4.071481783548645
94500.0 6.605074 14.310970 6.838082877191259 6.313952806690546 4.267292617843142
94600.0 6.099445 16.169250 6.658794491724607 6.1445392311889835 4.119215192404116
94700.0 6.783307 19.238573 7.0332904627796005 6.638733038626446 4.488935010154839
94800.0 5.846631 14.576132 6.508305070738508 5.980713723656349 4.572794637036217
94900.0 5.924392 16.617377 6.50500577176971 5.912731247339919 4.608468540162255
95000.0 5.941456 16.921155 6.212343623510249 5.854563599254028 4.076086466289201
95100.0 6.017081 14.685773 6.766491222391515 6.050725748010216 4.229836323142775
95200.0 5.378390 11.614629 6.178314941202369 5.4217718520292735 4.375792994164301
95300.0 5.793379 11.620097 6.178595347101124 5.81027175477089 4.101692543772767
95400.0 7.294471 18.688083 7.772466671962427 7.368921442752935 4.558947370365148
95500.0 7.069163 22.335991 6.865400492149465 6.595244263371402 4.141622852695803
95600.0 7.093712 22.383872 7.1009919476971515 6.718841052913251 4.45133697587287
95700.0 7.256994 22.305445 7.126649758977514 6.743353345313359 4.137601378734739
95800.0 7.242389 22.916870 7.823825662560839 7.113677896488981 4.335168468206339
95900.0 7.545216 24.819256 7.721648334369498 7.193132171399152 4.004157325861249
96000.0 7.697013 19.556620 7.721513579947125 7.180053170682952 4.213036237568578
96100.0 8.573818 25.810405 8.519366887678464 7.942428548256793 4.12512537929459
96200.0 8.231244 25.223285 8.707565916472438 8.061921743292206 4.450426366789309
96300.0 7.975007 23.587277 7.761914414976674 7.594370301246639 4.53943586551394
96400.0 8.077672 21.753386 8.42731489675919 7.7266336350152836 4.146129983156444
96500.0 6.429226 18.023540 7.452081536839718 6.742716840108603 4.147019445463679
96600.0 6.896243 17.810081 7.383754610182316 6.725987220526329 4.1810420433010975
96700.0 8.157552 23.071220 8.342149395555388 7.944207264073577 3.696731255844373
96800.0 9.285996 25.338605 9.287904931040794 8.780106192755637 4.043473394213768
96900.0 7.581947 23.957373 7.734212042848523 7.288203030818343 4.356325404246262
97000.0 5.468540 16.312379 6.149898792726809 5.528855193816885 4.910907040597478
97100.0 6.114254 13.414417 6.586269566620782 6.139167491917147 4.779092639050956
97200.0 7.094052 15.424560 7.030451438862418 6.831744252006295 4.003964047449684
97300.0 6.888476 17.007950 7.449851412193847 7.041248343557764 4.044565240114507
97400.0 6.716718 15.393737 7.080955854089968 6.725288993215277 4.363805229616535
97500.0 6.707927 15.033723 7.415702397772014 6.967812309646255 4.168695706476881
97600.0 7.061295 20.159420 7.2408001767301595 6.9211101796572825 4.3817851122586
97700.0 6.792586 18.663507 7.461827199376452 6.861145139734735 4.398252230761525
97800.0 6.186179 16.895605 6.7340658777085185 6.238071441963924 4.552237022454986
97900.0 6.261342 13.909695 6.9994380008395645 6.4543790512796795 4.3166252257019675
98000.0 7.213810 22.912943 7.169000624105894 6.780240851333256 4.764774139367409
98100.0 7.703221 25.229482 7.683650616239602 7.172503808088088 4.257302732491778
98200.0 6.928946 18.894885 7.634807187672403 6.815980274487985 4.4229474689919
98300.0 6.765201 21.723656 7.379890750419468 6.675994518842705 4.480152674574226
98400.0 6.444451 15.783470 7.494343238511728 6.69895773138036 4.51242961645926
98500.0 5.904140 12.563956 6.736542938246992 6.106641120141253 4.458614758631177
98600.0 5.509282 12.725081 6.07330651400289 5.598141848504119 4.178740793000104
98700.0 6.215464 12.359491 6.180949433550047 5.942740677996412 4.122256105603229
98800.0 7.719825 14.771725 8.290854611049962 7.737499930491515 4.391001707989065
98900.0 7.213665 17.632681 7.697821884099626 7.1362337148093475 4.2816268351504
99000.0 5.902557 12.005503 6.610394791068471 5.989965969127263 4.484286872314033
99100.0 6.737156 15.485578 7.1088210860265155 6.641457833599986 4.237951164564533
99200.0 7.338510 21.100046 7.803971218560994 7.254972245429944 4.069454617656787
99300.0 7.572802 20.295047 8.001272041339085 7.4720978152009145 4.374601378515544
99400.0 7.855099 20.457582 8.09031468209509 7.435608369321708 4.600704064946597
99500.0 8.271073 24.739268 8.54703603437059 7.9516495494645465 4.573546463804782
99600.0 8.621198 22.865559 7.827588287529124 7.798015464069772 4.114654483515902
99700.0 7.501041 17.682530 7.686764028448034 7.173969601735507 4.228737156428895
99800.0 6.813953 15.508525 6.797164801358951 6.606081468409211 4.2334727506853
99900.0 8.028388 20.537493 7.725465876177013 7.487292785207837 4.362937041981348
100000.0 7.456824 20.386415 7.874215336980696 7.345968326717698 4.618039732619873
