   100.00000000000000        10.017268263922910        1.6264477389526579       0.81192853909017737       0.50214160083355086     
   200.00000000000000        22.725511016256092        1.2265672296505095       0.39290241684397476       0.81127091977532051     
   300.00000000000000        21.826914293944121       0.92102775943821058       0.38280567195866499       0.83845118054787049     
   400.00000000000000        10.263100015284454        2.2459437857300806       0.94970518536181148       0.42148642363155597     
   500.00000000000000        11.213853210974783        2.7935635870469007        1.1682514128436146       0.37875889374272764     
   600.00000000000000        16.720959204231619       0.84114990856713945       0.60473409178035809       0.77561198196950409     
   700.00000000000000        15.889750608209409        1.6586986574188352       0.57786949093007678       0.66675821536724211     
   800.00000000000000        15.853596402807415        1.3174352034236456       0.59927647480093871       0.70382005259708946     
   900.00000000000000        17.651262291514339        1.4647282369737802       0.74142615374118659       0.69546787556185707     
   1000.0000000000000        19.526261517518837        1.1546343077719250       0.63825118017981008       0.76406057125080995     
   1100.0000000000000        17.567943720730057        2.7118673129682307       0.37867851423104248       0.61111806724778628     
   1200.0000000000000        6.4535059721032724        3.4904455015918003       0.75413372975338744       0.21297679277279913     
   1300.0000000000000        5.8917414835973156        1.7969788080430575       0.52119631530130039       0.35041204753115784     
   1400.0000000000000        20.483090999217481        1.2046725152954174       0.81419881323652810       0.74917816397843406     
   1500.0000000000000        15.064562396690317        1.2593622963327036       0.75050880537764897       0.67870560203198382     
   1600.0000000000000        12.610628243358171        1.3896938798444189       0.53854400959605986       0.64426816434863010     
   1700.0000000000000        24.835158632548954        1.4976922138279143       0.60681021367406451       0.78019369698111207     
   1800.0000000000000        18.024165947624020        2.4102955385129761       0.74427043421236139       0.60771054434094141     
   1900.0000000000000        17.299868512849919        2.0710767466359563       0.56570025934598789       0.64685996203243668     
   2000.0000000000000        14.925746943155787        2.4082727882559336       0.42647548931437562       0.58782844088218877     
   2100.0000000000000        15.471379116102721        1.5832631453283597       0.36053583411273138       0.69688186693598553     
   2200.0000000000000        8.6748796894835234        2.5128818028900124       0.67212165548904723       0.37468053742392426     
   2300.0000000000000        5.8302445534479936        2.1551032038968421        1.7166510983203704       0.16265245718740085     
   2400.0000000000000        16.754522270440301        5.3965125070546627       0.40151427992966315       0.41423593280293858     
   2500.0000000000000        19.141494113695778        1.7806903869587636       0.79048092672510073       0.67785712155152500     
   2600.0000000000000        20.072661879446930        1.0590676423781211       0.35523391781266422       0.81308861693219814     
   2700.0000000000000        19.626398198668394        1.9875972635155570       0.31647021570471967       0.71400349193816415     
   2800.0000000000000        10.651992875317127        2.0735472583507395       0.63557501229436131       0.49290475493844954     
   2900.0000000000000        10.526100371041096        2.2614885058080336       0.67217005677857822       0.46347137299955010     
   3000.0000000000000        10.375580434810052        1.7083284289791596       0.27487292595672441       0.58662087757307346     
   3100.0000000000000        18.524912571353145       0.93849509391372976       0.80340218716261891       0.75880949577023182     
   3200.0000000000000        16.703878286677398        2.2310639396189238       0.74257549941588596       0.60231853460842166     
   3300.0000000000000        21.155724971159426        1.1965943493329085       0.78045951053809404       0.76028106696606890     
   3400.0000000000000        14.346055141488955       0.89641129759350946       0.70324437402466877       0.72179717564351487     
   3500.0000000000000        20.348001465663742        1.6394911224230455       0.42108508882187756       0.74537816027881831     
   3600.0000000000000        11.298302146209409        2.4927769026329738       0.92150600298761809       0.43353027688958212     
   3700.0000000000000        15.064835421271656        3.7434174076960112       0.46371927656650325       0.47403752301434621     
   3800.0000000000000        12.981651376373506        2.3780668649927801       0.45520461330904460       0.54584647490067306     
   3900.0000000000000        22.204902964113064       0.95164616220396070       0.68887120181965766       0.80434668464249548     
   4000.0000000000000        13.390941746834137        1.7540769627087478       0.50927069135462055       0.61802741793805205     
   4100.0000000000000        14.344547732014842        1.9918557544490838        1.0961264020976706       0.54116398122130116     
   4200.0000000000000        11.827040714200582        2.3395868258792074       0.57010716000894046       0.50619336528123116     
   4300.0000000000000        21.016863492733513        1.1498352558153542       0.57982315667496120       0.78535915452846095     
   4400.0000000000000        14.051750613039140       0.96547047605222147       0.63857069996212257       0.71657592203874931     
   4500.0000000000000        17.912188178470412        1.0038248847756357       0.81775850266844241       0.74231461190485537     
   4600.0000000000000        11.328106134924624        1.1621000466397220       0.55390166986481404       0.64590855757945120     
   4700.0000000000000        25.145519084694357        1.6772783801822655       0.39775503095115461       0.78604089279742151     
   4800.0000000000000        19.768194746913295        1.2502503307402151       0.44616020269143597       0.77800768979778279     
   4900.0000000000000        25.726079574827168        2.1812523380843700       0.43318278124473863       0.74524897946560542     
   5000.0000000000000        14.695650147417293        4.5250077078314348       0.72884037184475137       0.39313870018451036     
   5100.0000000000000        9.3679480997459237       0.93937467421067034       0.66336237027773448       0.61021855097097455     
   5200.0000000000000        19.034608375957529       0.98005872780271375       0.40728028858783105       0.80717253110791154     
   5300.0000000000000        20.327202450387063        1.7839170703886325       0.71663532711997213       0.70001719221464587     
   5400.0000000000000        20.468892059962776        1.0439294662526173       0.86001241479683888       0.76104360157891759     
   5500.0000000000000        11.109108510587628        2.3794488624123940       0.61506867045054214       0.47620207016933191     
   5600.0000000000000        7.7378652267832884        1.2985208035323961       0.89068271138555133       0.44910383846695667     
   5700.0000000000000        12.971743460418452       0.82151159091209536       0.72670539777843857       0.70573242995175134     
   5800.0000000000000        8.0530130534830242        3.6273982421472439       0.76609661941520502       0.26102047117762606     
   5900.0000000000000        15.785075852549539        1.7952619826846146       0.50780769834282946       0.65830127858803467     
   6000.0000000000000        9.2232030179404347       0.93022953976896083       0.78140313321778665       0.58567702554980838     
   6100.0000000000000        13.699798956605974        3.3748142605442730       0.64449175332820108       0.45307517229862138     
   6200.0000000000000        14.231181039305337        2.7605187254328740       0.53643482111189567       0.52739464505331313     
   6300.0000000000000        16.188238065151257        3.0874626821066506       0.95547396389842998       0.49867134698973259     
   6400.0000000000000        10.817207731296458        4.0796145075817165       0.81147825482585212       0.31649453595403565     
   6500.0000000000000        16.564174748477829        2.6433747110334842       0.52191257830158477       0.58528130156223035     
   6600.0000000000000        15.478416052350639        1.0694338437987501       0.42984080500347410       0.75368525811075682     
   6700.0000000000000        15.813469604084357       0.84425529936560295       0.56967064894612829       0.76912413769087506     
   6800.0000000000000        14.161468927378301        2.7151562360678270       0.54316579244631757       0.52923831221008977     
   6900.0000000000000        14.945079032801857        1.8064119745298086       0.71449292853495905       0.61680604853218268     
   7000.0000000000000        22.880180727281722        1.4038948118646921       0.36901705504830407       0.79721472526460446     
   7100.0000000000000        26.204424792672665       0.98505044503968975       0.35015753798382221       0.86023806009104209     
   7200.0000000000000        17.450550333574135        1.2293458876202727       0.66886939420248481       0.72796903453609463     
   7300.0000000000000        12.195226807799269        1.5405624201025194       0.91094137555904942       0.56229218567204686     
   7400.0000000000000        12.062274138846174        3.0108920515339008       0.39112707200556951       0.47044043679341374     
   7500.0000000000000        10.193361528421974        3.1892496468300155       0.54511295072047261       0.38441228480659462     
   7600.0000000000000        16.324954334644747       0.98871289717353150       0.56516468300804501       0.75668181334143036     
   7700.0000000000000        16.390073052920684        2.3967959332161577       0.47682820019343630       0.60999947001790455     
   7800.0000000000000        9.8757474182992553        3.7627128795067222       0.50356994928562049       0.33957734659193539     
   7900.0000000000000        19.301927774550510        1.8169732067002577       0.68458834595452345       0.68744431671273742     
   8000.0000000000000        26.384445387710123        2.2028709526077144       0.44322672872078783       0.74800246737255183     
   8100.0000000000000        18.740869440890211        2.1004182995899185       0.91228681280211710       0.62991541084499014     
   8200.0000000000000        20.522243521338265        1.1022282637062197       0.85847636707038966       0.75557457950872320     
   8300.0000000000000        13.090982028820797        1.4602538697319218       0.48836803963975139       0.65220541959621303     
   8400.0000000000000        14.911242236444467        2.2591736548299615       0.60675233862500910       0.58131574367041061     
   8500.0000000000000        10.021172727450876        3.0693254783604917       0.74275839701237389       0.36536059354298112     
   8600.0000000000000        22.038408669540438        1.9577271380943415       0.86761963257123309       0.68959533887158075     
   8700.0000000000000        8.2599712662084137        2.6561455257243125       0.61547415471026889       0.35346383864777786     
   8800.0000000000000        8.3235860402817110        2.5603525410222723       0.58777945799585352       0.36834489560487382     
   8900.0000000000000        11.797518818636908        3.6097539301686741       0.46346506756230177       0.40773213813872577     
   9000.0000000000000        27.119922670438971        1.9291605305847561       0.53710245039306415       0.76721902325136648     
   9100.0000000000000        29.116509598995052        1.1670371156198627       0.58731655004836192       0.83704452807756347     
   9200.0000000000000        17.799991242684676        1.0549043178163551       0.50792530908541789       0.77311756157198464     
   9300.0000000000000        23.813872455009978        1.2050356352284304       0.41712230673806339       0.81854861633183462     
   9400.0000000000000        19.323413591904469        2.2602630130749617        1.1338200784727306       0.60385567253987837     
   9500.0000000000000        10.823783130328323        1.8182807235521246        1.0860165962739758       0.46816088521827792     
   9600.0000000000000        21.768110320149439        1.6828521529607841       0.55036818960312672       0.74201207183336526     
   9700.0000000000000        16.192323564024058        1.9967079835551544        1.0222629517402702       0.58605587990097319     
   9800.0000000000000        15.489881388998988        4.7734780087572926       0.30068519321402043       0.43222535780458127     
   9900.0000000000000        21.688462619236301        1.1703389683501086       0.98486631089393839       0.74726126856701802     
   10000.000000000000        8.1238826995215856        1.3652154838120847       0.59938982798592377       0.50543574515384693     
   10100.000000000000        11.108664608003291        1.7092407867231767        1.1025237886865136       0.48725806855859721     
   10200.000000000000        17.177921785767445        1.2191421052518123       0.42233820163958224       0.75679375064795784     
   10300.000000000000        14.304289500290549        1.3204461382823247       0.63296414781233512       0.67336495559930309     
   10400.000000000000        18.341501308755909        2.7018743071057756       0.91777248554745405       0.57161143925158520     
   10500.000000000000        21.043618480114340        1.0516930181514788       0.53036537682514240       0.80162955978388584     
   10600.000000000000        13.897312830342385        2.4785566593119874       0.40832452127091390       0.56197435954727037     
   10700.000000000000        16.011228411469354        1.9051478800530077       0.62607321850990960       0.63596859487303714     
   10800.000000000000        20.475744840216109        1.6089247993106923       0.66157022999519910       0.72426392646756077     
   10900.000000000000        19.748008514297236        1.0737428488681608       0.32257118809576468       0.81264674149723048     
   11000.000000000000        18.992488070029676        1.7624367943130750       0.96543273835392895       0.65972763752462693     
   11100.000000000000        9.2871118493265836        1.4400856133858078       0.66022585389552146       0.52673545096753505     
   11200.000000000000        26.834527408765553        1.4797159607184049       0.50007883983482770       0.80536278724822208     
   11300.000000000000        22.134058065856600        1.3171908918138584       0.45178814995111338       0.79128687067817838     
   11400.000000000000        20.751032260587102        1.0611031656419065       0.49007204253257353       0.80271855976373674     
   11500.000000000000        14.506511163962589        2.0180732003920383       0.61242047045617110       0.59756599358933937     
   11600.000000000000        16.874630824122519        2.0270064121092624       0.81644223684134243       0.61700045897835620     
   11700.000000000000        16.876475927632359        1.7240109987683852       0.71337879081358224       0.65929058469332258     
   11800.000000000000        8.2260727148118757        1.9936595817191005       0.59880327786912346       0.42277526752899752     
   11900.000000000000        10.056544078347308        3.6691121328763998       0.31976972503228307       0.37212750761185731     
   12000.000000000000        3.3457729120627633        1.2492252198629190       0.92344783262761454       0.17024953544483779     
   12100.000000000000        4.1547209695562834        1.1416185383483031       0.59858806191591896       0.31682937016672841     
   12200.000000000000        18.719018818121338        2.0030595073554558       0.46729934399325757       0.68476747137661542     
   12300.000000000000        9.4969081385986165        1.2263656462775181       0.56134499763724177       0.58381244622210127     
   12400.000000000000        11.261451061521596        2.4680855639574482       0.49421664923121256       0.48724172440837676     
   12500.000000000000        8.7037189546714160        2.1150681237082765        1.0088220398636598       0.37116235452879021     
   12600.000000000000        15.844996163046826        1.2001196221211963       0.62121310657092188       0.71543141701861357     
   12700.000000000000        22.577186056147269        1.2995403121448454       0.63848580437499436       0.77744473243271150     
   12800.000000000000        15.973671255672695        1.8143397191289310       0.57899561836187452       0.65067848851351617     
   12900.000000000000        13.107114117679730        1.0917408973587204       0.77848651238853783       0.66080014525174224     
   13000.000000000000        25.792597306344952        1.0757355420112198       0.48096238323727292       0.83688685674954233     
   13100.000000000000        19.138117019539202        1.8461712707847866       0.42973325363090975       0.70985351440108335     
   13200.000000000000        11.878611532846527        3.1070870034943407       0.74605403426780814       0.41708673395249185     
   13300.000000000000        13.174771380517761        2.8413383290968390       0.94952608811086048       0.45133045370292801     
   13400.000000000000        8.8997534448544897        2.4509055818346557       0.51998846574962831       0.40995911578588307     
   13500.000000000000        17.660233727609878        3.6164027519056745       0.36617106976297187       0.54106080911775734     
   13600.000000000000        14.129135361967830        1.5775581125439153        1.1541003343300504       0.57349380548258433     
   13700.000000000000        11.581031390424300        1.9260459388541165       0.51933542119273035       0.55290844432692055     
   13800.000000000000        16.397300365484696        1.3817094610094536       0.56918983935297529       0.70792831699243663     
   13900.000000000000        11.031416500319830        2.1390806702056970       0.46532506359556347       0.52038806080594813     
   14000.000000000000        19.518557166342983        3.2123036129348286       0.47012089500657872       0.59100267007059160     
   14100.000000000000        19.170215517311750        1.6270343056976202       0.58841142491879861       0.71513106344130395     
   14200.000000000000        23.416106426611481        2.7542249199737725       0.59031981890252716       0.66510906318799212     
   14300.000000000000        24.520358079219811       0.73508865562331849       0.45525988681710849       0.86601835236353231     
   14400.000000000000        5.4148042256463427        2.5077287784379649        1.0592280033547401       0.18296481499564965     
   14500.000000000000        6.4715407335330521        5.5442741057396070       0.80295709922773817       0.16879394539687853     
   14600.000000000000        14.931109219438525        1.6658767510372456       0.59226926557845161       0.64764733270131569     
   14700.000000000000        14.130203313144438        2.8955237988796725       0.99800133501911770       0.46524378900386543     
   14800.000000000000        23.162624861484957        1.5546521345771538       0.75304859775584898       0.74740259585795454     
   14900.000000000000        6.7058628910833100        1.7279024398315972       0.77380263442974995       0.35904831694848083     
   15000.000000000000        12.444740621359937        1.8978096282645662       0.55924881761631351       0.57257109258856553     
   15100.000000000000        21.273728990551696       0.88439735642948847       0.45636368731263666       0.83031441254926164     
   15200.000000000000        16.652279164263874        2.5915851901462332       0.80466668356202220       0.56232145224132246     
   15300.000000000000        25.440339637679799        2.0575595525441415       0.66183267467989459       0.73311483040298020     
   15400.000000000000        15.532872819416220        1.8343881179982802       0.62872979774640925       0.63490560221955317     
   15500.000000000000        16.524195720815662        1.9525637692506521       0.37723882579126489       0.66888059796661636     
   15600.000000000000        17.287409422078611        1.0833243360687561       0.58509527493593172       0.75389999874880920     
   15700.000000000000        24.248229423560161        1.1136842242216076       0.76343082548026331       0.79619932721454689     
   15800.000000000000        13.838403652673744        1.6926970643594288       0.41115917010122249       0.64812925051667536     
   15900.000000000000        19.669144175264389       0.72341820622073527       0.43527772211410820       0.84021090980197433     
   16000.000000000000        19.240679707357778        2.3402803490540514       0.63064201635792916       0.64343071564256671     
   16100.000000000000        19.665430813904468        1.1774636197385249       0.52913348431001772       0.77548120470916904     
   16200.000000000000        14.760120166177817        1.4332683234265424       0.79024457191145014       0.64687799511396560     
   16300.000000000000        12.073278793487487        2.6168708566308112       0.49082257870007862       0.49486923150080531     
   16400.000000000000        15.059439358575855        1.2231365976513544       0.53816454736161123       0.71178290589191384     
   16500.000000000000        10.274983876729308        1.3755996517607709       0.63377365650175621       0.57222022508999260     
   16600.000000000000        15.776918805300188        2.4399468812516680       0.44571253578855785       0.59848903333082981     
   16700.000000000000        14.569024481941522        3.7878724944361437       0.75624992136014413       0.43280316822652531     
   16800.000000000000        14.403222995901714        1.2389417763658379       0.64437289898273686       0.68417714713826672     
   16900.000000000000        19.591583386597080        1.0783739729932407       0.59448052119510919       0.77830590007015066     
   17000.000000000000        16.557110701496569        1.8518690313276522       0.54888390344315496       0.65971681240397551     
   17100.000000000000        12.125329373737429       0.99691053458404433       0.53038537648394346       0.69342852285073364     
   17200.000000000000        26.678264235874853        1.6438813535135068       0.56586645475289998       0.78472900123551526     
   17300.000000000000        14.778008052069094        1.1876140468268765       0.82653366744137724       0.67288024376810329     
   17400.000000000000        16.462125513071268        2.0558192995575304        1.2451816116508487       0.56294851376382249     
   17500.000000000000        14.005588703352608        1.9682741894600113       0.76385895349685473       0.57413784283052660     
   17600.000000000000        16.493556404134580        1.2465200075151870       0.56816514245980709       0.72577924552014872     
   17700.000000000000        10.410286007307889        1.9869507024411206       0.96103876997765436       0.45194508289173640     
   17800.000000000000        7.6714803164851340        2.6034479667277122       0.60776824459461531       0.33590157069897808     
   17900.000000000000        12.945307312732535        1.6791290051620944        1.3864493360076673       0.50833079582396090     
   18000.000000000000        5.5906548241855933        4.4315351356902468       0.65901938898233192       0.17484915172307181     
   18100.000000000000        12.248743203600114        2.0890830076376918       0.54021759187406104       0.54822784539429537     
   18200.000000000000        10.808779382332947        1.5056061599470958       0.72883968339216709       0.55475908563947796     
   18300.000000000000        12.731446532358069        2.7516302857944108        1.0296946091833270       0.43915973484034709     
   18400.000000000000        9.4779567581959991        1.1839013437094632       0.49453972568488469       0.60245089066190283     
   18500.000000000000        21.116920414907963       0.78256571240904549       0.71903302256244572       0.81075843407665094     
   18600.000000000000        11.107953769936888        2.7228090055098502       0.37491059029029650       0.47329138143952099     
   18700.000000000000        23.216065500051375        1.4887910317849169       0.36795110909109674       0.79167573729744478     
   18800.000000000000        16.701655639891005        1.0178057551741162       0.59394907140463182       0.75380091328804566     
   18900.000000000000        19.033947037573011        1.1062783463635810       0.62697687172885885       0.76568894323372727     
   19000.000000000000        12.300873744027719        2.0464319368697357       0.46309813831221991       0.56484076615543999     
   19100.000000000000        17.179528222192076        3.3050004023497443       0.72506213036595391       0.52229794761614567     
   19200.000000000000        18.049808810762556        2.2344083317611307       0.66454517926665257       0.63214987063314132     
   19300.000000000000        15.244945540142178        1.4416780052402522       0.51754758386277100       0.68970137927239517     
   19400.000000000000        14.329170925808326        2.1102966284070312       0.67456333502680632       0.57668487519970668     
   19500.000000000000        11.417532846503388        5.1459915873815483       0.68119166409633092       0.29345543274361963     
   19600.000000000000        19.604224036301250       0.97642156418420356       0.39468111942841766       0.81408870614654483     
   19700.000000000000        5.9228145467192883        3.4704375347130672       0.39205683229830735       0.24062020354792313     
   19800.000000000000        9.2217328249363089        2.0382036710655047       0.52241334929608474       0.46670275819826401     
   19900.000000000000        14.599558422355244        1.4943524966164574       0.60008626103577623       0.66118619452034144     
   20000.000000000000        13.282669264967062        2.7026701919510163       0.61735464661310324       0.50189672823478682     
   20100.000000000000        23.865933505394196        1.2654235657016564       0.53121509388811639       0.80161184571565280     
   20200.000000000000        10.062372759515263        1.8958496375315210       0.57632933975704637       0.50414749178271490     
   20300.000000000000        23.638821448240023        2.3743096375587811       0.55936668922842792       0.69971535042877675     
   20400.000000000000        20.099358172848962        1.5862367796228689       0.47530350306693681       0.74227785718424444     
   20500.000000000000        19.885717598187231        1.2510404858656159       0.59008082591002164       0.76263237366987946     
   20600.000000000000        18.710704009503203        1.6049890175056305       0.70815880132788678       0.69852731530050716     
   20700.000000000000        17.692856845058511        2.3661632911262522       0.65296833535619214       0.61563757133481467     
   20800.000000000000        5.3552940375222633        1.4977421228724133       0.99923393539223770       0.27656099966246639     
   20900.000000000000        14.948849381079082        2.3562936728197208       0.49097028527890529       0.58585447625063813     
   21000.000000000000        20.114997403911104        2.0064450990347176        1.3176777328723439       0.62044300822503085     
   21100.000000000000        12.748068829831091        3.5553056667093603       0.48557856830092838       0.43335527160400489     
   21200.000000000000        9.3523389203136205        1.4986209708318903       0.57959424640161838       0.53378670334589007     
   21300.000000000000        16.177934311773370        1.6562424171535177       0.81221579482193995       0.64382043815483436     
   21400.000000000000        22.630614699834808        1.8873441668084361       0.86814924212631794       0.70208754433989107     
   21500.000000000000        16.441169151734893        1.4361311260000598       0.66047089117052860       0.69079687112685439     
   21600.000000000000        13.161997305810424        1.8178351934188459       0.64207021132641451       0.58764238164150639     
   21700.000000000000        20.919566801390829        1.2448867789955678       0.48211600891927375       0.78515879248756160     
   21800.000000000000        10.276490863004987        1.0849658879684689       0.71203593271327925       0.60404384233869690     
   21900.000000000000        16.819588466046540        1.5615256112135363       0.69652614841100569       0.67797942765477048     
   22000.000000000000        9.4466549655667293        2.6398756303864666        1.1948314658695200       0.33026238618829573     
   22100.000000000000        19.341629981306713        1.3062496540170621       0.40910002707494098       0.77190581953918969     
   22200.000000000000        4.4192419808118686        1.8442648238164709        1.1318074088101273       0.16406206243835919     
   22300.000000000000        7.5976267191781268        1.8008697671000888       0.50554610294953140       0.43622086868117294     
   22400.000000000000        13.597745937283090        1.6464904309322819        1.1214675180949598       0.55773941196230659     
   22500.000000000000        18.931495806333491        1.1443195541213456       0.94176394752596515       0.72447264314510940     
   22600.000000000000        19.239375589979055       0.87601915343839210       0.68969300213407259       0.78703438011215809     
   22700.000000000000        10.819641120068543       0.92144771119214397       0.70087353073618708       0.64731653953726420     
   22800.000000000000        9.6414458067242439        2.7785103042134072        1.0726453458553626       0.33901126316567898     
   22900.000000000000        23.671123690496486        1.5886194861977323       0.68059772890243320       0.75570206220713221     
   23000.000000000000        18.603847731885399        1.9556330895587948       0.43962416534607307       0.69098900206731351     
   23100.000000000000        11.225208398221703        3.2797123908426631       0.51479238488503576       0.41111581608624193     
   23200.000000000000        12.501606883308696        1.6613576394911505       0.89547076496002020       0.55742616357063979     
   23300.000000000000        20.785599110005780        1.8812160735585977       0.47707652749898877       0.72043144060201891     
   23400.000000000000        20.575854826237240       0.98528563892463339       0.73508312526100816       0.78201112700682163     
   23500.000000000000        19.640300746782835        2.0238307854431312       0.31233777952515052       0.71106507241290817     
   23600.000000000000        13.774337780753172        3.3558228401438459       0.54485414598484816       0.46648607685845056     
   23700.000000000000        5.7543109198580025        1.3103177663819174       0.95154410003089174       0.33415043300154113     
   23800.000000000000        4.7766627368878574        2.3334220967104446        1.7105100690215611       0.10127345850645431     
   23900.000000000000        16.425646248630450        2.4302139838865067       0.37638427906622063       0.61867376521282891     
   24000.000000000000        25.250385828581070        1.4134428678638891       0.42103223927087186       0.80813671546343624     
   24100.000000000000        6.9575662379533298        5.6987490207487124       0.63272374950111754       0.19041170605082047     
   24200.000000000000        14.791780427882006        2.2050013095024052       0.82679633990139756       0.55928498845384733     
   24300.000000000000        22.966520627984416       0.85228495588165742       0.51234351528156097       0.83896703345336421     
   24400.000000000000        18.709354250550152        1.9119037165705954       0.48052084553706198       0.69224594704739184     
   24500.000000000000        23.248982350710875       0.94930712021157504       0.42134659395191765       0.84029921609923974     
   24600.000000000000        6.8704550257942483        1.3549169311540439       0.54456813997616216       0.46218281820450424     
   24700.000000000000        9.5886710410921054        1.1566328375387105       0.90717302094333929       0.53958488435083218     
   24800.000000000000        13.473152767033259        1.5495408302586853       0.68815197011018547       0.62060918057180769     
   24900.000000000000        13.858762190940361       0.99220397946487893       0.45083199767454207       0.73803402973554688     
   25000.000000000000        16.326420734820370        4.2046530935263000       0.37837833079237271       0.47565501934584264     
   25100.000000000000        9.1021903171525018        4.5829339201379344       0.42890562964062440       0.28338902416127276     
   25200.000000000000        11.550901531693604        2.8617209129479093       0.58867683020784511       0.44623149218947133     
   25300.000000000000        16.938146247566479        1.5035583850724805       0.50255215045144741       0.70963882692790436     
   25400.000000000000        21.664289369378146        3.1004370623240582       0.40803238281567200       0.63416046534805670     
   25500.000000000000        21.961750177476929        1.3983527395828013       0.72047090575250827       0.75404719760370464     
   25600.000000000000        17.063112759039527        1.6879987052285692       0.56246057987599229       0.68352984281491791     
   25700.000000000000        13.413006708824543        2.1681455235873663       0.91873833983446840       0.52179693661765536     
   25800.000000000000        13.879603825058986        2.2600751444810037       0.67394367072965533       0.55168204819164801     
   25900.000000000000        19.464258314343866       0.91115173776843505       0.62748855647449808       0.79243669509889336     
   26000.000000000000        19.443175350432082        1.3578692550403737       0.72417621335749782       0.73152319599403159     
   26100.000000000000        9.4585513697569112        1.9624418001503319        1.2498127859354624       0.38643229746897145     
   26200.000000000000        14.794516689846610        2.2545710484048129        1.2894327109868247       0.50634503836310252     
   26300.000000000000        13.532852322942452        1.9113889824023129       0.60985534123501850       0.58928241603509668     
   26400.000000000000        8.1259697147594636        2.4605524685943791       0.82242371281593307       0.33850439115715414     
   26500.000000000000        5.6654478595132085        1.8583517762878738        1.1181497764874895       0.23914184560770702     
   26600.000000000000        13.795787144102423        1.4577691699035853       0.76891392147702575       0.62792380239508372     
   26700.000000000000        10.927192341906142        2.7018418675905771       0.44783407577844869       0.46062659060149358     
   26800.000000000000        13.813180723349223        1.0201420561403296       0.42128970197739957       0.73777069829600306     
   26900.000000000000        10.363658489796126        1.9621857499556583       0.62822773880347516       0.49801803006881706     
   27000.000000000000        12.068127175595805        2.8118432756601770       0.59096109202693725       0.46445938604585835     
   27100.000000000000        22.566280690823774        1.7339509630373300       0.44000090896409993       0.75581122982009852     
   27200.000000000000        28.932917445010620        2.9559622947640527       0.34852571748940875       0.72103340239871749     
   27300.000000000000        14.350371268077176       0.87700006198025804       0.62095931682547434       0.73674135761599535     
   27400.000000000000        10.407867872525715        1.2746429733425639       0.96000412264139046       0.54049140169096899     
   27500.000000000000        12.197310772949329        2.7471357740367495       0.96960929683597730       0.43143237640607035     
   27600.000000000000        16.509049735521579        1.0053029348999516       0.60222811749120986       0.75188881676347330     
   27700.000000000000        14.649165631753910       0.86235625972788732       0.46538333534077125       0.76669098049273421     
   27800.000000000000        13.008832162497171        1.2718491360492639       0.80570664148565463       0.63025365766423702     
   27900.000000000000        17.239137873462266        1.7859864607781937       0.58860252720923345       0.67257116708100773     
   28000.000000000000        20.881088380885210        1.6106369601861807       0.47490576287700392       0.74796504091205329     
   28100.000000000000        24.433100991853607        1.6602256283488366        1.1909392746856700       0.71129623024900623     
   28200.000000000000        23.788075866662886        1.6058508703699310        1.1616175930359534       0.71200328137720925     
   28300.000000000000        9.2731643785786098        1.7280602292025566       0.62184083049068350       0.49223537892301128     
   28400.000000000000        11.830448751649289        2.9616396186060676       0.95752107069440395       0.40494388824932614     
   28500.000000000000        15.649098989748477        1.6486352007640299        1.0226836564518917       0.61127938669014281     
   28600.000000000000        8.2217347980293916        2.2269596407489765       0.69383474404386458       0.38241048986308779     
   28700.000000000000        20.134487608300322        1.0806672219093905       0.71696186868921874       0.76943176180530226     
   28800.000000000000        8.0435180607889993       0.98351285825863854       0.66840396585065109       0.55496626139062721     
   28900.000000000000        19.558944918965871        1.0028954713515681       0.55172981853358927       0.79164637247646275     
   29000.000000000000        11.594879613458758        1.0386613769525468       0.69759688905471817       0.64793446926676401     
   29100.000000000000        21.259257104826943        1.7280015592504370       0.45719325208894723       0.74212876210872558     
   29200.000000000000        18.243352309834087        4.0650451311424156       0.82890695778281653       0.48078309024267707     
   29300.000000000000        20.168436348165592       0.92614210712161693       0.29858586553259681       0.83627383058781735     
   29400.000000000000        14.595983011213814        2.0047278175560734       0.42236388607370134       0.62448879550088920     
   29500.000000000000        11.247807918569066        1.4602315600808762       0.96542414211896199       0.53959405335247101     
   29600.000000000000        19.116494215991800        1.5743131415192515       0.65316782625840997       0.71281886505675685     
   29700.000000000000        12.486124844543429        1.4127130825531715       0.36024374069184173       0.66585494439408532     
   29800.000000000000        10.275063785134464        3.5491947933544239       0.63773273377938455       0.35044857909471960     
   29900.000000000000        18.673484920298890        1.4458907529772098       0.73330578430376381       0.71193529515850984     
   30000.000000000000        17.620121286720423        1.2230620923619284       0.54464209826529952       0.74609474973016288     
   30100.000000000000        15.796395299890166        1.5597983758253271       0.57652670568271347       0.67679673015287167     
   30200.000000000000        15.123464659556991        1.1774017958177421       0.59271919982891141       0.71125912448170370     
   30300.000000000000        10.531253039342252        4.1104427120125457       0.94296494506622786       0.29478346721281468     
   30400.000000000000        15.968563717541254        2.7837222887568025       0.76902666873586245       0.53653196105160439     
   30500.000000000000        22.552245171128192        1.0407254028655082       0.53767840324358573       0.81372047068021280     
   30600.000000000000        10.202798766182674        4.6902908782525703       0.61575693973645151       0.28874614351511396     
   30700.000000000000        26.604912874608520        2.4506340241449927       0.99339712939963576       0.68747856375807137     
   30800.000000000000        14.286019507234581        1.9419113866830600       0.93021604600784880       0.56347784937432843     
   30900.000000000000        15.124043129631691        2.4430607830646061       0.48401893817686670       0.58153071337102480     
   31000.000000000000        19.933287734824269       0.97498899093630698       0.35669786725682773       0.82158740806165542     
   31100.000000000000        21.649032234417653        1.4717241255328730       0.59263812145437189       0.75691830341961452     
   31200.000000000000        12.769428737427610        1.5859308920427040       0.49944394734618225       0.62720269916238813     
   31300.000000000000        16.440134301066042       0.69805595930246866       0.50364273109909785       0.80618144731773345     
   31400.000000000000        10.200368122665200        2.9207432972455720       0.57839903754137145       0.40245244732351837     
   31500.000000000000        20.723337507265835        1.6836440753813626       0.55905448243139055       0.73029602611609246     
   31600.000000000000        21.325638032281525        2.5550002258778974       0.81818126222969401       0.63595808638687423     
   31700.000000000000        21.145249828890833        1.6108228700414067       0.51560436267801091       0.74632474967986795     
   31800.000000000000        28.966080654178405        1.3135004456827417       0.41280908747301304       0.83902731887732240     
   31900.000000000000        14.901030045107737        1.2433492423915347       0.60428681654493577       0.69752701957995111     
   32000.000000000000        27.052480146841788       0.63649378309023419       0.47049004807060157       0.88556939646458865     
   32100.000000000000        18.743736015032827        2.4644017413701178       0.39890106227970268       0.64881402584813630     
   32200.000000000000        22.555601375334255        1.4788165591781635       0.74124010425074260       0.74991152971499031     
   32300.000000000000        13.404471641202747        1.8475621556393360       0.55382175084499163       0.60117089967148685     
   32400.000000000000        15.102999188729527        1.7722137430012932       0.43146124579612355       0.65898805355263335     
   32500.000000000000        11.067665495460458        1.6168949209586092       0.64366480405440818       0.55990276402977290     
   32600.000000000000        8.4839536448668511        3.8021893555756421       0.92060548685145971       0.25062371645279613     
   32700.000000000000        12.105923706193916        4.4475145514596228       0.76916969877623131       0.33442464445872366     
   32800.000000000000        13.231633737157722        2.0782817941368812        1.0461434057720744       0.51201417450550957     
   32900.000000000000        22.418676466051579        1.2793622597968266       0.73928860078759051       0.76790380315840023     
   33000.000000000000        12.775972261582918        1.8772656495377475       0.30374312920310320       0.61868645199854644     
   33100.000000000000        13.179564362499566        1.1144149745347942       0.83087721711437990       0.65163626049569046     
   33200.000000000000        4.2419516586000929        2.1394585201413481       0.69703764619004671       0.19027731841172735     
   33300.000000000000        13.801785602436617        1.9705727071216881        1.1172556174729831       0.52864762830845680     
   33400.000000000000        6.8248178330558584        2.6360289887677686       0.85343012615073466       0.26498777115086281     
   33500.000000000000        19.012662232246161        1.0727087191143951       0.81632778370015036       0.74735939035656040     
   33600.000000000000        24.926407496885506       0.80501295713699150       0.45432885955093738       0.86106062208935974     
   33700.000000000000        19.133938766497927        1.8548099631640440       0.35988190541222931       0.71667383792180162     
   33800.000000000000        23.184703025608730       0.85069171050597348       0.50269643209860160       0.84153166236017773     
   33900.000000000000        17.894326127318156        1.6235901675827016       0.45776968793228168       0.71439779034253803     
   34000.000000000000        17.708936669388841        3.2551070301557807       0.64108399333805988       0.54314262277384473     
   34100.000000000000        13.542638378718536        2.9751734566698609       0.67997124238216244       0.47738690226110903     
   34200.000000000000        5.6120085691045203        4.9144842134323445        1.5586453233777018        9.6466415117613113E-002
   34300.000000000000        8.8091833492993175        2.4533613660037155        1.1349680775244275       0.32865750164790664     
   34400.000000000000        15.399560348214434        4.9741014341413923       0.49205589900783497       0.40311232317564660     
   34500.000000000000        20.302745540119375       0.75643174329965390       0.64690268448781563       0.81546870955794937     
   34600.000000000000        10.518682196154900        3.3282616557079638       0.48527990458276893       0.39056470927240183     
   34700.000000000000        13.357141375381691        1.6964884706614125       0.80229281482112391       0.58548646141400873     
   34800.000000000000        17.869956666203969       0.93577423017949712       0.62737717732739640       0.77343421007944535     
   34900.000000000000        9.9678233683726454        1.7212278672962409       0.56243272827879087       0.52568859397558643     
   35000.000000000000        7.0595032558799105        1.6443170278067214       0.46848513031126293       0.44067096553175800     
   35100.000000000000        17.827060279976248        2.0500266873181232       0.74560500139355668       0.63766547757126280     
   35200.000000000000        20.378409616455524        1.5767407155305087       0.57004693705052123       0.73601716270876283     
   35300.000000000000        8.7754758579808652        1.7833103657499247       0.78628551392127566       0.44173344150416405     
   35400.000000000000        12.713477010894241        2.2833339550174880        1.1201226313593420       0.47072490242646925     
   35500.000000000000        6.7752747920467868        1.0898800681916381       0.86061752744029940       0.44234461471548681     
   35600.000000000000        5.4523407528610548        1.2602092015497908        1.0155479501709850       0.31243110484812564     
   35700.000000000000        7.1867366035884022        1.5801217280226609        1.0056003575956125       0.36633484439208475     
   35800.000000000000        18.642223945767896        2.4123247932261940       0.49058685207598973       0.64260426429363882     
   35900.000000000000        10.214437788479234        1.6940300478934738       0.67661449412309338       0.51963028693897140     
   36000.000000000000        17.036660231320834        1.1503942958470539       0.60684520101335337       0.73979605057010644     
   36100.000000000000        9.4486227952939501        2.3992498347166595       0.37673514201435365       0.45530790873291471     
   36200.000000000000        5.4352120490876015        1.7582282951063766       0.93465853615513628       0.26075033359081334     
   36300.000000000000        6.2009610396885089        3.0770068667795236       0.82820419267199652       0.21384854059472547     
   36400.000000000000        26.279977443722423        1.7038765582576652       0.60255089444841481       0.77371200292491715     
   36500.000000000000        14.436063219495843        2.1717227313480247       0.45009813407227206       0.59968994700921519     
   36600.000000000000        11.228130999762101        3.5002424879374843       0.68761329947885397       0.37603969118157121     
   36700.000000000000        15.348260987849988       0.91212066143236470       0.65739031561458194       0.74121662679300293     
   36800.000000000000        8.6193399891914559        1.6756222742019862       0.52010940418937990       0.49222929354771838     
   36900.000000000000        21.837011955959692       0.92047487785997006       0.44601598806668274       0.83144234214238266     
   37000.000000000000        12.737934559064445        1.1692657992867197       0.77714551461807169       0.64241597211155432     
   37100.000000000000        15.051942809872092        1.6460440246213448       0.87984344917737012       0.61679306254128252     
   37200.000000000000        29.363546703860077        1.0533979753987026       0.50733766557218551       0.85455625589082085     
   37300.000000000000        20.917403642453337        2.0333403703218735       0.50539720798069521       0.70483984793335031     
   37400.000000000000        8.4266655790869578        4.0165980888178350       0.54896761978808506       0.27705079611572159     
   37500.000000000000        14.920150098806907        1.2028760052588403       0.74617033457964865       0.68396911185736897     
   37600.000000000000        3.9335580023384740        1.9942707617728077       0.85459973114436205       0.15803529056786125     
   37700.000000000000        9.7567049697505617        1.7371180407839475        1.6369019428098359       0.37773485628883119     
   37800.000000000000        14.804385445895335        1.0004556739541322       0.60309814518403915       0.72873903274050900     
   37900.000000000000        16.764315952499732        1.2131302498007912       0.87872676989216192       0.69511437870079185     
   38000.000000000000        16.344926673477509        2.4401944789962933       0.54379020867633798       0.59770569341011692     
   38100.000000000000        16.400898773495737        1.9230084091282080       0.63027514034794940       0.64019334583083243     
   38200.000000000000        20.707962189523531        1.6605607497830661       0.58665197144080938       0.72951742707824141     
   38300.000000000000        26.599152665714954        1.1343053200798998       0.61834511121833735       0.82339281343109794     
   38400.000000000000        17.301858743661302        1.5773660092300865       0.63610794327767994       0.69042321074319157     
   38500.000000000000        16.366570960038260        1.9950058749500030       0.50325988304639058       0.64686011671223231     
   38600.000000000000        16.969519431718336        1.5959387967037451       0.50266732623425359       0.69954436093864625     
   38700.000000000000        8.3342660428412501        3.0980828946529435       0.93786667838976356       0.28358908746341471     
   38800.000000000000        21.753885407919970        1.5557929788018683       0.57445720912311948       0.75159192795168095     
   38900.000000000000        12.575205243498406        1.1406874212448077        1.0822893259560438       0.60012625494051031     
   39000.000000000000        24.161184199488133        1.3548301292785148       0.34431249577818690       0.81374484133109193     
   39100.000000000000        11.387238968327752        1.8375580188393243       0.43826200544437199       0.57058995792163980     
   39200.000000000000        13.780558023590425        1.7838190752525662       0.62759542246458455       0.60694762208973141     
   39300.000000000000        20.352678097779748        1.3146108358145376       0.50869453199925374       0.76954131006863125     
   39400.000000000000        19.077163518952510        1.2667580613146860       0.85853437379933428       0.72217117462877156     
   39500.000000000000        23.838327631917377        2.8382942565554892       0.53943726476602372       0.66768321064846170     
   39600.000000000000        10.806702854960140        1.0675769540218347       0.77054759029494591       0.61186184540742539     
   39700.000000000000        10.270224667925323        1.3945115876079797       0.88660995913728646       0.53031739493675567     
   39800.000000000000        10.846647953200918        1.8746803500191422       0.51890521371831477       0.53905453471329257     
   39900.000000000000        19.333121367927763        1.8851354792129200       0.81369429887138178       0.66804717350266285     
   40000.000000000000        13.593782466246092        1.0883166527202697       0.57408770875179638       0.70066987198848918     
   40100.000000000000        14.000861236247575        2.9370524938996212       0.67960011386635522       0.49127376607736528     
   40200.000000000000        12.098030883007898        1.5234099293216783       0.94784502511542357       0.55704318179014090     
   40300.000000000000        16.746245544905289        1.3665160606984585       0.44158460406907452       0.73088369920904928     
   40400.000000000000        15.071765943499532        1.5320893977737509       0.56802305635838302       0.66911903939336459     
   40500.000000000000        11.551905298824526        1.5480420927949670       0.35613911362873552       0.62640904819316034     
   40600.000000000000        15.701184474452681        1.2480170525769445       0.64449726469348789       0.70421366738411495     
   40700.000000000000        13.878556645126970        1.4015061623103495       0.81028714652526013       0.63114484773555923     
   40800.000000000000        9.8023330176290209        1.3915760811607463       0.96210965323672282       0.50441917022194405     
   40900.000000000000        13.302735973352330        1.0403551625443015       0.85047077380176095       0.66161676231389088     
   41000.000000000000        21.539939568491835        1.7154070529268814        1.0449769041502144       0.68882063996659426     
   41100.000000000000        13.699325866361871       0.84863030596203970       0.72431481233806938       0.71493635224767971     
   41200.000000000000        25.842090650960131        1.3017369731501702       0.72737249703156692       0.79383489574804533     
   41300.000000000000        31.974815759835355       0.72942107217300389       0.40444733978860015       0.89997058782599659     
   41400.000000000000        18.130775145506760        1.0791125695645611       0.71969762489221001       0.74779882579238399     
   41500.000000000000        16.559942876288410        1.2045480499702101       0.78661689362688758       0.70429993087809306     
   41600.000000000000        18.347897225304390        1.2229067020457833       0.47180512217629200       0.76347359988748287     
   41700.000000000000        15.637213644514073        3.6377673315258043       0.69090018597722036       0.47168674739151017     
   41800.000000000000        10.940549977825249        4.4700122975544172       0.57699594027338996       0.32164590874399468     
   41900.000000000000        15.682917637924962        3.5918048183534310       0.67534017138724778       0.47729068449721446     
   42000.000000000000        14.176769468695527        1.8789815874356393       0.81393298371446487       0.58143238879948622     
   42100.000000000000        19.924521916294289        1.4325040503759574       0.35688293198163645       0.76989784372295611     
   42200.000000000000        22.565404604673493        2.2831535549804904       0.81683837040959695       0.67291862134633629     
   42300.000000000000        11.910228840581254        2.0346464855764665       0.67891240775775419       0.52724377202076966     
   42400.000000000000        20.163345459766585        2.1622288978592117       0.57761198253340407       0.67690793659619708     
   42500.000000000000        15.747454877084735       0.94137598033579195       0.51687911265529962       0.76235645898358340     
   42600.000000000000        14.678659144121191        1.0319051025968555       0.73616279723116929       0.70373722691709517     
   42700.000000000000        20.956688802910350        1.3230080876053449       0.67870285254256491       0.75612903563627154     
   42800.000000000000        25.265963178723190        1.4611934075855260       0.40937024391585197       0.80502305555816656     
   42900.000000000000        12.160434493494089        2.0845514118256112       0.64872598960580419       0.53219191757441453     
   43000.000000000000        12.249461368529509        1.6189170622567755       0.48337494072306697       0.61352442533251372     
   43100.000000000000        16.052135813303906        2.6761335099491959       0.88032222243221891       0.53618942539121384     
   43200.000000000000        12.862604165436927        1.5217005272796609       0.91973684980181147       0.57983488961783869     
   43300.000000000000        21.159054429578465        1.0879727355694122       0.44170260695896690       0.80857564838377005     
   43400.000000000000        17.001816635150895        2.0819794376967877       0.92080264792093036       0.60290881268743068     
   43500.000000000000        20.416077456502933        2.5418242485517801       0.42010461283461886       0.66220334649055768     
   43600.000000000000        10.989033111653320        2.2614946516019376       0.75942771982599089       0.46635426244678113     
   43700.000000000000        14.874765548536466        2.1520493039356374       0.54750427419196512       0.59851785257693246     
   43800.000000000000        29.994059473468525       0.96315805141377808       0.56791273563545452       0.85972498763513827     
   43900.000000000000        11.962421261210924       0.92338828368175285       0.74737620713226827       0.66626348575004690     
   44000.000000000000        11.385855693501764        2.0615726486984389       0.55175943652756576       0.52710052574416633     
   44100.000000000000        27.907219336026845        1.1662774672864842       0.38009339478645288       0.84923053779107860     
   44200.000000000000        11.613567171225007        1.8450598466138377       0.75981323774293452       0.53027597415485417     
   44300.000000000000        13.567314608629289       0.99830992700606558       0.70128003091662450       0.69419342557918717     
   44400.000000000000        8.0134249616761153        1.1752141758751833       0.85181805563201651       0.48682454717275137     
   44500.000000000000        8.9537543327883657        1.4104827327473242        1.1332992066745735       0.44683527635754372     
   44600.000000000000        26.116356392467068        1.1249662880381024       0.53620746022313703       0.82897541319269519     
   44700.000000000000        23.344735131794142       0.95533150886535978       0.68616644411343586       0.81270969750832878     
   44800.000000000000        17.661354402482999        1.2538386576067353       0.71511843090111249       0.72229526911490405     
   44900.000000000000        9.7570439419222499        1.2012509170095473       0.99481409802491250       0.52500079739649097     
   45000.000000000000        18.954392992905138        1.2963235477075870       0.52685302201805051       0.75511067847852997     
   45100.000000000000        6.4025407374132435        1.0894395694702670       0.80213861725968449       0.43374037098672180     
   45200.000000000000        17.315316319160466        1.2204638160509518       0.95547280199875839       0.69327004487900368     
   45300.000000000000        15.413487421885645        2.1856394132483032       0.45058064177151547       0.61676628830686264     
   45400.000000000000        11.257079821825414        1.5098667424548786       0.62102579767777666       0.58281188907466519     
   45500.000000000000        9.3124237569655257        2.3407814375566467       0.64163541677990610       0.41899597034329850     
   45600.000000000000        13.457450055697603        2.3275733911848953        1.2165694132134739       0.47559883503959155     
   45700.000000000000        12.884756880493509        2.1256211909423541       0.64109105611315176       0.54674417077842874     
   45800.000000000000        11.556313056948568        1.1838196695879297       0.63399038694795351       0.63507480165098984     
   45900.000000000000        5.9750483528644240        1.8921944288971027       0.89888426176079417       0.28254156122645102     
   46000.000000000000        11.508284882196254        2.3937861767613562       0.72363423955137218       0.47256088319449396     
   46100.000000000000        16.379096201838664        2.1437132171591351       0.66641490417937277       0.61336853944453562     
   46200.000000000000        15.915647114091628        1.8112391144648541       0.43044411694610929       0.66825539493394537     
   46300.000000000000        14.245328585668481        1.5061530362299038       0.63475083974553481       0.64857092754749013     
   46400.000000000000        16.531825960046376        2.0183052035344318       0.41479090720517675       0.65751193851381684     
   46500.000000000000        13.451921827919374        1.7243054569943155       0.83175992741085469       0.58067422968135296     
   46600.000000000000        14.541207599998472       0.76460735295472304       0.63377557542359586       0.75417733883796223     
   46700.000000000000        22.384682475960297        1.6797443079111680       0.47630937257088934       0.75560229223375364     
   46800.000000000000        16.324412218212242        1.3224589616735720       0.56812963613175338       0.71414660537745456     
   46900.000000000000        17.920665147502387        1.5975336513363878        1.1339333807335015       0.64295466199054174     
   47000.000000000000        20.340158781260982        1.3019232011650566       0.70665735690398623       0.74908292936661613     
   47100.000000000000        10.234844258065454        1.4783419736175158       0.43084000229531272       0.58955515800496827     
   47200.000000000000        20.648697417138898        2.3765519396975030       0.47242817234899537       0.67426529779385147     
   47300.000000000000        15.994404956206177        1.5793946244047383       0.77442428602349800       0.65361465026361576     
   47400.000000000000        7.7205653683449835        3.5305220728540405       0.42430790290104348       0.29505368816695476     
   47500.000000000000        27.101716486291231       0.60019962764825863       0.46716165643896623       0.88957343777869080     
   47600.000000000000        14.977874947411021        1.1767518712265677        1.0415880880617019       0.65048461291922288     
   47700.000000000000        19.767136066781568        2.1052498797646280       0.44015186550010554       0.69122024787729575     
   47800.000000000000        21.058456970509678        1.0062099080797289       0.72608964063848536       0.78508573623310229     
   47900.000000000000        12.399793849864796        4.7827877510062837       0.65912105530668619       0.33435310042825273     
   48000.000000000000        21.831319953431255        1.9617368845727476       0.38559290719076778       0.73314518808987872     
   48100.000000000000        9.0008674668467670        1.3790521167401835       0.65757834880021537       0.52625337528312244     
   48200.000000000000        15.811653915481205        3.3781945588554869       0.59360398521349644       0.50325626781008825     
   48300.000000000000        21.083096501518916        1.6477522830156559       0.48814153490814860       0.74494288856023183     
   48400.000000000000        8.7162138230082284        1.5934867460403623       0.99498171505510857       0.43314740609692537     
   48500.000000000000        15.400694260678842        2.4730111564451462       0.94513760247682388       0.53427041138854137     
   48600.000000000000        21.258078005234506        1.3217078888199829       0.39590075739723840       0.78951937376788761     
   48700.000000000000        21.791069564219150        1.4041638530541718       0.78525702839767320       0.74535464459320933     
   48800.000000000000        11.029819029874975        1.9356593094354935       0.54382013695567277       0.53313947631152125     
   48900.000000000000        17.472473878365868        3.4518132730944124       0.68347558323569935       0.52058027376179505     
   49000.000000000000        9.1472322011894569        1.6373341577318357       0.93673100899630724       0.45237214524344238     
   49100.000000000000        8.0230994577928954        2.1988363735586010       0.33185085989244545       0.43347498640919513     
   49200.000000000000        16.743185527658149        1.5329192326387542       0.43537319996262713       0.71190219730308968     
   49300.000000000000        21.864190912507485        1.4473988878497899       0.77788261830476735       0.74265213112402673     
   49400.000000000000        21.470926696746076        1.7351346106594150       0.45206323520293434       0.74408627695524010     
   49500.000000000000        10.832446080957816        1.3170877902696816       0.84366461824801542       0.56432386106883059     
   49600.000000000000        27.371029232003611       0.65168160971735745       0.47711462032100194       0.88473638533104970     
   49700.000000000000        11.026586383962679        1.7575932468664632       0.86147170892844072       0.51031940123302133     
   49800.000000000000        18.699718495698999        3.8540737050394753       0.67497688164850889       0.51465542522567942     
   49900.000000000000        12.248554309552237        1.4142382734738526       0.84274216158186688       0.58885254659381325     
   50000.000000000000        14.000906024891904        1.3805003158960023       0.52916717835517524       0.67448564104092523     
   50100.000000000000        12.891636401464442        1.0170976932173126       0.79095154745006369       0.66521977301425783     
   50200.000000000000        19.778414491093002       0.88310946358782871       0.61192591981103917       0.80040315727899858     
   50300.000000000000        10.017880510933399        3.9646322812531896       0.71598966469024550       0.30947270973402541     
   50400.000000000000        8.1053194068374879        2.2961786942237570       0.73013976921719737       0.36554519704801025     
   50500.000000000000        14.646129542655574        1.2558190246828467       0.52498377626143000       0.70270442255450161     
   50600.000000000000        10.854189633324058        4.0124196974719055       0.43317760048677201       0.35931258696681312     
   50700.000000000000        7.8114484808566704        1.3336525186689165       0.70153819193880018       0.47914488351868134     
   50800.000000000000        18.359112172668627        1.0330748500856046       0.52481685366853004       0.77959690805320625     
   50900.000000000000        15.514289507280822        2.6115425626164459       0.54484856869110398       0.56632631002736167     
   51000.000000000000        25.937197123430494        2.0081450470146862       0.53350224962377091       0.75219158646349171     
   51100.000000000000        15.745345080141666        3.0003968609724367       0.63380179468570397       0.52772676800564788     
   51200.000000000000        14.868889379314897       0.99811781737925642       0.64104380845587006       0.72465059005679122     
   51300.000000000000        13.643940786307606        1.1510371931823631       0.54470108732416911       0.69703005335147727     
   51400.000000000000        18.156410696003952        2.0259581321300359       0.59229067683818393       0.66121767481993587     
   51500.000000000000        17.914585303060623        1.9351516343666368       0.76815544903800426       0.64773875963587724     
   51600.000000000000        15.615847627390430        1.4492859486865939       0.89661287229256637       0.64727415631246665     
   51700.000000000000        10.647227217870057        1.1155873910066063       0.67392102141389643       0.61586317892454523     
   51800.000000000000        15.235715240656248        1.5882412211007235       0.52613799766711278       0.67062906714452708     
   51900.000000000000        15.250847393969657        1.2061290555784723       0.55797547873452924       0.71423563396849310     
   52000.000000000000        15.615353846749638        3.7382506436669516       0.76436073275900540       0.45766225289916962     
   52100.000000000000        15.712425662901897        1.2421808067907278       0.53772024405461405       0.71925254347206091     
   52200.000000000000        21.319818911425159        1.2862871135919107       0.35201183819363191       0.79861871575892740     
   52300.000000000000        25.298690847661518        1.8369588536628036       0.61650223330758891       0.75381722261202022     
   52400.000000000000        15.380904937823258        3.1904767586730820       0.45098429603399293       0.52371626531704552     
   52500.000000000000        14.458749380370104        1.1673378906524405       0.43610497009461469       0.72449523795812620     
   52600.000000000000        15.467227762539441       0.72799577164084184       0.54436660271609139       0.78506187446053610     
   52700.000000000000        18.601618546290588        2.3323906617054107       0.79915546061135778       0.61817556159126452     
   52800.000000000000        8.4469094675247121        2.8439780542115383       0.50139887113502812       0.35960406116759125     
   52900.000000000000        14.551876888459315        1.8524414095046495       0.47413246746414117       0.63422427155133743     
   53000.000000000000        11.128250924899822        1.1293113338372560       0.75051622342015056       0.61408760202486934     
   53100.000000000000        13.594067978055635        1.9368485718136679        1.5410488905939737       0.48262267360370170     
   53200.000000000000        5.9491375008582299        3.0290991421974631        1.1646979798582628       0.16958483073428210     
   53300.000000000000        5.7026309940995237        1.8086928316253390       0.92731068762322177       0.27203322817680620     
   53400.000000000000        17.525453041860274        1.2583312170893777       0.52028495063274871       0.74378644613526523     
   53500.000000000000        23.331325179412723        1.0900912009701536       0.62326083918037778       0.80555551330583053     
   53600.000000000000        23.945512668965698        1.4263324172025484       0.77198119512642460       0.76412197993685682     
   53700.000000000000        22.448237921926367        1.0439599951017939       0.59471016643945340       0.80657985453374803     
   53800.000000000000        14.617597546880155        1.8706684355060528        1.1504607911620344       0.55342229808400800     
   53900.000000000000        15.332135323475175       0.77892312560087973       0.55019245966151420       0.77514112343674846     
   54000.000000000000        24.108928739353303        1.6644146195992207       0.62981541171208200       0.75746290541770001     
   54100.000000000000        23.670138882549438       0.86480379543854013       0.74832317360193734       0.81776854909641017     
   54200.000000000000        16.640810703597076       0.94889436235434843       0.62402508574678084       0.75794183926678593     
   54300.000000000000        12.433986924969098       0.98545443623394569       0.61398768746379950       0.68783185902314314     
   54400.000000000000        8.7260583939590575        1.2165381522144756        1.1867154542203795       0.45710490087389910     
   54500.000000000000        9.1303347760027957        2.0223732009942772       0.66805401714918133       0.44359524239558634     
   54600.000000000000        22.433450651934564        1.0640961411493528       0.36609132886199802       0.82892823572936258     
   54700.000000000000        10.406942711701209        2.7428018707913040       0.53962096510784185       0.42945088304456769     
   54800.000000000000        11.870232456312213        4.1841856933188737       0.68014227842591524       0.35096394042552981     
   54900.000000000000        18.263322776781330        1.8357509878104530       0.88432499762251648       0.65046100002101526     
   55000.000000000000        17.274151848987533        3.0791971701021303       0.54122713912685949       0.55880376690887235     
   55100.000000000000        13.869355513891417        1.3593716288216893       0.47054856835722880       0.68329102562416155     
   55200.000000000000        12.865442641853452        3.4052686241252026        1.0988861061514017       0.38658252128538695     
   55300.000000000000        8.3338200831531957        2.3876052628819604       0.50616925255208489       0.39731191210780736     
   55400.000000000000        8.4619988715256937        1.8626724677052735        1.1273297218235361       0.37320037068245393     
   55500.000000000000        16.631235094875024        2.4221506848779484       0.87559449250485155       0.56970147901217072     
   55600.000000000000        14.935189613946383        2.5238774083005264       0.82778728454401573       0.53218685773501373     
   55700.000000000000        16.928325070314678        1.5952407146187362       0.51889438422171441       0.69706301368040058     
   55800.000000000000        16.809362649286115        1.3095204416444197       0.63647639181939830       0.71391763689819732     
   55900.000000000000        14.716827574721355        1.7049191736231499       0.87990658413172884       0.60373168482384587     
   56000.000000000000        16.974490779479623        2.2017161427447363        1.4145495172954465       0.54361890709203808     
   56100.000000000000        14.695753973745759        1.7265775483947436       0.52582323800210418       0.64480634642458634     
   56200.000000000000        13.514156600437502        2.3854553298447971       0.82191189798694175       0.51390578717543844     
   56300.000000000000        20.262407902292221       0.96715546787744344       0.51767980402510982       0.80597846931301842     
   56400.000000000000        18.946376110127172        1.3615388782532669       0.65211346008964899       0.73341269986008406     
   56500.000000000000        19.915910474249870        1.0272297982987801       0.71261677055249883       0.77365814727100113     
   56600.000000000000        18.851865144248514        1.6591823077023165       0.54369929456801724       0.71285609832034758     
   56700.000000000000        15.944422801159467        2.0774874518129991       0.68161130718267060       0.61058784803269461     
   56800.000000000000        11.089807955058076        1.6249384549112307       0.98480157784854239       0.51179434395370804     
   56900.000000000000        17.847742425652292        1.8596239910116132       0.87978083745647950       0.64234590772031419     
   57000.000000000000        18.478352250973142        1.6546102134821368       0.39138323768919481       0.72614157627718112     
   57100.000000000000        13.694323785631632        1.1787298551565577       0.96194285505763677       0.63570145849691972     
   57200.000000000000        15.915410748789153        1.7062178160430257       0.41769787745064146       0.68180234076668711     
   57300.000000000000        17.310804573541642        1.7771773831300592       0.89474983364371852       0.64055452708736194     
   57400.000000000000        13.398102771559461        2.5055938331110390       0.59861471834659685       0.52530775911787253     
   57500.000000000000        11.047774045689307        1.2160539311735956       0.65422387488144196       0.61424105440409127     
   57600.000000000000        16.136706691306557        1.5047064717584782       0.96647273685131019       0.64190142469888856     
   57700.000000000000        20.218497917916469        1.7820296970066423       0.50359020866842474       0.72093644197833340     
   57800.000000000000        9.7563084568639074        1.9383897992115706       0.46288827737561800       0.50628422984005361     
   57900.000000000000        18.967299384999745        1.3691147114810107       0.54452315312378019       0.74513137654209394     
   58000.000000000000        26.239987713771768        1.1976158692787173       0.44412195166554724       0.83170210691870616     
   58100.000000000000        15.708600769519002        2.0093008767666234        1.3793052561593413       0.53933760616529336     
   58200.000000000000        10.193476432919297        3.7940886466127619       0.41061278965677594       0.35720964131934652     
   58300.000000000000        5.1676666885554301        1.3510201259356212       0.90542061550776642       0.29874512171394119     
   58400.000000000000        15.751867077642896        2.4401421995864325       0.59836773580667124       0.58092317135790639     
   58500.000000000000        10.786052116580525        1.8335083366833782       0.73911094970404045       0.51073853415056281     
   58600.000000000000        23.048737941272705        1.7281996655186269       0.48492535634821454       0.75626341328186908     
   58700.000000000000        15.258444561689188        1.7229911167896521       0.58251213252037992       0.64813973197974073     
   58800.000000000000        17.342810143970045        1.7427752731474691       0.90592943802896642       0.64333632222151338     
   58900.000000000000        14.450832280327820        1.9154517624592238       0.85610892188795873       0.57832427662920582     
   59000.000000000000        11.189340539451916        2.2809498858253381       0.86993690826962933       0.45671692400366160     
   59100.000000000000        14.475532656403132        1.8440342228028044        1.3042832901817114       0.53658691546218173     
   59200.000000000000        13.277192816927290        1.2843869370952437       0.41491573633894596       0.69110093430762776     
   59300.000000000000        25.564437278602639        3.0045818840806149       0.43920968006212568       0.68142373925189270     
   59400.000000000000        11.223160215087251        3.0204220457725999        1.0218209130939400       0.37622781776169245     
   59500.000000000000        11.026787747096430        1.3046944168134562       0.77742368788947402       0.58147872444552895     
   59600.000000000000        13.571441761201626        1.5772328083749141       0.57150810413733044       0.63504682603646256     
   59700.000000000000        13.075492067319363        1.2575015717881435       0.41098328508682513       0.69179445483602664     
   59800.000000000000        12.683308536702953        1.7031876789167200       0.57412227296927210       0.59974557254195360     
   59900.000000000000        11.322579459707377        2.9694900435919074       0.97293719464771478       0.38811065082168417     
   60000.000000000000        10.354047692357668        1.4715565018678731       0.57345592909197141       0.57034273150022485     
   60100.000000000000        17.042387642194619        1.8341310584680066        1.3108596232875591       0.58774270456096422     
   60200.000000000000        3.9047045787585928        2.1958325006888044       0.60477776984768084       0.18172556242686311     
   60300.000000000000        9.7944513726207916        3.7552902641887371       0.78916605712533983       0.30730033220955155     
   60400.000000000000        9.4201632497373531       0.99564168126135222       0.64283135603074992       0.60566862032981494     
   60500.000000000000        18.373733512175285        1.2540656331145854       0.37790354090560996       0.77168559999892739     
   60600.000000000000        15.530190221224775        2.7713650199524054       0.67628346835948250       0.53839584731831813     
   60700.000000000000        14.371928900997951        1.7719748071496131       0.95712537545323606       0.58024508756071402     
   60800.000000000000        14.712393759695614        2.1940066504899143       0.60862419573085180       0.58371526415683928     
   60900.000000000000        19.081435880841163        1.5446592642678851       0.73440476902061036       0.70660710238472868     
   61000.000000000000        23.799654786726990       0.63193763535640102       0.45390991806130909       0.87342094413303639     
   61100.000000000000        20.496369078944923        1.8787970772421794       0.65289910727032563       0.69950179117295108     
   61200.000000000000        19.211090080936142        3.6695741717217985       0.37095731560842982       0.56171624880125370     
   61300.000000000000        15.293306850372609       0.90478725028846441       0.66432680806733657       0.74047362283583029     
   61400.000000000000        24.962486076520115       0.61894053333869792       0.42876058309798815       0.88284950481652580     
   61500.000000000000        22.900660025497960        1.0006958976101501       0.68167839756146620       0.80535507973299492     
   61600.000000000000        13.421984381215941        2.5594004479218491       0.61886547918588430       0.51834925972128687     
   61700.000000000000        20.926641934433505       0.81576841630107921       0.41404266150181712       0.84066124069455039     
   61800.000000000000        21.820557608152146       0.63238843473267536       0.33765450998171609       0.87651173769025303     
   61900.000000000000        13.708835164187706        1.2754514209117591       0.55515252582314645       0.67942511539554218     
   62000.000000000000        9.5252800891875609        1.0492900435840937       0.58784658564241665       0.60968542266766068     
   62100.000000000000        18.460628259501313        1.8191034407702773       0.47838876957792387       0.69865329358018657     
   62200.000000000000        22.654732393192429        1.1212288878363523       0.47455739703469391       0.81286361827684717     
   62300.000000000000        14.182420071862463        1.1024633980506326       0.54615469388182625       0.71291189180782411     
   62400.000000000000        10.964850910950586        1.1778563200768684       0.58756969611744303       0.62884650410160303     
   62500.000000000000        8.5359273529257500        4.1134555840505822       0.53417654978207940       0.27731314611127011     
   62600.000000000000        16.623074235033361        2.4427844755615240       0.32406281578959817       0.62668371752505336     
   62700.000000000000        18.543619478210360        1.5718524754173409       0.51876346967644160       0.72109694805426860     
   62800.000000000000        10.126529053316206        2.4306279584040738       0.59960755582675285       0.44292709566712429     
   62900.000000000000        13.057344064098041        4.2874888057522398       0.61032530623011549       0.38053586521824900     
   63000.000000000000        18.708953883254384        1.2835659819755172       0.70657308128507879       0.73294338800402437     
   63100.000000000000        17.994214632431405       0.70118081826750611       0.38030821126504577       0.83736058624638821     
   63200.000000000000        20.191878136917328        1.1093101091633848       0.37785524468161302       0.80564432399973218     
   63300.000000000000        16.223803456135265        2.8730204630576388       0.37498761034849526       0.57453102842076365     
   63400.000000000000        13.930686376997611        1.0330198503647878       0.67890210911077453       0.69901368272571007     
   63500.000000000000        25.419974100312956        1.2886433518881475       0.48906181702610851       0.81417361051526105     
   63600.000000000000        9.6561170714992244        2.7806997144582493       0.55545439673836361       0.40001733803435435     
   63700.000000000000        17.079657647506526        1.0806090510832895       0.82110873087598968       0.72215928140704932     
   63800.000000000000        15.754294216269251        1.1856443076376983       0.47856756637066677       0.73514657233225478     
   63900.000000000000        8.7856788276662723        2.4747793465122712       0.98515419116709779       0.34308494126485889     
   64000.000000000000        12.660664791201635        2.4230003281597909       0.85247065101692598       0.48572486763677958     
   64100.000000000000        18.770675166770793        1.1308866231207055       0.28523262244949610       0.80193639380723836     
   64200.000000000000        14.116833523108529        1.0007104860024292       0.49885709719509119       0.73344591931359204     
   64300.000000000000        21.514810298438903        2.3190709046722056       0.41574872372043803       0.69490435998791222     
   64400.000000000000        23.955196402576327       0.73831895922806368       0.44862700799116251       0.86348595031924558     
   64500.000000000000        13.795999790536829        1.9931695022090725       0.63948931638224416       0.58212682794899040     
   64600.000000000000        16.619905191045156        1.2887045350498276       0.49117065280736849       0.73226265352986619     
   64700.000000000000        25.226862379092680        1.6715516773955912       0.78541615326786030       0.75223808339415354     
   64800.000000000000        15.195731407649561        1.0024792135543485       0.77001622462385111       0.71131334724413597     
   64900.000000000000        18.081958744045409        2.4768983615076294        1.5426270739445496       0.53015980876148228     
   65000.000000000000        13.518818710448791        1.6150284119706875       0.39155452613112285       0.65450686336265917     
   65100.000000000000        12.826512125015480        2.9240836155649301       0.45231437263170271       0.49000931949876037     
   65200.000000000000        6.7459334621863967        4.8582059603819188       0.55524607443168872       0.20427230762870219     
   65300.000000000000        12.535086537906702        1.3369507736291055       0.87337920833167804       0.60160005434471453     
   65400.000000000000        19.116750785046381        1.8538172140336862       0.69007641092651184       0.68086950466758733     
   65400.000000000000        19.116750785046381        1.8538172140336862       0.69007641092651184       0.68086950466758733     
