# t rg re s3 s4 s6
100.0 3.417604 6.205126 3.4950603060397407 3.270454269592392 2.2991870576225417
200.0 4.760166 11.592166 4.809068721621039 4.493097564833382 2.3366039574649444
300.0 4.739754 15.467734 4.417444518309522 4.3698892133560285 2.4327128773851387
400.0 3.520440 10.606119 3.7081567388999113 3.4401891380343272 2.399941378127407
500.0 3.765084 7.583032 3.988082523071997 3.7605822704385594 2.317423194915108
600.0 4.234759 12.483518 3.9138720858752323 3.876476252300926 2.12577803817811
700.0 4.179900 12.381106 4.012790162887828 3.842087310418509 2.110542477576514
800.0 4.047818 11.372689 4.160560742923043 3.895921911138039 2.15584172491861
900.0 4.359142 11.101609 4.255144305258536 4.1327250544566345 2.2670859395527887
1000.0 4.468656 12.549737 4.3516483710193326 4.176654802828405 2.4302190436397435
1100.0 4.448335 13.577712 4.3363631716086015 4.177256048436361 2.2165257665923606
1200.0 3.036079 5.279485 3.6014473092788193 3.159920748207583 2.2913095309276112
1300.0 2.764843 6.175836 2.888078700397903 2.6637181759855353 2.414026989950418
1400.0 4.554569 14.341270 4.680063278600717 4.289410889879215 2.0478859867374406
1500.0 3.992626 11.734963 4.031618774132145 3.7933307993899303 2.4264413711601214
1600.0 3.570019 11.555795 3.901167556740779 3.4106537709464564 2.2262819270518697
1700.0 5.077271 15.769744 4.794259211056648 4.647100649328218 2.1397208101934324
1800.0 4.426711 11.785756 4.625163532888932 4.293203342561642 2.455757877470736
1900.0 4.343901 13.415014 4.3046260348615295 4.112381902311554 2.2298685905379076
2000.0 4.133062 10.594000 4.125951658653699 3.938948019772027 2.0522852012683304
2100.0 4.109482 13.090650 3.919342132431018 3.8235943433698627 2.209297144189409
2200.0 3.267998 11.406267 3.4550073849658207 3.1096127483272054 2.3098454196265035
2300.0 2.964794 7.188689 3.261838206788686 2.9986961982721203 2.3152804180529856
2400.0 4.569735 12.446858 4.761601290159069 4.447179345175886 2.1558365884074835
2500.0 4.584450 12.013001 4.45477168573978 4.32963962078406 2.1276969364247984
2600.0 4.609060 12.324153 4.347431517915212 4.266801381003234 2.0772025630965127
2700.0 4.621710 12.433058 4.430502437808912 4.2847700071276655 2.1281262760954394
2800.0 3.499535 10.777234 3.5791421575731213 3.347241900857617 2.339642649915166
2900.0 3.486655 10.234835 3.60962645695976 3.3029959965255635 2.2985529944570557
3000.0 3.405571 7.521078 3.4560263319895896 3.2955502249377977 2.143483056812044
3100.0 4.415870 9.581397 4.31644058841848 4.137217113503661 2.48623328911741
3200.0 4.336917 12.148029 4.313588669229675 4.082814535540296 2.3357345133166008
3300.0 4.663356 14.114033 4.72962761088165 4.410836143371443 2.1875479151072477
3400.0 3.862071 11.708363 3.893675262476704 3.6640112004371708 2.524689997074371
3500.0 4.626794 12.122558 4.490615833627004 4.290735794968445 2.402904935080701
3600.0 3.525458 9.655030 4.178927462980464 3.613455529354774 2.3707392148495905
3700.0 4.310129 6.794757 4.386644492100802 4.225019057017303 2.118131818549485
3800.0 3.874857 11.032539 3.7660493801369848 3.6027667261935226 2.420740141484418
3900.0 4.758978 14.066583 4.741462155672369 4.454530464312685 2.2369419842638787
4000.0 3.902913 10.690085 3.760429642867617 3.7250479094763587 2.199615591909156
4100.0 4.107301 7.938274 4.059998310446714 3.9566659757080163 2.34538599859927
4200.0 3.635549 9.032774 3.992109640011489 3.6259248647729976 2.4603807932870945
4300.0 4.629608 13.466572 4.639061614650245 4.44431976422368 2.1251889029310536
4400.0 3.882228 9.620203 3.777725229837616 3.6403091581604623 2.3629000965571083
4500.0 4.321225 12.534900 4.340273048550879 4.085046893577164 2.394048925029534
4600.0 3.472717 8.905447 3.528132616063671 3.269286102893483 2.1750699540198033
4700.0 5.062609 15.278839 5.0006524730711295 4.743507808157691 2.317651978731668
4800.0 4.552526 12.537973 4.396809866391279 4.2329327473977685 2.271354156133602
4900.0 5.150543 14.346844 5.204130912311801 4.866931220827843 2.391631237166453
5000.0 4.483935 11.712340 4.151163915090832 4.177985760434777 2.2496946518267813
5100.0 3.277765 8.488525 3.1544573723763065 3.0955890539845354 2.250072454672462
5200.0 4.392801 11.814381 4.457979309675855 4.201284819484288 2.3681881693481808
5300.0 4.619479 13.765787 4.633819437140568 4.3719739772658075 2.3668143870961873
5400.0 4.536027 14.175104 4.658018542122771 4.294887443156734 2.3411196015904685
5500.0 3.700798 7.741893 3.592639580309413 3.5120566388350203 2.256515138602962
5600.0 3.119511 8.958495 2.9934045692820828 2.9704420500798436 2.1695052944356075
5700.0 3.710003 9.927663 3.6096418748372936 3.4503925841525667 2.4879830383791695
5800.0 3.486024 8.061783 3.497697180488303 3.43618953954326 2.1517568114631995
5900.0 4.089001 11.111600 4.13000422444131 3.81807478907334 2.212356537483731
6000.0 3.239068 8.331052 3.088284956271894 2.973461886612358 2.005546415596363
6100.0 4.202671 9.578235 4.018143024049427 4.009854521394148 2.1958129917104263
6200.0 4.118229 11.114358 4.057427311126497 3.9048045700951075 2.3147469493501194
6300.0 4.404365 11.443878 4.4289999816487065 4.270356931652329 2.37520366021093
6400.0 3.922398 7.711345 3.9260135423788682 3.82040708602359 2.2452242648878746
6500.0 4.428820 11.684611 4.203848157394313 4.1758845405465586 2.3594631317928463
6600.0 3.973906 9.745705 4.0244340465889685 3.758573670963883 2.139404981591962
6700.0 4.071941 8.576109 3.895770390213209 3.7578625685061415 2.435914273777898
6800.0 4.090368 12.784120 3.9269810874094904 3.778351985861463 2.4239387499906098
6900.0 4.120952 11.575644 4.027160380329455 3.927941370447104 2.3383196664855506
7000.0 4.851177 13.576164 4.689685004334782 4.5122244285638615 2.3080186091129318
7100.0 5.118798 15.845475 4.92326092399435 4.682924776557394 2.2603777000957668
7200.0 4.308609 11.458642 4.195122438900205 4.037810869943041 2.3155565533455627
7300.0 3.721593 10.982992 3.7053161379109523 3.548070736149256 2.0719380600202126
7400.0 3.826844 8.809679 3.8638694260607855 3.7234083079853937 2.244361225487094
7500.0 3.568859 9.295157 3.889714436143055 3.595476677316561 2.4411925567275703
7600.0 4.209292 9.700662 3.970718226366319 3.92786975974715 2.042863442809099
7700.0 4.335860 10.430194 4.131632601175564 4.097691581937752 2.201144824193587
7800.0 3.668745 8.250328 3.7294502443634827 3.5720373723162107 2.3566690932867003
7900.0 4.563933 12.609203 4.520148440309921 4.320281471320585 2.41228146312068
8000.0 5.310299 15.233017 5.131374663147886 4.983122506657453 2.1600287427330076
8100.0 4.571136 12.355469 4.502346008398114 4.2648428667439 2.3399416096436214
8200.0 4.635093 12.926801 4.597792273866401 4.322475796177981 2.4294652550291214
8300.0 3.759300 10.944064 3.8133521059341837 3.610406338413569 2.565823015999685
8400.0 4.153993 9.846724 3.9850269579245112 3.9571464198299178 2.481028755439769
8500.0 3.557536 8.301824 3.7761441952344654 3.492952353764918 2.167269844902675
8600.0 4.935776 14.340796 4.588510725380384 4.469099694476907 2.3294656777122236
8700.0 3.241741 8.528279 3.422739368634808 3.1412320843454244 2.487791643208644
8800.0 3.176297 8.426808 3.585396030844574 3.2482155252079226 2.2642098867351614
8900.0 3.891892 10.243135 3.8807558080802336 3.757554086525446 2.485648016527843
9000.0 5.381337 14.986454 5.0296304168510275 4.986619945681919 2.2119948759659023
9100.0 5.445247 16.955600 5.221017363898457 5.000884526978922 2.4310133086834096
9200.0 4.334204 11.465302 4.182418418139294 4.036490177104448 2.500256208428108
9300.0 4.928238 16.344545 4.777184420445688 4.562633272348176 2.0936480849650736
9400.0 4.684872 14.049754 4.532933951394916 4.3909386030850195 2.3907487387030466
9500.0 3.587868 9.419838 3.698138072243149 3.496126938563581 2.342469487509868
9600.0 4.720604 13.667653 4.768284786089177 4.479015010116307 2.125692961866109
9700.0 4.291687 12.979258 4.190386350654786 4.035602877691067 2.1942552358254637
9800.0 4.288214 8.106709 4.758262519579659 4.333357700609335 2.2441497030005157
9900.0 4.681527 13.643384 4.847911597258972 4.430775238867122 2.1637801255538394
10000.0 3.027160 6.142992 3.2187619511391947 2.946719198137514 2.187856055196891
10100.0 3.540521 8.007463 3.9620684983862358 3.5872867292079054 2.206537653636282
10200.0 4.251396 10.375402 4.204318377388241 4.026806773174842 2.430111309966849
10300.0 3.906129 12.305583 3.857488030901845 3.6135445844527814 2.492284930060717
10400.0 4.524380 14.682715 4.613637666723098 4.294055916224008 2.030508992158602
10500.0 4.615160 11.413547 4.617836435519368 4.363143467374356 2.1256113833846784
10600.0 3.981179 10.223866 4.067279109469541 3.8971209149975823 2.5413701645679505
10700.0 4.170317 9.692932 4.277379406490387 3.9823152880182158 2.3984606875676238
10800.0 4.632976 13.735388 4.579795351915249 4.329123627206812 2.4597028456588905
10900.0 4.504618 11.214050 4.293241189223609 4.159244204530623 2.113189839553392
11000.0 4.548977 11.463596 4.617909384628542 4.34577372179096 2.2412154494362757
11100.0 3.331916 10.888414 3.148112668803683 3.105057732247141 1.9352850949065947
11200.0 5.355834 15.158665 4.966051283892718 4.891927859349674 2.1202747090138567
11300.0 4.811426 12.460686 4.6063106393197515 4.497089513781989 2.250009885154768
11400.0 4.577676 12.995767 4.584436438155781 4.345234989946342 2.330574484445299
11500.0 4.069224 11.085587 4.010943339983523 3.838262355262935 2.275081608747119
11600.0 4.362554 10.270574 4.366854260581583 4.210683924621715 2.3591760230718704
11700.0 4.365417 12.191419 4.16801287383689 4.09117831001641 2.4536747836257096
11800.0 3.169530 6.856105 3.297557935645437 3.141537072128019 2.255891312372426
11900.0 3.517159 9.527654 3.96960200338675 3.5311011211216843 2.424111859905042
12000.0 2.200404 6.560414 2.5077222606041847 2.203982841799653 2.268663274507267
12100.0 2.231193 3.874577 2.6237868949108885 2.259783082329757 2.2789493236993805
12200.0 4.425550 13.372631 4.588816442662632 4.2595587909604555 2.1072266828766772
12300.0 3.179985 7.715039 3.3997554773243865 3.0730149806068607 2.3951707596934853
12400.0 3.680466 9.879364 3.6038677578764067 3.499237312809266 2.036143622444875
12500.0 3.264278 8.672401 3.538009934116328 3.233902311705379 2.4101674462263536
12600.0 4.124961 10.736639 3.9541996419475525 3.8169355616496765 2.190678501600404
12700.0 4.836129 11.251586 4.743235734120707 4.57970515246339 2.009611561211884
12800.0 4.140616 11.299889 4.226620083649808 3.951527396390953 2.1996180013654465
12900.0 3.716548 10.477619 3.78475517857742 3.48549054268122 2.511957388932752
13000.0 5.147994 15.112151 4.8768874925420045 4.733283094445343 2.4470238488161047
13100.0 4.557073 12.390773 4.494271553572704 4.356911751656928 2.1095623201513662
13200.0 3.810683 9.740559 3.965072869858389 3.699893108634869 2.2346514789290945
13300.0 3.966631 9.535881 4.2105042934964185 3.932348293017947 2.1291873142030235
13400.0 3.238546 10.395227 3.5565655511642893 3.2384149100875694 2.346550725246644
13500.0 4.571596 12.401267 4.42949835783814 4.35647965579731 2.001259579903673
13600.0 3.930114 11.162150 4.093640645837857 3.8173926400496527 2.1481697099748316
13700.0 3.632657 11.687894 3.535914106917187 3.366783178739254 2.2748476173289496
13800.0 4.232768 10.389825 4.089536199624902 3.987375454458616 2.468429781070642
13900.0 3.555769 7.963688 3.715579277754331 3.4293584457891413 2.3363662606065456
14000.0 4.692039 13.087910 4.8109697259091515 4.584636980324183 2.2775558071356516
14100.0 4.385421 12.325595 4.673564354320398 4.237111099946653 2.3256950173710744
14200.0 5.047815 13.672859 5.062474113284041 4.859695637189488 2.3432502084322238
14300.0 5.010407 14.360414 4.773513399650849 4.629999230481493 2.296648888868195
14400.0 2.895416 7.285211 3.033290530568607 2.8502684771637408 2.2216157515111727
14500.0 3.426057 7.615506 3.647423181136122 3.4312161555767084 2.2527635116769913
14600.0 4.013337 8.068687 4.028568908676783 3.816868981016645 2.5024815537347123
14700.0 4.062000 9.948034 4.284297133664966 3.960214524862927 2.3816217589577366
14800.0 4.910381 11.058516 4.897546012265371 4.653184858886981 2.4020228278066624
14900.0 2.871913 10.225858 3.0112479234584577 2.721040367446511 2.1860682753112024
15000.0 3.784056 4.607007 3.85217518866576 3.704049441107267 2.1980933321689924
15100.0 4.660784 14.976554 4.4907303152435105 4.295599496735453 1.9785820606506297
15200.0 4.337222 11.504813 4.5257517988702665 4.266222064691986 2.5021095023023756
15300.0 5.206856 13.358529 5.059581278434623 4.882211492121247 2.367201962948493
15400.0 4.155853 11.978755 4.060962296213928 3.866911209106193 2.3588095730982332
15500.0 4.246370 12.552101 4.206063832409971 4.021082260881137 2.3775185321534993
15600.0 4.288458 13.075394 4.0878189010554244 3.936242282401961 2.2667620931703008
15700.0 5.018494 13.991074 4.870978022374522 4.734260715817759 2.303405105986189
15800.0 3.959498 11.108675 3.7757702594835965 3.7214409984405834 2.193334489290233
15900.0 4.502901 9.901751 4.265272818767852 4.146729891588785 1.9126012313579521
16000.0 4.503311 13.528823 4.580515127241229 4.26366890859698 2.192545021487092
16100.0 4.519216 11.691582 4.371938671678814 4.183869776282567 2.214269366719809
16200.0 4.135901 10.539006 3.769628052211562 3.77622884895189 2.373836030131551
16300.0 3.823658 8.775496 3.7038008309367805 3.555159967891402 2.3364020675842077
16400.0 3.970756 13.853228 3.9853196207631374 3.695389198480593 2.22702128262417
16500.0 3.314839 6.662841 3.6186095275801535 3.3059207243259037 2.413902187755231
16600.0 4.129104 11.580004 4.353201969844421 3.996711960640004 2.3438198997088433
16700.0 4.257576 10.415084 4.284683254347752 4.119597194521197 2.525884371361016
16800.0 3.858585 9.892255 4.022900529486777 3.70084968756183 2.2981100414014226
16900.0 4.522730 12.490249 4.409092620391133 4.243713531895993 2.066306590319799
17000.0 4.218793 10.557513 4.236876017295066 4.014417642979272 2.2886568896512163
17100.0 3.556261 11.296636 3.600367906005576 3.386661040962888 2.2572337332669625
17200.0 5.299622 14.046435 5.140869550495077 4.964112131120995 2.1773636676747903
17300.0 3.992772 11.084890 4.018361272284098 3.7834856333134144 2.292877122247324
17400.0 4.412027 12.018296 4.128113891196201 4.119746646492038 2.134697372538559
17500.0 3.991189 10.867137 4.000641348891174 3.8244185937363815 2.323393009080158
17600.0 4.183004 10.802121 4.008460264939749 3.855552772452368 2.1045162320461888
17700.0 3.543941 6.970126 3.722553662236107 3.4887493251686537 2.0826553770674776
17800.0 3.232657 5.550468 3.3400578472788918 3.177474927742877 2.215582834743854
17900.0 3.848561 10.546735 4.010698523200577 3.7288713955649975 2.381183784703547
18000.0 3.198606 6.803958 3.2117888668898646 3.10742393093856 2.2079438881104965
18100.0 3.749232 8.249218 3.6792848895120396 3.551301667580147 2.297723522613779
18200.0 3.436961 6.288563 3.7072081026973898 3.4180181053316465 1.9079119586021929
18300.0 4.031961 11.403366 3.81455848404238 3.7895843971853385 2.1726058551970078
18400.0 3.270483 8.226417 3.208464853207791 3.090296199849018 2.3363982420882485
18500.0 4.708649 13.270054 4.440501908079281 4.2991167891711175 2.0400743078641526
18600.0 3.581889 9.339656 3.8234708605665833 3.4859857463632355 2.4247706103113402
18700.0 4.897578 15.414636 4.714320012363892 4.547584296721191 2.124834701489392
18800.0 4.361253 10.669515 3.7830240882730535 3.9004331305366504 1.9601214098036848
18900.0 4.492671 13.904836 4.344809352572081 4.174506758622921 2.222392125297411
19000.0 3.812956 10.459698 3.5298723530641345 3.5252631833370893 2.086995935009703
19100.0 4.488741 13.356410 4.469679385261929 4.254631549652137 2.128415338864227
19200.0 4.409429 12.835260 4.531334678294814 4.215507334371079 2.4795457460511696
19300.0 4.006592 9.933900 4.076739125428097 3.8168672153954355 2.291412192841412
19400.0 4.038471 10.933315 3.9369644697146726 3.7830284146112163 2.2335239032792495
19500.0 3.997398 8.323803 4.281625022076344 3.990856469156341 2.2885517084183022
19600.0 4.494672 10.315540 4.383269353432482 4.234087814503662 2.3518068507574608
19700.0 3.003319 3.873385 3.1983811640025475 3.00405457198956 2.3731068444617684
19800.0 3.274272 8.922129 3.4989848707356392 3.1738603073125664 2.290329409766807
19900.0 4.045645 9.516856 3.9410203093282745 3.8480151517926346 2.099177849908129
20000.0 3.954705 9.294319 4.06398117567182 3.796563232290937 2.470850809614836
20100.0 5.046245 12.667472 4.761654314834446 4.692618866427484 2.2416355104650845
20200.0 3.452109 9.184331 3.3632838345151415 3.2670092928229537 2.3941605073617365
20300.0 5.144340 12.929421 4.731576299992118 4.79213643833527 2.095869980729106
20400.0 4.618289 12.850302 4.458468455846644 4.333570279732535 2.265775519470513
20500.0 4.532551 12.612288 4.5840990667049395 4.33743375651747 2.300876856290634
20600.0 4.461956 14.026866 4.302191804800802 4.106472478389934 2.1703120010209562
20700.0 4.411251 12.986042 4.446620729815732 4.158017254450209 2.3817168740430237
20800.0 2.693417 5.308912 2.821504344332605 2.635922785653977 2.343772728264747
20900.0 4.092099 9.949645 4.038512874969007 3.8644978783461754 2.375970287445949
21000.0 4.795134 12.926250 4.695936629925072 4.56410061321396 2.324531090064266
21100.0 3.929207 5.729703 4.2586248548679695 3.966035519971148 2.391597139402775
21200.0 3.275027 6.676863 3.3391493406744956 3.1511991958394905 2.3617508316973805
21300.0 4.213563 11.080578 4.177748200468877 4.0351888312994015 2.214522145070194
21400.0 4.973094 14.209327 4.885494796924942 4.684433882837697 2.4186428034611187
21500.0 4.218952 11.806435 4.128439688984255 3.905175500456353 2.0961890893866584
21600.0 3.788918 8.363896 4.03877363821195 3.767204887857083 2.258796090363016
21700.0 4.632979 11.600793 4.664412956070007 4.393826370303694 2.1737804802385576
21800.0 3.371095 6.239974 3.3737047771334785 3.16147584565264 2.353867281250369
21900.0 4.281671 10.875124 4.311462674530524 4.14927677672756 2.4819535517030262
22000.0 3.544989 9.200329 3.644373798048258 3.466269177399467 2.3674121730448054
22100.0 4.480862 14.058320 4.492476341388315 4.2391119396254195 1.9846225436766216
22200.0 2.521037 4.295305 2.96212453143214 2.588409875151666 2.210644145451655
22300.0 2.985641 4.487031 3.271831324947621 2.9647295709068238 2.354913026363564
22400.0 3.950427 10.913885 4.000977222105517 3.798064197660526 2.2872589485919472
22500.0 4.465846 12.419488 4.383177380251614 4.128266708450814 2.109574132037275
22600.0 4.370470 10.002094 4.477511207466302 4.169311730960458 2.2830466535995857
22700.0 3.342307 11.509593 3.5248622398134026 3.179912831119557 2.4991701707117926
22800.0 3.573425 6.738758 3.739836828060781 3.537680851733812 2.187931402336615
22900.0 4.947933 14.758920 4.854942917566038 4.604418127012071 2.1257421545374453
23000.0 4.570168 14.254309 4.26061015309168 4.220676899868136 2.0654060057299812
23100.0 3.722491 4.974502 4.003075498090277 3.721791994093148 2.2132727337730143
23200.0 3.766898 10.750485 3.8510637510783545 3.5801135256479837 2.3110001731678853
23300.0 4.623063 14.897193 4.6294137864267135 4.323442067031275 2.4803725189511905
23400.0 4.625260 16.008821 4.352744888920245 4.183007953199081 2.434640569121934
23500.0 4.632753 12.863359 4.332751513185718 4.276175091482002 2.0029538947654335
23600.0 4.265196 11.612361 3.7769548266024673 3.9328825430183074 2.059800697891801
23700.0 2.672568 8.199679 2.8889859134772555 2.6256716722412796 2.2725321194293326
23800.0 2.788459 6.485822 3.1726971836740088 2.838415574627782 2.181972146797348
23900.0 4.218677 11.597841 4.258668708571425 3.973193575822744 2.2171373226196565
24000.0 5.050407 14.683538 5.0640791710274 4.782554848694767 2.4163140710884914
24100.0 3.454875 7.842470 3.847395037043602 3.5277057235736584 2.599556981616838
24200.0 4.114356 11.898484 4.08502559299902 3.892658989008205 2.4757444615766966
24300.0 4.891193 15.086695 4.638445765609575 4.524864022349545 2.286107281616352
24400.0 4.485344 14.273192 4.323918498678312 4.1446530538651665 2.0990657816091924
24500.0 4.787046 14.139398 4.72807850467312 4.410783353726399 2.1507042876298
24600.0 2.749047 8.069298 3.1066742720904728 2.7052077026146706 2.299606405552104
24700.0 3.290959 7.011317 3.2949368146905478 3.1475781696579244 2.3301155572213053
24800.0 3.819738 13.002557 3.8056730325482335 3.515837148928277 2.0402267280591864
24900.0 3.722861 13.151241 3.8053023385154763 3.490451441121942 2.3505702952438745
25000.0 4.500705 10.390656 4.509768793439058 4.319617773022163 2.4612337803844277
25100.0 3.730778 8.397408 3.568640646205069 3.562371477889249 2.2312072366695146
25200.0 3.692657 10.701814 3.931788331126934 3.658123388150523 2.637871230720036
25300.0 4.313969 11.569511 4.056571994075364 4.009541452015701 2.2407872412034573
25400.0 4.864296 12.935126 5.0548058706225465 4.750946016986723 2.0607925146208768
25500.0 4.791691 13.688547 4.7484645751763725 4.521142070625454 2.1928566052634766
25600.0 4.329439 11.317976 4.142745964415845 4.043919277970976 2.383972777924915
25700.0 3.940588 9.517732 4.08251671969093 3.862771228172734 2.2817025740470878
25800.0 3.946328 9.723531 3.997049985719356 3.7908062871048456 2.2223705893769377
25900.0 4.431961 12.127258 4.501569374300079 4.226083763488799 2.3436967462331704
26000.0 4.569967 14.714023 4.38055800034547 4.2076748246079445 2.3965793021763266
26100.0 3.442986 8.578426 3.56857292239578 3.381889986361808 2.063404934841123
26200.0 4.140576 11.654866 4.272560598872191 4.019291300831832 2.090752334346502
26300.0 3.822999 10.743935 4.0100510283094275 3.6823920891520587 2.362403275660817
26400.0 3.304365 7.879067 3.374229905985054 3.240786579632612 2.0228627596423223
26500.0 2.754206 8.854870 3.0825234041158494 2.740563129122503 2.308675187418528
26600.0 3.900423 7.385348 3.9939384325731626 3.8173989484909163 2.122416515687974
26700.0 3.579406 10.052852 3.816734945121234 3.512080770587316 2.071641956208078
26800.0 3.849541 10.259932 3.7315985761789143 3.5836710427398653 2.3764471611841165
26900.0 3.568701 6.671820 3.5033695257486137 3.4285049452264853 2.2652629715174535
27000.0 3.797613 9.464696 3.970268758122237 3.748925753248833 2.2024067453669525
27100.0 4.885947 11.307235 4.73698944805607 4.553121315876989 2.347270085522879
27200.0 5.630184 16.035590 5.295358623959439 5.163112752795972 2.361318591396936
27300.0 3.826338 9.305502 3.940583942361909 3.6753922937133634 2.155773123380245
27400.0 3.444540 10.667216 3.413652309089251 3.195034988350787 2.077207999447054
27500.0 3.893889 8.670644 3.9939837972311074 3.810063384892146 2.176055405071527
27600.0 4.124425 11.456183 4.1055185538043935 3.9263560206372787 2.3512436034339794
27700.0 3.919120 10.123591 3.7671299387315678 3.702771998891262 2.0786616866837506
27800.0 3.840476 9.922764 3.7278110085929086 3.679958983405209 2.1926964077495437
27900.0 4.362175 12.698458 4.1503177137281 4.115293951261821 2.112243146822611
28000.0 4.721719 11.308815 4.670063285259645 4.478278853795341 2.035326599076021
28100.0 5.092858 14.964152 5.109826009526175 4.827286051613811 2.163745364084396
28200.0 5.141627 15.580697 4.744398527558474 4.671384178382694 2.279271066696767
28300.0 3.228298 6.038926 3.497132016168007 3.210714154285104 2.4260104140441574
28400.0 3.826298 10.508368 3.960319519107502 3.755741875597392 2.2845880199790076
28500.0 4.103501 12.105886 4.293961753084646 4.025870535124478 2.296926528741175
28600.0 3.224190 6.780201 3.350542849258344 3.185079092492288 2.032424675270532
28700.0 4.581383 14.075608 4.4068681865901125 4.281121335854457 2.352145813002812
28800.0 3.089318 10.064607 2.973700124913799 2.8239963855796506 2.307943207487564
28900.0 4.341626 15.160425 4.472988659275891 4.043175638660734 2.070166817289494
29000.0 3.505649 9.585504 3.576873568551189 3.3727163370863846 2.1276455707059885
29100.0 4.752156 10.938972 4.733876599107409 4.5214340235008645 1.8783088807697752
29200.0 4.751868 13.972364 4.670107516545632 4.563233543185901 1.980235703616203
29300.0 4.536466 11.946828 4.392980346676724 4.166351471308674 2.478126177720229
29400.0 4.040493 12.361913 3.9292016774358998 3.7357792048461054 2.4899637742870095
29500.0 3.616154 4.422867 3.6088028961044847 3.478753523245825 2.3990971260496297
29600.0 4.522003 11.329827 4.480845741707534 4.280761426613996 2.17515215863151
29700.0 3.661246 11.287460 3.595736057551984 3.386838811345998 2.028908265070312
29800.0 3.606456 8.334596 3.9616295826214536 3.664268342604881 2.3797555770500987
29900.0 4.441428 11.839488 4.538025515403659 4.270682898063119 2.311873493325785
30000.0 4.354000 11.426103 4.251868789247313 4.094711737003521 2.217564656035493
30100.0 4.019867 7.447448 4.379498537062355 3.984050011757591 2.4141929826311617
30200.0 3.996978 12.315983 4.023491375320913 3.7972868327563947 2.3626547273575316
30300.0 3.792558 9.658404 4.032655031570856 3.7892568577962473 2.417644241274522
30400.0 4.419551 9.692588 4.122833342993753 4.141437864784535 2.238431127218054
30500.0 4.800290 15.166531 4.596619689207905 4.385739074330561 2.2825020088296677
30600.0 3.799131 9.529622 3.9782893522179643 3.7773589304466837 2.0655645922647294
30700.0 5.318513 14.255049 5.3257636765639775 5.048806910491762 2.2327659559840733
30800.0 3.982402 11.573935 4.096744697383649 3.8222533864708677 2.4940502852405158
30900.0 4.129125 8.985493 4.060835110939638 3.9155880025093452 2.191456560633574
31000.0 4.476114 15.019779 4.400821779752663 4.132728716165112 2.165431805894159
31100.0 4.806527 14.489747 4.542807981018397 4.370555937920461 2.116691972821632
31200.0 3.693753 10.432196 3.643852872424935 3.4399095898124803 2.3147503911838077
31300.0 4.094138 12.951546 4.046457215527772 3.8425537008292348 2.1719902620146723
31400.0 3.581234 8.028836 3.7350317487898064 3.4837719825551687 2.3825892496425167
31500.0 4.737054 14.611604 4.49671582338398 4.420538358396656 2.396236745527915
31600.0 4.808183 13.005042 4.841694711968966 4.591793232454902 2.442105015150211
31700.0 4.709771 14.383372 4.560087779609912 4.366346149808718 2.319294032129378
31800.0 5.466810 16.416723 5.133100146317396 5.0035707079918845 2.171119801533945
31900.0 3.965782 11.703597 3.958218114496278 3.709746493654475 2.3809463111144855
32000.0 5.262195 14.773799 4.763123807181829 4.693984868101437 2.114582135219302
32100.0 4.579533 10.954986 4.356510481752322 4.323289781041013 2.5357898806037653
32200.0 4.903703 15.137921 4.551002842349636 4.488064916188575 2.162847097504794
32300.0 3.992542 10.718651 3.6881683343010696 3.6694618142253668 2.084174967475719
32400.0 4.101485 10.732609 3.928446343741141 3.8405489408842084 2.1745500400554083
32500.0 3.537339 11.109632 3.571385942138148 3.383709475471575 2.210984567161499
32600.0 3.468020 8.658371 3.7908990317500373 3.4618854211159404 1.9686565452963183
32700.0 4.012098 9.847092 4.213896033734722 3.981572857332989 2.5646988776616673
32800.0 3.942429 9.209315 3.8653789541586656 3.77895313547123 2.12411610076517
32900.0 4.784311 14.579965 4.78630569133156 4.534686193488167 2.36671234726208
33000.0 3.724057 10.367628 3.814503918195104 3.568684259910373 2.1885299958594002
33100.0 3.729652 10.379582 3.8912067241333657 3.6291725718563286 2.321687321928106
33200.0 2.570049 6.839102 2.716352342842825 2.5174116836588047 2.269004291152096
33300.0 4.021338 11.977643 3.8935031860896654 3.788516149821148 2.3550150457592407
33400.0 3.101320 6.706543 3.2344309169623022 3.0273482771806846 2.229207500505019
33500.0 4.446677 12.635347 4.3981976061759775 4.234627356400541 2.200296579470499
33600.0 4.982392 13.442094 4.908581496806703 4.647963812166003 2.3849476939644823
33700.0 4.434523 15.365440 4.39422383008136 4.078957403617881 2.189353734188498
33800.0 4.936421 12.559109 4.520004149911747 4.49343454872063 2.5550971721789346
33900.0 4.298497 14.110620 4.364845244311972 4.0206611385388795 2.1875372193747564
34000.0 4.528865 11.710897 4.560617332033765 4.346381165372692 2.2474381565718895
34100.0 3.960386 10.871858 4.319383860756972 3.9493740861343225 2.291640151704391
34200.0 3.251977 4.411849 3.814127761333568 3.4091642738088255 2.3492725971867667
34300.0 3.397336 7.233606 3.5743337661011108 3.306908564230912 2.4170385338493774
34400.0 4.398659 11.042531 4.70065499110215 4.388778316825239 2.306106940093239
34500.0 4.572914 14.776316 4.291338378131828 4.1198550621242624 2.1349105659393532
34600.0 3.709203 6.860542 3.7964200509281962 3.6153330039433076 2.1969348583382238
34700.0 3.999621 8.691015 3.6996219179428254 3.743922781495093 1.8748745730390606
34800.0 4.231180 10.982686 4.397562200820191 4.106172669414871 2.4819587838317294
34900.0 3.385648 7.534091 3.45893692174635 3.2333428358627385 2.388358337771367
35000.0 2.850524 5.568307 3.1787267977037557 2.842177373095263 2.295158889386828
35100.0 4.427662 11.380814 4.348263226444502 4.156946576282759 2.2064640224420797
35200.0 4.641110 12.846236 4.567335798472531 4.314895385860542 2.2661010783432327
35300.0 3.217799 6.764114 3.4050273698237716 3.1466895879482313 2.34647441503472
35400.0 3.934480 10.672563 3.87241314070715 3.758740845583428 2.145655521687196
35500.0 2.802715 8.747080 3.0174929157903674 2.7425760072516208 2.009944402326705
35600.0 2.686081 2.991772 2.762841839395781 2.6028160167256287 2.4263947896303297
35700.0 2.998744 7.770841 2.9559744095003557 2.831161663600533 2.4635484919441715
35800.0 4.474851 14.578767 4.508787575097307 4.197357323333967 2.3054414667496537
35900.0 3.360019 9.941315 3.6522911279944967 3.3235577681408066 2.4982994865572463
36000.0 4.231300 13.493791 4.084199030922737 3.9009659671292263 2.2565534139482657
36100.0 3.455037 8.517283 3.434025520072442 3.3602230075163995 2.346287360100162
36200.0 2.658599 8.179547 2.9752780530568197 2.6657766147754836 2.2151478402615155
36300.0 3.037974 7.777607 3.252358359755397 3.000187900138912 2.5377331428800334
36400.0 5.333077 15.530327 4.994456145002117 4.929771902413825 2.398659772109769
36500.0 4.003021 7.263777 4.115256846786093 3.881367273995852 2.1855821234159833
36600.0 3.776711 7.095518 3.9688216539970007 3.7249846147610097 2.147023978467024
36700.0 3.926673 11.654997 4.133014389451289 3.7753153255973695 2.5447160344459494
36800.0 3.119569 8.335358 3.2632448405954935 2.9552046433857853 2.020038422632553
36900.0 4.753606 14.642421 4.422623951338237 4.326913134519079 2.620525766221506
37000.0 3.722640 9.918792 3.72905115747309 3.505558526731913 2.5733936753137243
37100.0 4.118952 8.296237 4.077968167682928 3.9297925119435506 2.173077387534902
37200.0 5.458719 15.705987 5.289967572236773 5.043064020083852 2.311309662826781
37300.0 4.771854 13.747029 4.694233717835135 4.533778993459251 2.2645322938683203
37400.0 3.461302 7.989537 3.7157618766523526 3.4677596398786537 2.299024716237435
37500.0 4.035021 10.820299 3.979439698704284 3.8263155230685615 2.0521746961465674
37600.0 2.515177 6.138472 2.622279128849971 2.4538553486010346 2.2311719209609557
37700.0 3.457032 8.882610 3.6806871103599095 3.4325103984434673 2.152708549050125
37800.0 3.944578 7.321151 3.9890726007338397 3.796200941360257 2.2841556537376135
37900.0 4.240759 10.453460 4.248244703141705 4.051926786717659 2.111025063267776
38000.0 4.294374 13.154577 4.192345247624285 4.044479542737552 2.1741162003573
38100.0 4.253002 10.851508 4.267373573017194 4.063564136656686 2.3485034755820005
38200.0 4.698252 9.990145 4.710857127786655 4.465291426256453 2.303415645860907
38300.0 5.271308 16.063984 4.846528346817143 4.736084039099436 2.2281203580283724
38400.0 4.340216 10.997631 4.264126742702938 4.096626007895896 2.1677561711974844
38500.0 4.292609 12.020231 4.243714899569196 4.120953324110236 2.3667433675589957
38600.0 4.277097 12.332435 4.233608796252897 4.050895221379763 2.406638564230417
38700.0 3.428379 6.504392 3.5287758958270063 3.3949448723613385 2.2418222449022944
38800.0 4.720600 13.843671 4.770520716255269 4.478867122648439 2.4865129032986886
38900.0 3.770078 9.464013 3.6887088898220717 3.5618838848460643 2.3547863822851838
39000.0 4.952182 14.782202 4.839196486821405 4.594296228453528 2.136033038650586
39100.0 3.548942 10.716298 3.659985406353754 3.4186632228395246 2.2508051417864605
39200.0 3.860744 11.097872 4.0187156737981935 3.7320773168483687 2.4472412750447288
39300.0 4.551020 10.552624 4.719706865396812 4.406788064610905 2.372526677009803
39400.0 4.533213 13.224707 4.318581866092896 4.201286387677992 2.2900147550911796
39500.0 5.145915 15.944822 4.92326077167727 4.801294420314781 2.2899449318199907
39600.0 3.455379 6.515215 3.4830825523066395 3.3397346457606765 2.034295629136325
39700.0 3.370558 9.888199 3.587445479649135 3.2481445001609393 2.436510855949159
39800.0 3.572116 7.859031 3.4879119608576867 3.383825183562623 2.258384585295822
39900.0 4.598060 13.007853 4.488821685364831 4.356009537442208 2.4554324827423724
40000.0 3.723591 11.031398 3.877122960264678 3.497945094739314 2.3087721693747913
40100.0 4.080266 12.170287 4.061460937738167 3.849405017585368 2.1948879352545076
40200.0 3.751114 11.697455 3.64008114432269 3.485481834900325 2.5366963232008355
40300.0 4.177626 12.718211 4.137406331524114 3.9106891923154006 2.1649485662396133
40400.0 4.050395 12.635683 3.8846491087758186 3.791274809341358 2.18945227991935
40500.0 3.539357 9.317864 3.6133950377446977 3.3686736514227125 2.4991922326580647
40600.0 4.025649 11.963186 4.252081853040602 3.8784694867675547 2.26859665894179
40700.0 3.833202 10.092983 4.086790811958253 3.7386850759518584 2.3115039667628574
40800.0 3.320363 9.197344 3.505192571579445 3.268973478578784 2.440603041757913
40900.0 3.779605 10.009405 3.63877050598253 3.4975971189141233 2.342927650193972
41000.0 4.837340 8.876057 4.866301626112334 4.652091835247134 2.401539690326213
41100.0 3.755353 9.166994 3.8024356388666303 3.5608621992601086 2.2104506397487156
41200.0 5.125184 16.450817 5.050086065633936 4.762485920757181 2.262993788900914
41300.0 5.653040 18.035230 5.342604636042573 5.118147598885409 2.248591567245756
41400.0 4.352391 10.892706 4.3370299923246565 4.138599322417935 2.101021865721335
41500.0 4.287990 10.049882 4.046991091319966 3.9981329168942565 2.384231580373973
41600.0 4.389454 12.361505 4.199314422869826 4.04170777238295 2.193521420807058
41700.0 4.285878 10.859334 4.552106011280925 4.195133682778498 2.370186028984375
41800.0 3.899440 10.591994 3.973343922580861 3.7896233620904822 2.2590804274402747
41900.0 4.372352 12.332022 4.309333147086757 4.150244398103587 2.408449412216611
42000.0 3.994503 11.539054 4.028126089598697 3.7661591166434047 2.3593038578320433
42100.0 4.586471 13.296144 4.3914838864319 4.245492273777807 2.336522765637119
42200.0 4.955054 12.927974 4.971928245731349 4.74805505816601 2.131411667951047
42300.0 3.712758 6.508959 3.7015747913778183 3.5313067986316238 2.3050850816508412
42400.0 4.682047 15.433934 4.488411824258676 4.289284347997056 2.373668534754792
42500.0 3.993901 11.774195 4.029432701663324 3.7551001486866826 2.213200186144027
42600.0 3.969324 10.418380 3.9502739776781137 3.7161331720679316 2.076056999563121
42700.0 4.773221 13.183035 4.461769034275652 4.421295401902847 2.291562232484813
42800.0 5.037400 16.044649 5.020646293874621 4.712741435258069 2.117513340385245
42900.0 3.723358 11.094424 3.725188896726698 3.503849122150464 2.3824470997746476
43000.0 3.687680 10.021401 3.585799736806476 3.451617301203874 2.256985463767481
43100.0 4.418960 12.866467 4.042335385796696 4.099787735199602 2.218649524674764
43200.0 3.763623 8.250688 4.0015580102632375 3.7048233176324974 2.3422099809879766
43300.0 4.620222 16.158789 4.442256398879682 4.211739955133755 2.34477617378335
43400.0 4.374313 10.178490 4.37681237367527 4.236976770348731 2.2084123090619383
43500.0 4.726631 11.939043 4.68465421766617 4.462329853470032 2.3044350116972288
43600.0 3.616285 9.410686 3.691274382497492 3.5234425692066877 2.2719332757947446
43700.0 4.005922 10.788133 4.2795431143296625 3.9436620863137484 2.4421856021672017
43800.0 5.475623 14.074991 5.393056110024275 5.154933276275957 2.1830213013149686
43900.0 3.568282 10.742714 3.611740351587852 3.4147285196925847 2.4890452013434707
44000.0 3.586861 10.087553 3.774143040260667 3.4625117503291643 2.4419859353771645
44100.0 5.274353 16.130521 5.188589224017969 4.857158224933528 2.549153987545878
44200.0 3.689198 10.068181 3.720217636320885 3.560613084763307 2.2711074304436876
44300.0 3.790873 10.669338 3.92071454052356 3.669170809160512 2.379862557149312
44400.0 3.085436 7.947925 3.0696024591176454 2.890788229607078 2.4054446166645933
44500.0 3.266755 5.621267 3.463748995488636 3.2639160728339105 2.292842176761012
44600.0 5.258295 16.165127 4.789555100631856 4.719749597553976 2.0135668733143786
44700.0 4.829946 11.062392 4.930586519908201 4.602883649738011 2.244406886756482
44800.0 4.365912 13.876583 4.137020066293939 4.022817955101293 2.2092611184541058
44900.0 3.265937 8.546372 3.5807086423623518 3.252599490390711 2.3336167184141967
45000.0 4.417638 13.102512 4.257360170677919 4.115736039918984 2.30125092979758
45100.0 2.739950 6.793189 2.919048041199879 2.6994007611064164 2.5928388731019036
45200.0 4.246669 10.717087 4.472640346270519 4.149652654100284 2.3290698418200644
45300.0 4.233003 12.600600 3.994516633160597 3.9647034115034465 2.157127398845906
45400.0 3.475943 8.889714 3.6602741259313385 3.331478501391901 2.3381085811667766
45500.0 3.394210 10.508941 3.417893280411017 3.1471071251721456 2.3054984930617985
45600.0 4.103955 11.025351 3.846299211146264 3.8296072051794035 2.1723146796243245
45700.0 3.922991 8.226827 3.8334328751049656 3.801888988196994 2.3332872502346578
45800.0 3.518267 8.883420 3.6264213648226082 3.380783581327377 1.984197499160768
45900.0 2.807513 2.918740 3.1394048420927914 2.829634120442897 2.143729611932036
46000.0 3.841894 10.519011 3.480372466246352 3.5825495302862698 2.0123471055162256
46100.0 4.172050 12.419154 4.383677520475502 4.016828059530459 2.161825402329893
46200.0 4.087457 12.873667 4.203816853365192 3.914991180967862 2.3475387263800567
46300.0 3.933012 8.925025 3.975850867699132 3.7804278312837307 2.239968581673258
46400.0 4.273345 11.428918 4.149691538361072 3.950290060505476 2.2166211661862762
46500.0 3.881902 11.390859 3.91046676212179 3.7004352657961244 2.3499735865703095
46600.0 3.860887 7.519877 3.898354626917922 3.6972151622592175 2.163204669460639
46700.0 4.839936 12.921285 4.741320819668257 4.521114586484264 2.31511987970234
46800.0 4.116897 13.271162 4.138572251484294 3.8341905438619 2.3694665013816976
46900.0 4.423927 12.499689 4.404976767111378 4.177301886214217 2.42192033093241
47000.0 4.587974 12.900704 4.56574185653921 4.306449421614207 2.45023049661684
47100.0 3.352864 7.033781 3.3824799471864955 3.182753953619649 2.184238544051033
47200.0 4.838649 11.519769 4.496051866977115 4.535266487018483 1.9854577833762193
47300.0 4.218824 12.136589 4.105243478279091 3.9744834228625154 2.121002342512232
47400.0 3.353379 8.769432 3.39422186025145 3.266593464400153 2.287080370792
47500.0 5.141365 17.059209 4.9995844085944485 4.708163890943862 2.4035509393408367
47600.0 3.972975 11.671505 4.070588947620076 3.818734310023667 1.897429120631677
47700.0 4.557659 12.296681 4.583246945142398 4.291108926841334 2.1449167640944453
47800.0 4.600469 14.099919 4.707731673996611 4.362343138080504 2.1466004768117815
47900.0 4.085178 9.319581 4.359715550344646 4.0918120591215965 2.385200935055163
48000.0 4.804883 13.675366 4.827053289754456 4.589258735139562 2.2854455030518386
48100.0 3.258843 8.644635 3.22255827457012 3.0768827052173333 2.1638095902587575
48200.0 4.349498 10.732871 4.365303486841806 4.202343432442413 2.4114237817128052
48300.0 4.676386 11.081911 4.704727187755707 4.479733743543575 2.228360103055612
48400.0 3.250907 8.003585 3.268367817016946 3.0874710534083953 2.3151432733178123
48500.0 4.300919 11.699081 4.115515225003351 4.032932330153752 2.259676995276097
48600.0 4.627364 13.736051 4.732762722251599 4.406372265019954 2.345317870407085
48700.0 4.817326 11.458672 4.751918950076031 4.558172328736 2.2242170014241003
48800.0 3.597785 8.477600 3.6219608281320768 3.4450594165356474 2.308645001664451
48900.0 4.545706 11.280607 4.57902284515112 4.4050049239544435 2.2058466347288403
49000.0 3.333975 7.567135 3.3322222835082322 3.226293793995892 2.4258437157320563
49100.0 3.179681 7.108335 3.1259859672575585 3.048003189233557 2.183925047353507
49200.0 4.286165 10.262511 4.083691971234108 3.990880179616192 2.358562092969289
49300.0 4.797692 14.238880 4.76963779846232 4.494216913620275 2.0956946558431317
49400.0 4.717988 11.393726 4.79839799040999 4.499889824299506 1.9808767648331949
49500.0 3.485168 9.452116 3.510289741540162 3.3117129094237456 2.4447095894836823
49600.0 5.197851 13.687076 5.080188014091398 4.846898785151703 2.407964430057082
49700.0 3.546182 8.625080 3.793911169625864 3.4788368534017104 2.3908521696034137
49800.0 4.695412 11.815783 4.797110000881083 4.5600325856969475 2.3206913526468163
49900.0 3.719685 9.756864 3.71960490758863 3.499376264238181 2.6230116928355782
50000.0 3.886424 10.037391 3.7458957082061057 3.6615196591116743 2.3944670405360116
50100.0 3.694916 9.238518 3.723811065832118 3.483992707791559 2.4259836058962057
50200.0 4.558117 14.056815 4.372991317410399 4.236865299314286 1.9489392407403288
50300.0 3.734009 8.350064 3.795754170674143 3.6354682084477474 2.386230405213276
50400.0 3.194930 9.335869 3.353721568310072 3.126056431376337 2.0649124536288985
50500.0 3.973658 10.948565 3.9050980241199973 3.749224410877461 2.124342246325796
50600.0 3.808624 8.638931 3.8718469304748435 3.6995903057458337 1.9582616806891988
50700.0 2.998207 4.667622 3.219363246004265 3.0058168483674144 2.499133845222977
50800.0 4.414576 11.852792 4.137331413867479 4.043124517546349 2.4161545222387075
50900.0 4.115531 9.077740 4.446989822868452 4.0668910132008635 2.12369376775353
51000.0 5.275397 14.037803 5.0889466650721245 4.928175059520406 2.2963772601790113
51100.0 4.281847 11.142573 4.370225562526176 4.167735679597025 2.2401755453647567
51200.0 3.958615 11.549746 3.712518326873137 3.58134150429155 2.2880140914129945
51300.0 3.868110 9.186906 3.765722312334912 3.6361786891408854 2.2140453025598137
51400.0 4.414569 12.795768 4.489946438359045 4.171868434206257 2.3569767284755216
51500.0 4.452091 10.941021 4.37645377534323 4.156436296942328 2.4858844472908546
51600.0 4.107510 11.469290 4.228042071254541 3.966573055854246 2.1966747098692014
51700.0 3.362448 9.364546 3.5709016995185383 3.278295986378269 2.4041397903930264
51800.0 4.122935 11.219810 3.8779625878104262 3.831417079850738 2.1975008994012484
51900.0 4.090597 11.658890 3.9123875266406998 3.775256499729293 2.3341204120870156
52000.0 4.397716 10.814761 4.433500781210169 4.277415466067774 2.3071742064186394
52100.0 4.039584 12.341431 4.093928617573559 3.7557245692388554 2.056555947874425
52200.0 4.624874 13.426469 4.753435845831671 4.427257266257999 2.2915885103239195
52300.0 5.152508 14.942192 4.987317865649965 4.792262249026575 2.2999379452218065
52400.0 4.268963 10.693090 4.3359164883205805 4.134523868500907 2.4523523711170685
52500.0 3.841724 8.603134 3.960850247759149 3.611018362897211 2.4462925074189354
52600.0 3.984714 9.911575 4.016917593892387 3.8046132621386426 2.2688734823382988
52700.0 4.570862 11.582650 4.6470106732194125 4.418943301375365 2.553369335222188
52800.0 3.286168 7.335021 3.5015230249044507 3.2661511954627964 2.4234379532779644
52900.0 3.882018 10.885773 4.244035766111192 3.8129145163460385 2.3673651469477
53000.0 3.475960 10.770925 3.509069820923238 3.2549626454508083 2.539959090114782
53100.0 3.982718 7.553452 4.133368795408754 3.8725273866873775 2.239995240666974
53200.0 3.063406 5.957533 3.2273996311533866 3.044053620449745 2.377541559842245
53300.0 2.790683 6.704566 2.950519350132246 2.7529445757447295 2.2503730562081676
53400.0 4.279844 11.280483 4.287973264159701 4.062287563149795 2.215227032483116
53500.0 4.891669 12.778412 4.816056401258946 4.55357337674254 2.331835225036778
53600.0 4.915573 15.202454 4.926798282287745 4.5473689178642065 2.416172976092669
53700.0 4.822903 15.024395 4.61328763199992 4.473798288096885 2.345958940092222
53800.0 4.036748 10.834816 4.202952993677388 3.8948227499006602 2.670812717462948
53900.0 4.039549 11.645720 3.7434569556309416 3.7241780834633134 1.9611224358123833
54000.0 5.071625 14.325965 4.90994484757674 4.6772411128495825 2.2519132328037372
54100.0 4.943450 13.499596 4.748343608887012 4.57479768734377 2.3249194039959957
54200.0 4.230591 11.519524 4.000685577843586 3.893509605154507 2.4555609438150072
54300.0 3.634083 10.150915 3.709753032637829 3.499716239841241 2.149865311304625
54400.0 3.174477 10.328471 3.36583871110195 3.1138124934650255 2.4435697819711986
54500.0 3.298744 6.754199 3.53448668787624 3.26354313608726 2.4674469128419574
54600.0 4.820449 14.326239 4.594909917237142 4.423978163607647 2.3058407953005853
54700.0 3.701724 9.434927 3.3862378865587477 3.4315884123864215 2.407750424970632
54800.0 3.942233 10.273200 4.138241447573662 3.896664543602131 2.191369666029308
54900.0 4.430860 11.184524 4.62539216906725 4.283138878734092 2.3315427781889513
55000.0 4.451994 11.539148 4.557527201644961 4.291138617573466 2.2078176196468777
55100.0 3.956263 11.664557 3.642772967718651 3.6292241201783413 2.3438792894286675
55200.0 4.113805 9.469077 3.9833527006449603 3.9297100782492596 2.562409327014062
55300.0 3.195551 8.896654 3.4293308018425614 3.132309341779386 2.4077020459688225
55400.0 3.302494 9.069459 3.3405201970618412 3.2048372694995817 2.4338260427041716
55500.0 4.359199 11.421670 4.366790493150564 4.1363679777933475 2.2038706255829785
55600.0 4.206565 10.214278 4.198311601215227 4.070388159936795 2.2931190237389223
55700.0 4.258968 11.243438 4.181374447090193 4.011441553907316 2.2244009381163403
55800.0 4.307225 10.433139 4.0840200021700825 4.058453114289211 2.229889153477038
55900.0 4.058217 9.474033 3.989266880792182 3.835682965334856 2.201656052513931
56000.0 4.412913 13.734367 4.457634132832608 4.233049113280689 2.3584885086977887
56100.0 3.932544 11.457330 4.1419347320644535 3.76937863732287 2.2669300710424762
56200.0 3.873307 11.872963 4.118256871989781 3.761059536790199 2.408761997679198
56300.0 4.536885 12.423513 4.495208233471708 4.299816901193665 2.422564793677796
56400.0 4.472941 14.016647 4.436605756396161 4.249554835341483 2.1402552172496447
56500.0 4.460632 10.365056 4.658656873383755 4.332724194763469 2.2382505896476053
56600.0 4.542769 11.831642 4.343473379929872 4.238651968963845 2.2399509065070737
56700.0 4.183729 12.850301 4.182034739918478 3.9448579767045766 2.2606948681088004
56800.0 3.577854 9.786051 3.690539291490094 3.4665093298259246 2.2977191058114608
56900.0 4.414092 12.428715 4.400428806973852 4.175542629476733 2.2197251019389226
57000.0 4.350478 13.387114 4.628446057482586 4.265548002141909 2.284933302320419
57100.0 3.909902 10.253406 3.77901287013715 3.6588114742727864 2.2769893699361274
57200.0 4.133096 10.750459 4.069522668579481 3.8900767403520082 2.308049623479457
57300.0 4.401484 13.625532 4.294948356603671 4.140699667526042 2.2559081609890024
57400.0 3.935353 11.017212 3.980268190936873 3.785487021262537 2.1857663286558777
57500.0 3.521384 11.529080 3.342752316380091 3.2763668966309587 2.5712820812963457
57600.0 4.177501 10.844928 4.298938190160174 4.021781602305139 2.1093694117730544
57700.0 4.715251 12.676152 4.4563842016384925 4.369063341803832 2.1507795307679825
57800.0 3.366494 7.062443 3.449169813284456 3.241712646963995 2.4109866570894387
57900.0 4.484353 12.249895 4.327240994433378 4.181159647260102 1.98049637330244
58000.0 5.106655 16.638892 5.106308160663499 4.754929226626347 2.271590901346903
58100.0 4.256528 11.728440 4.224765763657941 4.060779534461836 2.4624611511099137
58200.0 3.665843 9.122619 3.7717961656870616 3.6022245764278296 2.2360863496944687
58300.0 2.638080 5.854882 2.7506903753120207 2.5796607160490526 2.2270431967453086
58400.0 4.190479 12.896158 4.223521378492383 3.9589403674313934 2.1723234503317257
58500.0 3.488333 9.061208 3.777537266241909 3.4662732016301514 2.210477006973375
58600.0 4.943781 13.806505 4.7193659675350395 4.608711407962758 2.4958189968163196
58700.0 4.072454 13.899011 4.006439752046479 3.711684758349085 2.283000176792041
58800.0 4.400943 11.225521 4.307068891605968 4.193322162456472 2.2811868403650575
58900.0 4.104380 10.069951 4.05967506977048 3.941195771311905 2.3494999019010203
59000.0 3.697383 6.261965 3.8100254225319192 3.6356941580791124 2.1628744036060583
59100.0 4.053700 11.988023 4.093735390366284 3.824944605675677 2.3356467812158823
59200.0 3.749158 11.866600 3.7007010225248353 3.5052673152919502 2.2061369166933753
59300.0 5.333388 13.266102 5.09347869718516 4.998487026703817 2.4724072244560364
59400.0 3.877763 10.596282 3.681695950588594 3.679556914000105 2.2503588509118777
59500.0 3.403197 9.253423 3.7607791928808187 3.3492588419967917 2.2620272056041775
59600.0 3.863158 12.275563 3.813124179621167 3.6683030113762856 2.3126001197107966
59700.0 3.712932 11.987999 3.7597470786737333 3.5310281353733144 2.094350698200492
59800.0 3.779656 8.811602 3.8334471617273778 3.643187426937225 2.058477615670836
59900.0 3.721397 10.182538 4.048609873997997 3.695554924138968 2.2918592646639144
60000.0 3.419902 7.351384 3.5205383414632467 3.32178436595951 2.323776995748315
60100.0 4.306396 12.291008 4.525398421247327 4.172993238438186 2.4523183576660776
60200.0 2.502883 5.189555 2.539072533354862 2.438933972039102 2.2345123425857074
60300.0 3.627825 9.647411 3.9103757519324245 3.619888802362181 2.2860242855677275
60400.0 3.146109 10.421349 3.3728883629792983 3.0204826261449447 2.188904235968098
60500.0 4.442027 11.684494 4.127579362080767 4.033984268476251 2.250094594574344
60600.0 4.267400 13.443282 4.057663445080655 3.915930043542513 2.125015782324462
60700.0 4.048111 10.595378 3.9465401464092533 3.8474930998215537 2.1964846323485485
60800.0 4.110986 11.096884 4.023711364070214 3.9010136847217223 2.267032412759888
60900.0 4.560973 11.970919 4.385803548484172 4.279353274502165 2.22473909328304
61000.0 4.922188 13.750576 4.667120311448197 4.5617719414542 2.1839350316128674
61100.0 4.800636 13.256259 4.485143257057372 4.448611394726903 2.2916539381370318
61200.0 4.756983 12.974473 4.664992820197266 4.5323104458510155 2.2604846093704887
61300.0 3.960517 13.383898 3.9684514357605876 3.676745617846508 2.5718456463497916
61400.0 4.949280 14.605419 4.860439095348784 4.597316955810303 2.366931665967448
61500.0 4.858408 11.739166 4.7246603991075125 4.517818343159046 2.3978149899368875
61600.0 3.970288 9.679356 3.9967735334093732 3.850521273526366 2.373543332878653
61700.0 4.612448 14.761096 4.366397034044655 4.225395499641293 2.202169108326683
61800.0 4.647941 15.793313 4.429222428426208 4.200871349376354 2.0133494047587472
61900.0 3.809695 8.764403 3.8402288056087874 3.643496579184671 2.4246374400856037
62000.0 3.285597 7.416445 3.2626292283019245 3.1422537926394094 2.456682943345503
62100.0 4.459800 11.747763 4.3518868405477855 4.151954804796341 2.3311710125504432
62200.0 4.839258 13.941216 4.580019066292833 4.462460237527447 2.278074528927493
62300.0 3.768346 10.249135 4.043142040955415 3.6352540606124584 2.235470047610309
62400.0 3.517850 8.871491 3.386998965017658 3.285373002912492 2.1759658624517244
62500.0 3.402874 8.158619 3.8330228153689743 3.4407300419392053 2.3005683729866737
62600.0 4.240348 11.832262 4.280194771053373 4.0035278732017145 2.2672845888320783
62700.0 4.384085 11.717531 4.497226920837564 4.223644491190613 2.417824124518127
62800.0 3.535292 6.348199 3.5440815372254284 3.3792132066869605 2.1235775952533937
62900.0 4.106497 9.708624 4.327270038018585 4.0946506883518206 2.448665751692785
63000.0 4.446522 13.324533 4.344022517090185 4.122685616681548 2.123302774472089
63100.0 4.204573 11.448077 4.247335441828307 3.956357797085887 2.2409791074763126
63200.0 4.537274 13.158298 4.441319972305383 4.257836520292482 2.2868017972229464
63300.0 4.315717 8.271286 4.2614604317595965 4.1440942279116095 2.402565852001631
63400.0 3.767176 7.533763 3.985350798210973 3.6400864769539143 2.3485477054263786
63500.0 5.091545 14.439261 4.9765607924645066 4.778707197833814 2.3683666487368833
63600.0 3.509290 8.471615 3.5484369364153445 3.412920409256632 2.3481202064426374
63700.0 4.334052 12.354421 4.190629845455778 4.049349400143693 2.195581749338071
63800.0 4.138911 11.065021 3.889302345242577 3.8201254411275474 2.448467250208772
63900.0 3.329117 9.066963 3.5879421467649317 3.328766412087825 2.350910564410238
64000.0 3.855841 10.124237 4.0111387191043395 3.7681180331360724 2.1502082239771796
64100.0 4.505392 12.442701 4.070539365167738 3.9973399436118386 2.320537298801427
64200.0 3.859584 12.499707 3.673282639661416 3.5088739355027636 2.4950150320503144
64300.0 4.817536 13.619581 4.713764708576569 4.489341344204945 2.066597658540132
64400.0 4.884833 16.022665 4.726823477887121 4.42527185748158 2.068040164560075
64500.0 3.802122 13.233794 4.080566483576043 3.614289103041335 2.2187865685107266
64600.0 4.156540 13.458366 4.047254323516183 3.7694042082851853 2.0512291708937402
64700.0 5.222484 17.060093 4.842982249189033 4.7508043378090585 2.261960751731488
64800.0 4.091394 10.809848 3.9388005395715684 3.8113627517720428 2.1639061563274424
64900.0 4.582211 12.055413 4.603615623563557 4.386596641234438 2.1259085003302314
65000.0 3.849194 6.353190 3.828099226604629 3.6812269096547134 2.2989334250606386
65100.0 3.917528 7.686421 3.971747296967143 3.8354388296702697 2.1760071636641354
65200.0 3.334053 6.949270 3.5419440066055388 3.3000172733101265 2.619409743788967
65300.0 3.612842 11.284818 4.0311867848218705 3.586325580342463 2.1367004152126556
65400.0 4.516229 13.888982 4.4020710780771255 4.170348725454446 2.33278347844458
