# t rg re s3 s4 s6
100.0 3.432448 8.560284 4.529271526115655 3.6984023069869725 3.9004926011899537
200.0 2.458052 7.496904 3.9727564894419887 2.988079297380164 4.305898678718023
300.0 3.022316 8.069933 4.051302812955575 3.428274543922157 4.073397926983565
400.0 3.974556 11.467028 4.902980358431061 4.2567877587913205 4.466452486347934
500.0 3.832020 8.714441 5.005866290394414 4.306583315772179 3.6371306636918206
600.0 4.618360 14.563216 5.200393625374795 4.7121200473412 4.3293460530715935
700.0 4.423189 12.220323 5.053945751766528 4.41444937273357 4.42997125178027
800.0 2.919909 4.500458 4.260322908198956 3.2951690745598374 3.799578522997733
900.0 4.396421 12.034172 4.911793700468222 4.367616567685396 3.668265224431931
1000.0 4.523403 9.796450 5.197128578601331 4.649107501321393 3.8767557215656674
1100.0 4.345128 9.597099 4.909537659483404 4.551152905227921 3.7612101114688197
1200.0 4.549913 11.974594 5.20382440965727 4.555058141454911 4.0898667615728215
1300.0 2.907743 7.339701 3.940255286312036 3.1668319676534296 4.219146534800007
1400.0 3.086323 4.709363 4.666530670385117 3.6083554985770325 4.21050695286373
1500.0 3.491786 7.900269 4.6424155581598505 3.7807671634913067 4.5943926598726215
1600.0 3.688309 9.603301 4.851495296821071 3.9603458355934036 4.174690292867054
1700.0 4.325539 9.951630 5.290963922836345 4.562974312209557 4.2386882125951155
1800.0 3.270896 7.086188 4.194878508943186 3.5315650893598622 3.922404992417276
1900.0 4.519450 12.056520 5.461599616204468 4.8347786572634766 3.769263979602628
2000.0 4.587249 13.660080 5.714024173720725 4.8218608023257294 3.8554786608854332
2100.0 3.929698 10.125813 5.097546836430761 4.249612266948017 4.232051688809224
2200.0 3.778369 8.784017 4.651509038470284 4.061756336733085 4.448853350180859
2300.0 3.716079 10.790378 4.566654680397785 3.94704976238089 3.7852352887530976
2400.0 3.093281 8.847484 4.533702161538354 3.6205366221995865 3.5944280476139516
2500.0 3.048917 8.432316 4.612820325716127 3.5855774959146407 3.858203225338922
2600.0 3.531291 8.396061 4.79035848424729 3.9382143979768975 4.4483194010251825
2700.0 3.419312 8.720829 4.163142219938889 3.642016466659515 3.994744857352252
2800.0 3.221725 8.164466 4.284762601913002 3.4412319316933893 4.2921974321497425
2900.0 3.470054 7.819285 4.274324146962091 3.6638831416875552 3.670943331203643
3000.0 3.468752 5.605897 4.698618572460678 3.891772355141102 4.800182501376777
3100.0 3.876069 8.785365 4.666657594012533 3.9590497184141897 3.485208111183985
3200.0 4.293961 12.279515 4.84073013713546 4.388399177716835 4.32994442881964
3300.0 3.543745 7.977951 4.599572470027116 3.986885360967992 4.16602343880297
3400.0 3.555664 10.114272 4.560891366855698 3.9686654348986785 4.322348235550246
3500.0 4.149868 11.367743 5.025548409359035 4.250125701545693 4.071531492035835
3600.0 3.803671 9.388245 4.402471112973818 3.982906583178615 3.780317482893272
3700.0 2.783808 5.828962 3.8834467628598905 3.132731990756292 3.7180064382048297
3800.0 2.707247 8.530999 4.150523634757655 3.2812515367210944 4.825960083495565
3900.0 3.731729 10.452586 4.347576583414474 3.7325773272756555 3.908830486966697
4000.0 3.650190 11.622069 4.288929186070621 3.751718309056655 4.0182292219768625
4100.0 3.992953 11.981582 4.717833807366985 4.095307313507191 3.7572982570674864
4200.0 3.982381 11.370214 4.828303646933205 4.11767337549769 4.0406698852190805
4300.0 3.563974 5.979550 4.552728866484709 3.7919028892755033 3.973703975467253
4400.0 3.483644 9.807804 4.597067393573519 3.7568844942209867 4.180259142411516
4500.0 4.433829 14.320365 4.657764079926419 4.370470395258688 4.239282618665789
4600.0 4.354693 11.325939 4.936584691098191 4.312653220375686 3.6293393050024916
4700.0 4.023266 11.792094 4.88014704209694 4.161319927422923 4.871180914841097
4800.0 5.279195 14.595073 5.673307575413638 5.168454362454615 4.16413087564875
4900.0 4.409681 11.260028 4.975204383878915 4.476676702836496 4.17675625559813
5000.0 2.878792 9.240440 4.571889592814543 3.453176340545127 3.7134680465273524
5100.0 2.948938 8.285020 4.056470292718887 3.272271489508505 3.6226891672814774
5200.0 4.176405 12.230716 4.80783609962031 4.208739070309237 4.256787870610944
5300.0 3.851687 10.283321 4.483535420008955 3.849738060820721 3.713170620958678
5400.0 3.245766 8.080411 4.339390985856645 3.6746336375217346 3.9914104788099687
5500.0 3.287117 7.551023 4.087680783462132 3.498567156929545 4.184546142767467
5600.0 4.783802 13.381163 5.367635558405952 4.838977603388565 3.8808290159907157
5700.0 3.767591 11.454750 4.653416105614238 3.872620133857126 4.228704991833535
5800.0 2.866784 5.475574 4.455076333862114 3.433834443925363 4.189685174465278
5900.0 3.253285 9.339776 4.754071181008918 3.7735888949108323 3.7369361371981538
6000.0 3.250907 7.280836 4.343248697789461 3.6576309796932556 4.080860521857603
6100.0 3.711051 8.309684 5.037507763639042 4.150203398339339 3.245335904078669
6200.0 3.978663 9.757024 4.671771388498551 4.162102236408106 3.858058216206416
6300.0 3.974956 10.352762 4.359868362915921 4.071803291993055 3.7760415660012585
6400.0 3.780252 9.649818 4.521790181377451 4.0579437043619535 3.2510730791337354
6500.0 4.380148 14.578438 5.358365271918564 4.6146387027655695 3.7823558540640523
6600.0 2.746823 6.346910 4.1820893659985225 3.2393522078555907 4.265211181113734
6700.0 2.603173 7.860187 3.8706138772898857 3.030264443804955 3.6557314929532185
6800.0 4.111112 10.835962 5.077100332106051 4.279043360449103 4.530595854310098
6900.0 2.908259 9.092041 4.169950368274443 3.285116415900025 3.7269789522412036
7000.0 3.783452 9.027241 4.2942671572631355 3.8532681262661717 4.104356788896952
7100.0 3.885141 11.479951 4.0724062054293455 3.781666583126149 3.622476186653612
7200.0 3.170532 7.845993 4.239839709988646 3.5844605685609423 4.058189698026224
7300.0 3.534387 11.164600 4.568057125503691 3.8254015474520955 4.816855948464057
7400.0 4.908587 11.667645 5.275556234812884 4.850319325881367 3.8013598129136934
7500.0 4.692895 12.483352 5.5329080147687515 4.813222572527802 3.8775548442298295
7600.0 3.491871 9.170055 4.831698498993132 3.8339307071767346 4.380809785197413
7700.0 3.299292 10.073068 4.273357276864475 3.6213515925424904 3.897969381058147
7800.0 3.679150 12.284472 5.054218661553444 4.102718582697269 4.540033691866333
7900.0 3.679910 11.185452 4.445332039217506 3.8588596482320137 3.896581740899885
8000.0 2.875654 9.269216 4.000557558387271 3.2278199335151743 3.6926674777890933
8100.0 3.736964 8.287669 5.058709289961635 4.081148532854196 3.9401447151026145
8200.0 3.962759 11.850944 4.612876949695927 4.064228089966557 4.329823690601455
8300.0 3.536272 9.529405 4.669610062242921 3.839227091992143 3.8629113147014986
8400.0 4.549360 13.165488 5.525665679529682 4.750207834878055 4.115622877848585
8500.0 5.303690 15.807305 6.218605523290412 5.448888094236215 4.029511203832301
8600.0 4.105809 10.665619 5.275525272334682 4.4712251489642005 4.0950407359044
8700.0 3.639688 10.210112 4.60917759384697 3.9462766628575228 4.176179344562836
8800.0 3.181118 9.396055 4.5103117870135225 3.696909276751188 4.105692223324491
8900.0 4.047708 7.593090 4.407341172696304 4.05585987409398 3.896062063834102
9000.0 3.438510 8.312146 4.2673693396322205 3.585618644407 4.569729029137988
9100.0 3.182335 7.407196 3.998114821521071 3.3472173017457703 4.93767648745839
9200.0 2.473966 5.045934 3.6206764035615464 2.8476926320536804 4.709181514418838
9300.0 2.478987 5.944806 3.926624864596628 3.1444734934554868 4.3226546842018845
9400.0 2.848428 9.320297 4.118780885134074 3.2041408509463927 4.328211414134966
9500.0 3.031274 8.094482 4.124334924566787 3.4437587317916845 4.162188376886362
9600.0 3.722554 11.493841 4.14357491817902 3.644745763500585 4.306608781647584
9700.0 3.607839 10.397353 4.4375937604093 3.842598746757164 3.6624191031734115
9800.0 4.034811 11.713333 4.5610149226793855 4.124864200884968 4.393293387104365
9900.0 3.135768 9.446877 4.218521246943232 3.4834612372459612 4.495284449150895
10000.0 2.429905 3.921416 3.95384508107118 3.086263217930459 4.222152439762747
10100.0 2.324801 2.181941 3.8856604709876863 2.9059145212566997 3.902459634027321
10200.0 3.061913 6.588605 4.549700668464081 3.4921841355632397 4.1566469832238955
10300.0 3.711477 9.907307 4.880080045372208 4.057045034170986 4.365335664496209
10400.0 4.438835 14.352254 4.836594794343125 4.349656489514189 4.093352968633027
10500.0 3.667427 8.300851 4.115616229810777 3.65469512606481 3.860694182688304
10600.0 3.543467 8.940018 4.771983818552723 3.8998005104812776 4.339787929235739
10700.0 3.148682 7.599324 4.357508870387514 3.519981725284059 4.076901896184269
10800.0 3.184400 7.431986 4.44171458878398 3.696270709363209 3.977248983025872
10900.0 4.463798 11.780944 5.349250681012173 4.585660948380229 4.115586845536908
11000.0 3.229414 6.693274 4.147575833616037 3.4234126510170397 4.030188272724122
11100.0 4.115445 12.167873 5.114368172032581 4.499281002787594 3.9482474757222246
11200.0 3.861224 10.751287 5.016209307974959 4.190036512967122 3.9355728127972607
11300.0 2.612935 6.420223 3.725639416404102 3.0287743220531795 4.341808063067967
11400.0 4.041530 12.406581 4.735171678066492 4.13628155867698 3.758481686864452
11500.0 3.905564 10.817252 4.474098216995274 3.9539349652015385 3.46577801656369
11600.0 2.820849 3.324687 3.8344539614895425 3.046242283291686 3.791731273116955
11700.0 2.568837 4.153420 4.040857900574965 3.118938707298543 4.499127554568784
11800.0 3.586979 9.642420 4.560002859160799 3.9078268160388796 4.14489436006395
11900.0 4.667511 15.545727 5.031061416691858 4.556542495637961 3.85455186429143
12000.0 4.073202 9.218343 5.076595252192637 4.41783881015221 4.732740196664564
12100.0 3.555370 10.890280 4.477921022562422 3.782019481055406 3.8079519318404405
12200.0 4.445961 13.621560 5.3252624080274 4.652159688644201 4.116187230932843
12300.0 3.342886 11.190462 4.468627923051389 3.572626697728188 4.546831038462498
12400.0 4.728332 12.604811 5.787373586143009 5.039805805263288 4.292265018506422
12500.0 3.434110 11.175714 4.059264408879062 3.481681649513899 4.117268342216781
12600.0 3.475344 8.449070 4.779057724762021 3.879505514318795 4.360231937251461
12700.0 3.250615 5.227620 4.387643325298789 3.6619548513997953 3.920330383786062
12800.0 3.223312 4.386045 4.120245935157024 3.4836907157925827 3.995158917487703
12900.0 3.826224 8.597755 4.980853546352327 4.270082822649555 4.0169682492883885
13000.0 3.660698 8.561662 4.982205124318355 4.057223626177588 4.190598804903846
13100.0 3.178088 6.394562 4.405635611621248 3.550456597598132 3.7092806697021405
13200.0 4.076705 11.179415 4.750609650594376 4.09897428310635 3.9457601380049345
13300.0 4.717158 13.083251 5.219262126246075 4.612615275878303 3.632229400867258
13400.0 4.795222 13.155091 5.184950249831712 4.767116268054259 4.154932006278311
13500.0 4.328973 11.542252 4.83748526204357 4.400930377495213 3.9020330238478325
13600.0 3.087806 10.366413 4.407980840388735 3.5421863266920695 4.428685537271819
13700.0 3.324265 7.667289 4.245950806236635 3.605301857070169 3.739567649904954
13800.0 3.836002 7.549601 4.600662353820256 4.118827036500341 3.8198575496052527
13900.0 3.562268 9.205299 4.141838818357586 3.591728518750308 4.05042361542512
14000.0 3.303567 9.838111 4.495657579979922 3.6621609296066295 4.4510110045464994
14100.0 3.538383 10.033868 4.09834461515328 3.6434544294226097 4.0554680328858534
14200.0 4.363836 13.282705 4.7055876111077595 4.334284389416259 3.5528191220863676
14300.0 5.170388 15.871331 5.415569574436875 4.9923907188629615 4.436279806927208
14400.0 3.313870 9.900143 4.682457853765144 3.7024885829333867 3.933985736474527
14500.0 3.678950 12.741000 3.9642889625768225 3.5397166320502467 3.8320023962119127
14600.0 3.871632 8.945033 4.6135601748407105 4.11566072256041 3.7818045723945186
14700.0 4.600642 15.283333 5.1146409513412046 4.5518945492663265 4.068814962565183
14800.0 3.739124 10.750679 4.652945590719815 4.039902602074653 3.774825456393951
14900.0 4.319492 11.996362 5.060225185521512 4.410210982513679 3.6837154133872034
15000.0 4.527937 13.692096 4.313161950743785 4.24267059733477 3.7478340928257903
15100.0 3.676785 10.184517 4.532674839519808 3.8426855825071806 4.593236576919912
15200.0 4.544998 13.804696 5.047063488638643 4.490549889199064 4.260607061457077
15300.0 4.059226 10.850131 4.961474893236688 4.279295485429889 3.821697416150235
15400.0 2.870056 6.861874 4.061409728301078 3.2682012322982366 3.6666466407197706
15500.0 4.078217 11.225708 4.861784209321087 4.306643256642487 3.5320397958258196
15600.0 4.446549 11.631835 4.674707885860375 4.477802923974508 3.4273300005131864
15700.0 4.675895 14.036121 5.145841022966171 4.772798788550298 4.075678091362092
15800.0 4.306334 11.396926 4.77658502965024 4.329615677098229 4.268753255662697
15900.0 4.281740 12.359265 4.8972482668614745 4.267701633825223 4.175244190360613
16000.0 3.971259 13.683030 4.915161176707005 4.111584594811531 3.844642013161311
16100.0 4.666981 14.312866 5.099816622422127 4.6586277522809505 4.190570068934835
16200.0 3.972590 8.791802 4.950350686297095 4.201233550521363 4.282517585556233
16300.0 3.110442 5.756339 3.883461683134804 3.3994398357703552 4.151823792812896
16400.0 3.886026 7.067255 4.95954105107083 4.066391983338788 4.077415701847467
16500.0 3.032379 8.718997 4.243956541077836 3.4505741866610147 4.269277118663206
16600.0 2.871586 8.187767 4.159269036200278 3.2830120899247137 4.14117899299478
16700.0 4.108546 13.741575 5.0726449190441 4.403619615880974 4.23814243169856
16800.0 4.540887 10.134410 4.990251202707315 4.560972513030111 4.523969141950476
16900.0 3.552472 6.074001 4.6533378392320905 3.787653802051368 4.041409834132226
17000.0 3.726036 9.076638 4.901514830316129 3.9571530726377517 3.843849451431363
17100.0 2.865906 3.817623 3.9983002290525516 3.101109630767179 4.718449239131875
17200.0 2.518743 5.163158 3.4530020515980655 2.802678544755868 4.730752770799439
17300.0 2.947381 9.582591 4.120630613523706 3.26759650996106 4.328404916789423
17400.0 4.154589 11.338193 4.545566449639293 4.100620177937178 3.647267608220547
17500.0 3.996976 11.672604 4.542179732809848 4.075671188391891 4.474042273538756
17600.0 3.696705 8.770597 4.530897045106733 3.86434974491107 4.51572892930841
17700.0 4.007255 8.705145 4.62738152248865 4.049555200406316 4.130364871603146
17800.0 4.840846 13.906516 5.255137182261355 4.787994964935228 3.8028002252632893
17900.0 4.729059 13.054067 5.174044462903789 4.779326598715698 4.089987281682192
18000.0 3.542658 8.721411 4.42948495567861 3.6873779206905066 4.893947289173526
18100.0 2.762833 6.863727 4.074546595750045 3.258374123805252 4.251097928193075
18200.0 3.807702 11.304562 4.3404565297151505 3.885223936888359 4.033058515154423
18300.0 3.637016 8.827346 4.845426103801802 4.0259190383145285 3.764004445486431
18400.0 4.253436 9.182741 4.925068296900479 4.43244571868795 4.197086506034284
18500.0 4.072314 12.526947 4.8496514280082055 4.214957687421636 4.525915692715237
18600.0 3.441129 10.860174 4.740738730548653 3.868649472465449 4.277200963038465
18700.0 3.671247 11.312713 4.363080063067891 3.825087837901244 4.387242179895803
18800.0 2.494102 4.997681 3.918248418052509 3.1338784932867254 3.8735462275376182
18900.0 3.403522 9.164138 4.9028216812330365 3.8249395974663547 4.3163480152227525
19000.0 2.738314 7.222898 4.042460728271529 3.2159635967930496 4.074865308224974
19100.0 2.896643 7.613208 4.102023377427085 3.269783501444716 4.688172482787552
19200.0 2.049726 3.704621 3.641518880022944 2.723752686505005 4.096292784760573
19300.0 2.992516 7.448325 4.116842076155847 3.3832961868732907 4.0464770572926545
19400.0 4.743405 13.399743 5.171534849054082 4.811254987968118 3.7886558863929807
19500.0 4.450256 12.205197 5.19858545835433 4.595847388025239 3.94798664481023
19600.0 3.885966 10.407505 4.60460696590075 4.032990533940668 4.152581403533282
19700.0 3.885731 12.708502 4.593501756622269 4.000995574946021 3.7410486129977665
19800.0 4.654862 14.795045 5.158450640830183 4.585098259621736 3.734623663069976
19900.0 3.877719 12.024686 4.995364413955506 4.200850987881302 3.759096264086905
20000.0 3.759996 9.103090 5.22559749029158 4.241553213897015 3.7741625604963263
20100.0 4.317454 10.678043 4.869574534707821 4.501831786645135 4.029168893272075
20200.0 3.557933 8.609358 4.242340004761482 3.644575674914203 3.7230840474010893
20300.0 2.729005 4.676507 4.034221582601993 3.1876551467081495 4.795693378795535
20400.0 3.292377 10.441953 4.383909833537121 3.4980009668944616 3.7532197749698057
20500.0 3.807856 12.099907 4.223654404514133 3.847403768153712 3.912446512085249
20600.0 3.077420 8.469276 4.257884118007441 3.3976465632840527 3.942823006148788
20700.0 2.909583 6.056393 4.391864301351306 3.4672642756121137 4.1316486999799045
20800.0 3.845249 11.403726 4.643752314949362 4.098720067646999 4.365452425308149
20900.0 4.344014 14.038478 5.331572938006166 4.433079014022229 4.831602217929283
21000.0 4.734899 13.756068 5.629386115003739 4.893514645533753 4.113996580240095
21100.0 4.338458 12.965947 5.264254037090397 4.433890094627108 4.319629926585291
21200.0 3.399984 7.745103 4.312801680933013 3.6613050022892666 4.361146407684258
21300.0 3.963021 9.416045 5.032670861343866 4.204190119410134 3.8947795106701117
21400.0 4.166662 13.466591 4.852569466532663 4.289213332230055 4.07690163157253
21500.0 4.081477 10.974402 5.227113762180618 4.45737593867869 4.104906209583045
21600.0 3.860688 10.613990 4.493339131493163 3.8560852271817 4.23183993032627
21700.0 4.187655 11.052763 4.909107053720069 4.362662163058002 3.6020728724472
21800.0 3.550438 7.919663 4.584646806186265 3.93143898782648 4.0188647745945145
21900.0 3.701325 10.663758 4.354634599834268 3.789734858655656 4.778215134680666
22000.0 3.222652 8.819320 4.380995051659378 3.5489545897105974 4.165896220979614
22100.0 3.593042 10.268436 4.789291058440091 4.025730698496601 3.823497267908474
22200.0 4.678501 11.137334 4.896597907446721 4.459733767621085 3.9510259746369756
22300.0 4.539944 12.809470 5.449796271442886 4.744156410183838 3.8991021527273437
22400.0 3.092618 9.436281 4.1859364738868 3.3855658649592466 4.261079009180272
22500.0 4.157573 11.041741 5.43599731015891 4.450630961004681 3.7205380700830903
22600.0 3.204001 6.070955 4.197764468067135 3.4976858188481916 4.362290243445392
22700.0 3.579458 6.144832 4.467726744970849 3.6851218361538236 4.659622885182037
22800.0 3.607731 7.098534 4.601246987571182 3.7342247608717973 4.323040150936591
22900.0 4.221645 13.278751 5.190343339570602 4.368473740706951 4.5529651854023045
23000.0 2.606126 7.051694 3.776269424782269 3.0420215658501557 4.653709124719569
23100.0 4.626681 11.854762 5.0046093466810735 4.5930290947281005 3.6755267772993347
23200.0 3.792218 12.343628 4.6493031392945 3.906444821326461 3.6983048141046715
23300.0 3.976360 11.811680 4.818854678062995 4.18722001043434 4.144378522703124
23400.0 4.569076 10.430689 5.7151174079134925 4.889932090591121 4.424195088073844
23500.0 3.780630 11.659906 4.524013824173849 3.943273472220672 3.629475221607893
23600.0 3.039808 8.254527 4.3283023758888595 3.5294617528103003 3.7971376602151694
23700.0 3.726660 9.662070 4.428902221219609 3.855800922813655 3.985200700009614
23800.0 3.102996 7.840182 4.026679790862087 3.391672239860759 3.9908576528974753
23900.0 3.699423 10.972198 4.632259429665435 3.957514375937688 4.5159872965933685
24000.0 4.962760 13.891217 5.510750459032323 5.0089957384874895 4.022372682025721
24100.0 3.777349 11.776218 5.191302351681577 4.226788863790917 4.119774752005713
24200.0 4.109297 11.844343 5.54688286649364 4.723354678310979 3.918876372159555
24300.0 3.826916 11.133050 5.099400693926385 4.276097515588413 4.276549300530363
24400.0 4.368618 12.978784 4.832529815972007 4.231555758508421 4.210331466524106
24500.0 3.000189 7.383934 4.565565117688259 3.5901180638432755 4.357470496574825
24600.0 4.795829 11.743205 5.674130656017356 4.942142405460633 3.619814689607877
24700.0 3.814546 9.848393 4.531636815750625 3.899023588878508 3.927811442553492
24800.0 4.297023 11.008145 4.6668847464452305 4.214842519149012 3.8478467219764187
24900.0 4.323399 12.123980 4.9079662763397 4.509223108428942 3.5369242637439333
25000.0 4.166164 11.556357 4.747423466401161 4.154262152360513 4.061070199389935
25100.0 4.079932 8.533390 4.688413305378218 4.193696215492701 3.771158043390669
25200.0 4.558695 12.404169 5.502322658751692 4.80841701706221 3.495222887369525
25300.0 4.048320 8.692954 4.590963568755944 4.133980510433551 4.066049079850367
25400.0 4.448295 12.112315 5.1471214403294105 4.497695834999032 3.9216732947577695
25500.0 4.502193 10.915834 5.357967015539613 4.678216114035011 4.062409650759596
25600.0 5.338653 14.497738 5.435212534265498 5.028429067202635 4.06940575571227
25700.0 3.549345 10.388897 4.193895026743822 3.6913516498610344 4.404940185312451
25800.0 3.298057 9.283718 4.273039349150466 3.445423613054131 4.752849738222272
25900.0 3.157911 9.087447 4.546341610452959 3.700482226889879 4.356617936948969
26000.0 4.056314 13.440586 5.346949521439725 4.35467774239187 3.840277592347283
26100.0 2.680762 4.962923 4.230699105425932 3.1930401895552754 4.739824938066271
26200.0 2.406221 2.280898 3.8720456409009723 2.8379039459884425 4.798132772178433
26300.0 2.356454 3.127636 3.554356762646919 2.7824680722040824 4.231418636027761
26400.0 3.046913 4.932466 4.2323893549761555 3.506232789274482 4.383151686581894
26500.0 3.679250 9.045789 4.235584444949877 3.79943027802155 4.2913302953032355
26600.0 3.019752 4.910060 4.519675896425036 3.6240932170801576 4.648992640073566
26700.0 4.336716 12.722598 4.687865529567237 4.430071699030057 3.733669922138943
26800.0 3.254539 9.025369 4.301043998330018 3.4651510227376328 4.424297317321867
26900.0 2.892390 5.598318 4.380855615933844 3.4855174922190026 3.924150654778047
27000.0 3.579514 8.442998 4.520179958814561 3.986910626976245 3.9790313183379826
27100.0 3.959080 11.995078 4.791755149310765 4.156600895144051 3.880298312622442
27200.0 3.553982 10.020294 3.9862630924486173 3.623411688510897 4.061858492266943
27300.0 3.099104 8.904444 4.284855626900077 3.4873511039679848 4.241092958983674
27400.0 3.772265 8.782326 4.5193955004891455 3.908997487309818 4.37699084193481
27500.0 4.565823 10.957412 5.084538321283895 4.6213335691254755 4.772014982299632
27600.0 3.873439 8.385530 4.6888793590494835 4.049545261342581 4.051269306343159
27700.0 3.182842 7.017824 4.34589794413788 3.6511579574982527 4.478220485854291
27800.0 3.263307 10.119162 4.272336589048492 3.4752266830003196 3.8430983382839883
27900.0 3.876803 12.375394 4.4842520543449105 3.992435711292983 3.4845071545693846
28000.0 3.212538 6.951009 4.12345488282769 3.3482120675231517 4.248544155610981
28100.0 3.710754 8.579959 4.31723506370444 3.8658943996057653 4.315224839884247
28200.0 3.484685 9.237307 4.350094387648917 3.650413290175898 3.9044165066269487
28300.0 3.740690 9.100901 5.073307783757262 4.140810174774397 4.324154790272787
28400.0 4.418752 12.578222 5.046097666892097 4.39953820196262 3.8625198398445733
28500.0 3.878488 10.931850 4.602544864561067 3.964190084941923 4.298220735249538
28600.0 4.015615 10.816904 4.926216718954359 4.224958248375054 4.2445275921602255
28700.0 3.719449 6.184693 4.246746077746522 3.7188492266986057 3.85788092646841
28800.0 3.610973 9.819202 4.784784284513154 4.001793044105959 4.112710475513592
28900.0 3.532864 10.466657 4.582902511102857 3.943007455761774 3.8996411038998886
29000.0 3.846095 8.170907 4.428261715501871 3.914448180763178 4.299175818027725
29100.0 3.547946 9.959092 4.6289619014497365 3.8432306510040997 4.276263181097859
29200.0 2.610660 8.393954 4.172204824519 3.197549978479155 3.7601548260123674
29300.0 3.526618 10.632389 4.513365513063941 3.7494438786445365 3.8099362341516527
29400.0 2.607222 8.706095 4.136657634458862 3.16583246206423 3.9885911158901433
29500.0 3.029068 9.246433 4.198007242052265 3.4280992654233184 4.881970254386227
29600.0 3.575172 9.877300 4.292725149513076 3.7537849172896687 4.563140505042294
29700.0 4.214055 13.211507 4.86664742829069 4.292152838678165 3.6773224467031396
29800.0 4.295397 10.424383 5.056180120909308 4.429508516274433 3.858621304212108
29900.0 3.877808 12.088504 4.518443060682942 4.039441398132597 4.098871166908647
30000.0 2.656844 7.747132 3.8630365377594735 3.1493323213316424 4.1542216640563705
30100.0 2.697581 4.600991 3.855163647899198 3.1131006749883103 4.449081334670115
30200.0 3.548848 10.848866 4.588151194079838 3.7519769777042593 4.043424257791241
30300.0 4.162298 11.299984 5.0237837663267655 4.445335880121965 4.407692475047079
30400.0 4.405835 10.751095 5.239664842396921 4.561609824528998 4.259121229778864
30500.0 4.287568 13.501172 5.256119907596757 4.623134564966063 3.7920542337729968
30600.0 4.732618 12.592480 5.401585022817197 4.726815792180293 4.448608219105867
30700.0 4.705895 11.568563 5.589221116750328 4.946001473813571 3.617662943478992
30800.0 4.090666 10.804162 4.825480464791723 4.317755605081529 4.140845677004075
30900.0 4.047035 10.069854 4.762472252061931 4.186387433931647 4.06739641392593
31000.0 4.521205 11.281865 5.217627105951363 4.692650215816174 3.511726294829542
31100.0 4.606489 13.342919 5.066146953262943 4.585836821585246 4.091360575644783
31200.0 4.610372 12.181912 5.488845605856765 4.773108065803863 3.3969799030270096
31300.0 4.867655 13.990748 5.201969544837624 4.635350660338296 4.182063213294624
31400.0 4.426804 13.342078 5.623811089545856 4.819513945301389 4.107107663225384
31500.0 3.282462 8.190340 4.254917509760926 3.566541582277537 4.010322109331128
31600.0 3.718495 11.675017 4.937826560057492 4.060695020809377 4.5543533951392625
31700.0 3.399317 10.512554 4.4422143780332615 3.7407181579755093 4.204721456294502
31800.0 3.130632 8.850906 4.26962422251325 3.4315809005393474 4.428470793684761
31900.0 3.634001 7.618426 4.372712126320621 3.741090042138491 3.8003358041105315
32000.0 3.477619 9.053753 4.82201278157738 3.938304513528284 4.446701644999779
32100.0 4.189027 9.818551 4.925675342683375 4.294833824605809 4.089498932069701
32200.0 4.129935 10.299829 4.849647709198459 4.155954730411371 3.7618817109037637
32300.0 4.759286 15.154328 5.468836724729563 4.743067213962744 4.436831237376343
32400.0 4.574219 12.696614 5.241421790212889 4.597218867381337 3.704321189288358
32500.0 3.824046 10.139865 4.742353791476222 3.8614446064499623 4.170965748892406
32600.0 3.738907 11.636187 4.553497219869996 3.801611054858554 4.535694057825397
32700.0 3.650637 10.483904 4.860652693662181 3.9228844010369643 4.018888376559493
32800.0 5.109462 16.915967 5.327332492178899 4.871067800812117 4.038356854172673
32900.0 4.209309 10.809229 5.071180456133416 4.336598868472187 4.047069347358249
33000.0 3.996677 10.128387 4.575083391410967 4.055156555326124 3.9522990654835013
33100.0 4.202004 12.742346 5.311248981345102 4.456628462284147 3.916696984563374
33200.0 3.715855 10.069417 3.9943442732464596 3.6347588054460247 4.050681692621618
33300.0 3.426732 10.416908 4.7446588009357535 3.8595303043635334 4.083558758227506
33400.0 4.284500 9.947684 5.031649328126453 4.436969622132051 4.5593319699832175
33500.0 5.052423 13.251464 5.898969486903095 5.227818844415806 4.060263371272357
33600.0 3.549947 7.992874 4.072817271834428 3.522603503218892 3.9265044950257697
33700.0 3.152099 7.491647 4.292815153369211 3.5249294765230306 3.9388268517206932
33800.0 4.407562 11.979321 4.574213516155873 4.343468022310616 4.196239574118517
33900.0 4.052077 11.232100 4.615914694924094 4.123381493063199 4.042184153695389
34000.0 4.794447 11.213223 5.133999516178253 4.694611458893107 4.134378576871567
34100.0 4.543274 10.725387 4.984452133673902 4.526774247510857 3.8547655640269722
34200.0 4.503795 12.376969 5.260281344232559 4.727118537781255 3.8382241230316096
34300.0 3.251354 9.896923 4.7067149471895275 3.771628120487095 3.781110547548624
34400.0 2.972807 6.261306 4.4592128039798595 3.4871271632538536 4.5605297551037385
34500.0 3.317883 6.891730 4.339635250564934 3.7358202914225664 4.464283918250137
34600.0 3.550535 9.600985 4.6371198758568735 3.9642978973912584 4.120534138731375
34700.0 3.873088 8.247464 4.710370751735004 4.096923053825511 4.577142705003824
34800.0 3.908857 10.833763 4.994516844992835 4.271562438076451 4.042620994573114
34900.0 4.998507 14.302648 5.47638141291952 5.050658830539751 4.302140272338139
35000.0 4.536561 12.464488 5.2965968415809614 4.696671280197725 4.215237098054425
35100.0 3.867288 10.355232 4.640752724285602 4.032932130993649 4.852643091527893
35200.0 3.731414 11.982574 4.848389282604302 4.045519380945607 4.085040014517885
35300.0 3.351561 7.421854 4.367722966837969 3.638407036732348 3.7123535953619045
35400.0 2.814243 7.295994 4.191918415454236 3.3287422456431566 4.4102932749157056
35500.0 4.172681 12.659345 4.722977150932322 4.222062420841412 4.868028142174063
35600.0 4.295036 12.217299 5.321231514238829 4.499963711622655 4.357548075635269
35700.0 4.583936 11.974632 5.07035719929704 4.526378560799913 3.5850960291284504
35800.0 3.920937 8.863923 4.863874941066431 4.092201689520106 3.872966929571676
35900.0 3.356446 8.498839 4.25925595549797 3.5569611331434574 4.1628418368764954
36000.0 4.033748 13.378215 5.119287697508775 4.321834933402134 3.6496952215268395
36100.0 4.213180 11.133321 4.809701130779184 4.273738795455585 4.5579761807963495
36200.0 4.111260 11.215984 4.652388017010937 4.102106095991701 3.931644217613926
36300.0 5.174930 12.451934 5.918109680508038 5.197331900687634 3.906035561408759
36400.0 4.937094 16.750901 5.253778288268263 4.7354283945814615 3.901454359501882
36500.0 5.407417 16.152864 5.956612260545066 5.327751844441849 4.308801367991049
36600.0 2.774539 6.693183 3.8584834316334202 3.1795989869804377 4.106058988251921
36700.0 3.095281 8.068604 4.56288686254419 3.649040363088714 4.86795498912909
36800.0 3.741979 9.763520 4.977191738258031 4.118566763300582 4.5369593872531615
36900.0 4.153862 9.463503 4.617529075279062 4.222246523017388 4.5528114397256605
37000.0 4.764353 14.023526 5.464067194715843 4.852238961230502 4.495460556839436
37100.0 4.960163 14.699339 5.795215577268767 5.136329927271693 3.9037838088316947
37200.0 4.329935 13.005162 4.886258894135771 4.361000517646039 3.9518083440680605
37300.0 3.383451 10.293904 4.560011143566403 3.8266387297862976 4.381266699199823
37400.0 3.489136 9.580917 4.497360520712948 3.667865729449173 4.030518705163872
37500.0 2.733701 4.447809 3.426115080316122 2.9279738632376944 3.666698640362426
37600.0 3.903543 7.055567 4.341488176293506 3.931275749702235 4.443229587914216
37700.0 4.445588 14.132666 5.304392984744756 4.632626893088543 4.286452229010288
37800.0 4.943864 14.399229 5.609474606238487 4.9833544044235705 3.3090323723481636
37900.0 5.404691 17.036422 5.988253568451279 5.36081720433574 4.334221102429015
38000.0 4.185770 12.743348 4.877668634990403 4.274004032918466 3.9889782451776075
38100.0 4.138185 11.080971 4.8367696490265075 4.377122877861997 4.271080220097165
38200.0 4.784604 12.438713 5.3829252326176915 4.6793150439388 4.03082840705178
38300.0 3.879641 12.125378 5.039467700882434 4.102948957639971 4.073838610508726
38400.0 3.694039 10.229266 4.9095598454888485 4.079463489305851 4.1788913201641575
38500.0 3.830942 11.547484 4.7738262000714515 4.087809712393073 3.7627634496350826
38600.0 3.178782 8.037216 4.747770477938031 3.679633674341058 4.160359184885523
38700.0 3.782884 10.454758 4.590329459064471 3.9857855056438947 3.6770982045733778
38800.0 3.908503 13.300781 5.005220040467424 4.212762979155354 4.212709388422457
38900.0 3.191363 8.414860 4.220764393187739 3.4794013700862148 4.370945654086345
39000.0 3.165358 7.461817 4.391666001321823 3.5621330762517167 4.1735871940135345
39100.0 4.180621 11.772757 4.617721268806195 4.2544757574748875 3.6891445411533033
39200.0 4.440206 11.165917 4.685269347450305 4.318099147963008 4.182239714805209
39300.0 4.019784 8.978004 5.224750476911115 4.458077685060319 4.298150951392714
39400.0 2.740614 4.175945 3.960631831940631 3.163183362867128 3.929115502516759
39500.0 3.418825 7.860510 4.270450942892821 3.6420090229047446 3.884058454678524
39600.0 4.290892 12.198455 4.983133145037683 4.3559986648125655 3.781478443490982
39700.0 2.652976 7.620440 4.189666676548986 3.0924714472423362 4.706791425899463
39800.0 3.018083 6.143826 4.079241275562694 3.2981070374096224 3.9553080222151418
39900.0 2.352278 5.531504 3.6727475099306965 2.948252754204795 4.065043059250234
40000.0 2.767750 8.051265 3.739643772778953 3.1004538263490242 4.07129966485621
40100.0 3.943492 10.154648 4.780807418479724 4.106449784775959 4.010894556248628
40200.0 5.132049 16.062531 5.785391117242613 5.213728817729016 4.071423246831621
40300.0 3.922288 11.261398 4.514857287685555 3.905544084007535 4.095985545912299
40400.0 3.928073 9.240235 5.085123606235651 4.30522647355417 4.083962399346736
40500.0 4.372488 13.169200 5.43055036416645 4.60325362917888 4.296735588917457
40600.0 3.960743 12.014691 4.80782294248121 4.079832613697235 4.082461761489446
40700.0 4.356479 11.620412 4.815687786218763 4.394378941445723 4.209718226410685
40800.0 4.306104 13.366404 5.158524559722092 4.360954337246717 4.435298325618216
40900.0 4.685323 14.621705 5.199005724096446 4.59809158136558 3.888586820946666
41000.0 4.507612 12.297257 5.045524776405003 4.480184842733306 3.988888260204963
41100.0 2.953203 5.517711 3.8415427554459574 3.2113574638584086 4.01691283679687
41200.0 3.834526 9.235261 4.619158579260715 3.904942487988184 4.026338474225533
41300.0 3.761901 10.533874 4.917639269753601 4.057213897672917 4.153463210783994
41400.0 4.469528 12.993482 5.314459608424172 4.7239511837073485 4.0211600970701475
41500.0 4.135495 9.351474 4.700532811364984 4.217352352898037 3.8389049117415897
41600.0 3.968199 11.095060 4.968128646837331 4.332603737912378 3.8061050516098343
41700.0 3.910224 8.760085 4.997885366279147 4.410514293866039 3.8201000021735667
41800.0 3.700843 10.069148 4.638957014335949 3.889723590555205 4.042393496599095
41900.0 4.666604 12.719556 5.583471731328775 4.917534539426863 4.5006172345025925
42000.0 3.100219 6.603253 4.264285570215016 3.469429754395704 3.5276245477083594
42100.0 2.810279 6.043365 4.202556703713041 3.2673662001679644 4.527047617846382
42200.0 4.583331 12.153778 4.9853468528686395 4.515938502927434 3.9387320776221117
42300.0 4.898678 14.520582 5.244978099581454 4.713430706657034 3.943846492362462
42400.0 4.187666 8.974394 5.1482988036954405 4.513314384478885 3.932511889441434
42500.0 3.899685 11.631800 4.785459099749379 4.197365541477713 3.7593582556705774
42600.0 3.697247 11.410198 4.786283442608092 4.006753443890355 4.198916851000357
42700.0 3.113591 6.415974 4.305619066632247 3.495899653765212 4.503208388275085
42800.0 3.185657 9.233002 4.528465574379956 3.5554789409453273 4.351992468483796
42900.0 3.400390 5.970345 4.352006297030304 3.6897012520317722 3.965111555816919
43000.0 3.606395 6.946250 4.291920974729186 3.854950794222981 4.2779994775438395
43100.0 3.001256 8.083200 4.003393540436099 3.3680717031663154 4.3754189894003845
43200.0 3.322755 7.039331 4.478132876243007 3.609965360751923 4.680217909493284
43300.0 2.911000 7.813218 3.9563688338284035 3.240946262653763 4.639936981244045
43400.0 3.720577 10.697401 4.5980414245497965 3.9273126391254958 4.628649085252205
43500.0 3.158717 9.847273 4.43411085162434 3.597986997762911 3.92263952330342
43600.0 3.607987 6.288591 4.780671259539886 4.0554788368446335 3.9358278952655743
43700.0 2.204276 5.248076 3.912390584309456 2.835295673016531 4.448686671460238
43800.0 2.201894 5.425282 3.5616108330589347 2.7624851408158992 3.9656593580299204
43900.0 2.470333 6.673824 3.649226760963132 2.9346603179239765 3.717029881731071
44000.0 2.654506 6.900675 4.176834290221161 3.2547193678161945 3.727888998775049
44100.0 3.440508 9.780095 4.51998575873535 3.8524907497007743 4.753975549768984
44200.0 3.327361 11.456825 4.686196655598009 3.7453118134466385 3.9884440041323996
44300.0 3.535649 11.042930 4.655613601857162 3.790924932102559 4.5890284711351175
44400.0 2.891486 8.527570 3.788401751435031 3.1148920980646175 4.379427350316692
44500.0 3.087852 7.872762 4.249487846719521 3.382673846529103 4.14408496029993
44600.0 3.778243 9.952869 4.546717919307706 4.027049744450723 3.8197474835337686
44700.0 2.077863 2.860252 4.056181698286175 2.862984276257468 4.990564611235238
44800.0 2.400712 6.319397 4.219165381372786 3.0589311792195657 4.087833661318572
44900.0 3.000028 5.908894 4.521623014238417 3.5042728589581706 4.246440627916678
45000.0 3.075331 10.018007 3.854075331067563 3.2785630948864806 3.6468905440864257
45100.0 3.625145 8.253332 4.919844984358756 4.099726179227772 4.263995868980355
45200.0 2.455697 6.547001 3.9809218912628506 3.04985444680506 4.448060841828431
45300.0 2.329868 4.703314 3.6562764174098463 2.7939839536838655 3.997864869232129
45400.0 2.725422 8.538971 3.8283287237107104 3.097525872994218 3.909746340472912
45500.0 3.818998 10.651846 4.662216696372803 3.8929822555227127 4.41658587392453
45600.0 3.255153 6.944033 4.352628458534934 3.6014210658878882 4.110260274206002
45700.0 3.795919 11.591440 4.84330713790576 4.014914838181801 4.018665724261613
45800.0 3.560075 9.604181 4.597800454172312 3.8999846732383934 4.08882437646319
45900.0 3.099724 6.160804 4.031197207612378 3.384444034276914 4.283322723571641
46000.0 3.754748 12.034740 4.595078773264412 3.878010577824482 4.340291518496475
46100.0 5.039622 12.457091 5.525541281781083 5.101406740585939 4.122539162464034
46200.0 3.959512 9.491243 4.737506893756996 4.122146885585343 3.9411606784481648
46300.0 3.744231 11.514172 4.893451551119078 4.02447908645051 4.68944001906184
46400.0 3.048343 6.610213 4.061355061499759 3.4719099557565456 4.2638643125203615
46500.0 3.768273 7.404029 4.677964148787433 3.8737121634569935 4.344595885034674
46600.0 2.427637 3.870889 3.5199008650520147 2.91496307962315 4.0183803043134585
46700.0 3.745738 7.150840 4.28815957234522 3.877687127711869 3.9792950076012934
46800.0 4.343569 10.962429 4.812852030300199 4.482364072653901 3.7760865911374566
46900.0 3.281099 9.489342 4.841539966253328 3.795630471661353 4.293036153453939
47000.0 3.451014 10.083337 4.0667446609904445 3.6007179972185708 4.033141788151479
47100.0 4.062740 13.265881 4.4898175797818185 4.064167479852056 3.917310347163798
47200.0 2.856061 5.730229 4.116155423616457 3.399674204098452 3.3998146178774085
47300.0 4.066661 10.698794 4.323969491248079 4.110343215400732 3.8917239191288746
47400.0 3.157455 7.507259 4.529331122111402 3.674937915696727 4.132828476922415
47500.0 3.708440 11.450309 4.809758534103273 4.111775531912291 4.4466500570417695
47600.0 4.310132 12.723947 5.264080598512241 4.6711755823713705 3.8558782124982502
47700.0 3.939903 11.823965 4.5649465290197835 4.106199552667885 3.8764710940229152
47800.0 3.965346 9.079780 4.627775794911732 4.03649852640375 3.9821454912415204
47900.0 2.691927 7.331851 4.103598568070726 3.1571540616337894 4.007921833744117
48000.0 3.372921 8.409886 4.390999809097016 3.590067313500845 3.886257408677679
48100.0 3.369797 8.092814 4.662340912634039 3.8744724275102644 4.240950171894129
48200.0 4.184569 12.630553 5.038364161104405 4.294455416497153 3.707039546959985
48300.0 2.844153 6.253604 4.560325361659827 3.5100881468296006 4.345905511331314
48400.0 3.140938 8.521229 4.426236899586214 3.5349034441651246 4.212550494933841
48500.0 3.709942 9.839865 4.424813293119766 3.8483386951315532 3.895259349160758
48600.0 3.577809 6.680717 4.509959497774869 3.8283121369944566 4.675110196507139
48700.0 4.824205 12.901266 5.419661438440583 4.777498518734684 4.428948626154412
48800.0 4.845905 14.316507 5.590901123457657 5.036932916801083 3.8734978461325325
48900.0 4.418590 12.018134 5.204942016157427 4.614219802007709 3.8454343419354755
49000.0 4.134930 10.828112 4.867765025561544 4.161330450669882 3.992626140530798
49100.0 3.522035 8.332643 4.482287451264801 3.789396867481728 4.524501568033448
49200.0 3.344167 8.104944 4.738878168945219 3.740658986397232 3.9656391752017313
49300.0 4.247860 9.180378 5.412462127193658 4.716134210626908 4.19617489331341
49400.0 3.921034 11.064935 4.521245913669812 3.9383324611185566 3.795404298263296
49500.0 4.759056 14.868182 5.156453366481493 4.71323588905283 4.142642982483062
49600.0 4.059283 11.026919 4.774897062101432 4.243353665796446 4.068732667551744
49700.0 4.307110 11.715231 5.170296010155526 4.451054079140165 3.713528616607728
49800.0 4.513379 14.408402 5.103529271214829 4.617185325012124 4.039041556929838
49900.0 3.691133 10.250078 4.5902682314012715 4.0036188807673065 3.457500713679622
50000.0 4.562428 14.852273 5.2381863489741125 4.558071739509656 4.4182984668722245
50100.0 5.141985 15.709477 5.986069225011309 5.293657498414015 3.8419057126561653
50200.0 4.348901 12.288933 5.59726699348265 4.752638214269113 4.336360974061014
50300.0 5.150225 14.833054 5.5530811269777285 5.172600902531961 3.8588502152069712
50400.0 2.450470 6.436188 3.8238421505580664 3.037506308072044 4.0285080015716
50500.0 3.253960 11.633718 4.667591255578424 3.6209146717427028 4.526044518404146
50600.0 3.481611 11.110365 4.902764054463555 3.976253365915606 3.8508694345771497
50700.0 4.352878 13.308220 5.117000138354669 4.54489238468699 3.8132818510984263
50800.0 4.229685 11.707073 5.08671758026481 4.324061547858133 4.734784838142275
50900.0 4.939518 13.461462 5.534748966677496 5.04350385828624 3.7787556099776425
51000.0 4.696858 13.194370 5.420198977554818 4.882543165200161 3.607604568622644
51100.0 3.527603 10.825772 4.724633791753509 3.793836545619265 4.666112534839018
51200.0 4.335453 8.789858 4.674848365076343 4.355958179358117 3.414104690724421
51300.0 3.956752 13.095073 4.62438588776412 4.08318411437467 4.108431180300913
51400.0 3.848585 10.624966 4.731210174066367 3.9150802349160854 4.29957137673853
51500.0 3.450043 8.000760 4.132386754443437 3.686844885729503 4.223564744780704
51600.0 3.655780 10.240468 4.795984941867423 3.964659346316056 4.450471895948686
51700.0 3.770576 10.594700 4.26869364538327 3.8430998945040034 4.328784705260983
51800.0 2.908120 9.285183 3.970147184300995 3.267886048217141 4.5076121693832585
51900.0 2.751873 9.621873 4.3168992323002815 3.259173109677249 4.419219835486677
52000.0 3.196521 6.281849 4.637392624017281 3.7568836063054696 4.198595257305937
52100.0 2.745985 7.457672 4.1738125380743 3.28691171550871 3.7966633930799594
52200.0 2.224168 4.845963 4.13488725932997 2.984927943148401 4.011631156046289
52300.0 3.317062 9.370359 4.43617190471042 3.6190943347243913 3.581871428420652
52400.0 2.972340 9.263975 4.304115315015892 3.4023380082163976 4.59357274126331
52500.0 6.111432 20.511598 6.372963518137587 5.920819423627777 4.035763687468501
52600.0 3.764874 9.702657 4.830077182530881 4.099756112676073 4.389550596501208
52700.0 2.396052 4.091238 4.0985281754519125 3.0891665369132943 3.971448852396387
52800.0 2.852491 8.178595 4.051984817820407 3.2131239719627414 4.268154425072358
52900.0 3.186451 7.128023 4.261457436202148 3.569840798679267 4.0564892753212485
53000.0 3.018497 10.079280 4.29092730494615 3.4635395313737343 3.6141054122093594
53100.0 3.762522 8.569210 4.746586171477803 4.067953575529728 4.176278966257496
53200.0 2.941051 4.289621 4.342608581610969 3.5189379660140876 3.520632484646616
53300.0 4.014931 11.263291 4.726331387612193 4.050032440019152 4.320993583072307
53400.0 3.287680 7.023259 4.482532533406446 3.6462518595480065 3.891853909794496
53500.0 4.839379 11.877670 4.935955378025814 4.621845380906325 4.319527865113259
53600.0 4.109217 10.218520 4.878908185631787 4.242976611386428 3.843141272697032
53700.0 3.698123 8.765520 4.830757399692695 4.027990462967474 3.842606136486671
53800.0 3.955981 8.945936 5.028866860951111 4.301759803451053 4.191523327424316
53900.0 3.663630 8.237624 4.630336521876936 3.9676538869640603 4.097774828185466
54000.0 3.234861 10.442777 4.591971476769358 3.679023592516503 3.815107710125012
54100.0 3.389855 8.498123 4.331648600237761 3.5947961528475108 4.449626051035248
54200.0 3.571820 11.157119 4.761823826637468 3.818284245584219 3.883403209842926
54300.0 3.807961 8.118721 4.833282670086193 4.089049465299825 4.037130132386833
54400.0 3.629112 11.274826 4.791917768046416 4.042634281159603 4.301564353940205
54500.0 3.773966 10.856273 4.643473106039689 3.939657831299189 4.305817375216615
54600.0 3.417836 8.889180 4.378638541920144 3.633764316137484 4.392639991568164
54700.0 2.939931 8.599965 4.374234183458496 3.47524224474302 4.742296763056688
54800.0 2.480259 7.613032 4.101586154090095 3.1466842276895903 4.473680567897479
54900.0 3.363614 8.191887 4.571355535591967 3.775950550059084 4.074958034632028
55000.0 3.121108 9.458501 3.992214489196715 3.459855933855884 3.9127610445565617
55100.0 4.000341 13.278062 5.136190506094634 4.244629026394346 3.9804530976865893
55200.0 3.149534 9.422698 4.172076617747108 3.3996402835904997 3.731584660794333
55300.0 3.927475 11.227852 4.291994530889161 4.017776641248456 3.7797882542005414
55400.0 3.994356 11.900278 4.52695321960563 4.088246664006693 4.256204145854308
55500.0 4.933105 15.653910 5.591336083560518 4.898066656998881 4.091733939336386
55600.0 4.230525 9.657036 4.823519770894176 4.381374674392715 4.354693812180201
55700.0 5.344828 14.920571 5.651263182336725 5.28428697379213 3.6928291997019644
55800.0 4.536991 13.944286 5.40980180725791 4.8050990370116216 3.8343585068818644
55900.0 4.639849 13.619060 5.4572585112296395 4.728934837575959 3.6523720866587395
56000.0 3.986554 10.436414 4.355057701030727 3.9986551059539814 3.452231974175189
56100.0 4.002253 11.070512 4.952714188990906 4.211616359696699 4.71766103212044
56200.0 3.835469 8.355156 4.978138252548523 4.096723885865417 4.3222490517777725
56300.0 3.634101 8.223496 4.5797462503563855 4.005799768205919 3.9667999261457596
56400.0 2.738065 6.124510 4.022400308694016 3.2371578842554474 4.192972062959922
56500.0 3.304907 10.045728 3.9039850774695353 3.4533023465929773 4.64168203838685
56600.0 3.076667 9.950991 3.898389997385066 3.3670278361298314 3.999238086445637
56700.0 3.487365 9.607437 4.26641452847217 3.7306495139306475 3.7234235239931084
56800.0 3.509674 7.252347 4.719166951768202 3.9154959089910935 4.061981461346307
56900.0 3.302517 6.755258 4.45235330927206 3.6628209786656014 4.276373742512002
57000.0 3.565461 8.945825 4.6777294064693775 3.9523002391603947 4.717299818994079
57100.0 5.395957 15.102271 6.121109040944382 5.414771721685321 3.6974647144626247
57200.0 4.924131 13.017544 5.937439992656222 5.056027078581481 4.3145626022886505
57300.0 4.034252 9.504441 4.79135767127068 4.209840575564587 3.521503960213225
57400.0 3.416274 8.669754 4.395182081306544 3.7413742924344793 3.806443657511909
57500.0 3.705736 10.541873 4.715079193612435 4.026048902292116 3.703911184856954
57600.0 3.037484 8.029346 4.376062428146045 3.401442261345068 5.056535668090523
57700.0 3.474350 10.390586 4.026315238180928 3.482855974879111 3.6537134494915913
57800.0 5.162344 16.959530 5.911015927815379 5.212162977492607 4.518097862818089
57900.0 3.941984 11.321321 5.24781366741841 4.421962069051377 4.284607190752644
58000.0 4.655461 11.636405 5.303243498120127 4.641687294093228 4.276259742013854
58100.0 4.982270 14.139382 5.580494615671688 5.035911814522299 3.714974677749289
58200.0 3.479012 11.219682 4.6604084136608295 3.8559693675305824 3.6672592106016437
58300.0 4.388918 11.166734 4.820854679479508 4.4047436057070275 4.404135238541005
58400.0 4.183865 12.899113 4.899606928610179 4.306786544201872 4.236304331586123
58500.0 5.224937 13.834211 5.847191015272122 5.234372043025626 4.159573010881499
58600.0 2.837564 7.055209 3.881467841831034 3.1615513704450215 3.912173460637202
58700.0 3.462068 10.087778 4.581226661988758 3.8024091116931666 4.119143676036236
58800.0 4.210405 11.133177 5.183927110522396 4.5302833066872275 4.0212156299623745
58900.0 4.215467 13.089346 5.0898336746601425 4.4830574593304275 4.1855106708107455
59000.0 3.755728 7.172057 5.049112630525097 4.156029513646932 4.608900299535581
59100.0 2.567534 2.721825 3.9467953091807253 3.103023984406799 3.752308853025639
59200.0 3.014065 8.907801 4.339102218761254 3.528973506575479 3.8619588553124986
59300.0 2.870117 8.109364 4.094955109833512 3.222221645545484 3.5606439912541017
59400.0 3.104820 8.488635 4.322157138847457 3.556879117297289 4.333434527670686
59500.0 4.910425 13.930934 5.355621690409402 4.9250323788569395 3.902285476049966
59600.0 3.795506 9.787187 4.27880566436325 3.888406361432718 4.168950900957159
59700.0 3.109142 5.702372 3.9024913888936594 3.2728120918848735 4.010559096248147
59800.0 3.171280 6.298464 3.992745130567623 3.369113431286306 4.041220502725008
59900.0 2.645134 7.133065 3.9794219271119835 3.0447094067701 4.291409963067829
60000.0 2.721871 6.198566 4.120856202219191 3.11291493099031 4.230192205783578
60100.0 2.433504 5.946517 3.64175289209374 2.802269330228862 5.171240519102391
60200.0 2.614787 5.155272 3.5646951920273113 2.8885301928471856 4.281294987591884
60300.0 2.712272 5.052000 3.7076691425427084 2.9680000615176887 4.909944356420138
60400.0 3.112613 6.687432 3.952130706329502 3.56097460010896 3.4014843815796323
60500.0 2.578892 5.826225 3.852048034309033 3.0206121259290053 3.9594704838404313
60600.0 2.635634 5.585401 4.039159118716922 3.1911437111911405 4.147538168539023
60700.0 3.954322 11.450954 5.0318059031979825 4.274175490228974 4.267900918257028
60800.0 3.782758 9.859435 4.986997643077128 4.1747336781488436 4.078908400665472
60900.0 3.957642 13.322908 4.914063694532512 4.171203821643541 3.6638416937236604
61000.0 4.038801 12.040872 5.2563502592695315 4.394491178038504 4.169967824394124
61100.0 3.450978 6.117753 4.523552092371866 3.656411279315118 4.28636538197918
61200.0 4.182259 10.661839 5.0534601874418055 4.370574603362546 3.7049091113322503
61300.0 2.805908 6.390280 4.317842208061573 3.287660324364543 3.995678712425586
61400.0 4.095335 11.272499 5.231952092585195 4.4658446832326675 4.28560317880055
61500.0 4.331266 14.696349 5.200708019164772 4.536286635117665 3.699026792405477
61600.0 3.486062 7.476745 4.6482001678817975 3.9564401350278797 4.0230301016152605
61700.0 3.837446 9.601969 4.943322475233773 4.163256236785317 4.066082491332772
61800.0 3.608414 10.178945 4.445651806104829 3.8305079872345345 4.306555730465081
61900.0 4.420433 12.270413 4.730226582994487 4.304661419885863 4.440584816133696
62000.0 3.711932 10.303085 4.4402014548117625 3.791309257613944 4.659011713376173
62100.0 3.881367 10.108009 5.025956691203422 4.040264140853126 4.379842625659294
62200.0 4.328485 11.922628 5.213274400445263 4.5739497201101615 4.144202494737916
62300.0 4.061332 12.518640 5.0451558123227525 4.244674592579859 4.684864138978207
62400.0 4.210273 11.177473 5.0545972828762675 4.283433022296651 3.943487011545412
62500.0 4.431722 11.538382 4.977693879523959 4.534258219721609 4.073565448385444
62600.0 4.066832 7.661180 4.563007707109515 4.194642924412842 3.640871240771784
62700.0 4.302492 9.839135 5.0639113913945435 4.538346167403869 3.6909665151075406
62800.0 3.879570 9.018573 4.507921639221616 4.035046963714817 4.0182322924498335
62900.0 4.102364 12.689289 4.594388457688968 4.223699907110641 3.42553217085142
63000.0 4.323440 12.581806 4.808343313153884 4.286381994876612 4.227562978394014
63100.0 4.078309 12.534051 4.7776147832065305 4.2477467009580625 4.213894332877316
63200.0 4.327465 11.421941 5.024181419058173 4.368903275031231 4.171852984671251
63300.0 4.412129 12.843270 5.059961032032709 4.469306173343335 4.211500840055935
63400.0 3.810520 12.484206 4.498344460169297 3.936420172459989 3.6115445547192127
63500.0 4.504204 14.427663 5.414246666386585 4.652607823092857 4.316194737852112
63600.0 3.989565 9.876446 4.807102484362167 4.200612595459304 4.235499903229914
63700.0 3.740948 9.618928 4.295768530205088 3.8987815123571905 3.604070553123274
63800.0 2.245373 6.203155 3.637600185197282 2.7975348666409428 4.0687761822640445
63900.0 2.869213 6.560946 4.120864960405305 3.1178601888955835 4.797976545681617
64000.0 3.084404 6.801098 4.309373660166992 3.5859092048974497 4.437064612060528
64100.0 3.803832 11.734120 4.598441415688393 3.9789201758842467 3.907153534629437
64200.0 3.233373 6.550207 4.507024587513686 3.715072103193804 4.26054368953263
64300.0 5.257614 15.130494 6.380858892789288 5.6516507402114 3.710275392117171
64400.0 3.637286 11.648520 5.078744070678222 4.141361838230377 4.647967972870677
64500.0 3.936569 10.075131 4.660969479596935 4.184590665079726 4.620652901787908
64600.0 3.214812 8.617649 4.300593198543011 3.6189105733076046 3.79828879204014
64700.0 4.876662 14.588147 5.37429937108631 4.856725202571284 3.8784500814855307
64800.0 3.382408 8.926376 4.568801373439629 3.7131249023594273 3.835433386309949
64900.0 3.778727 12.094693 4.61614097973735 3.9658604181725896 4.156721498900878
65000.0 2.878566 8.053662 4.347383827791837 3.381111436577731 4.517655344165751
65100.0 2.893935 8.137970 4.128422126656442 3.2913767612222915 4.874797471603969
65200.0 4.456789 13.259227 5.082046031350124 4.55558019023711 4.007915619265308
65300.0 3.244729 7.075834 4.231044591503937 3.685027902743388 3.4638158262903405
65400.0 2.663450 6.827221 4.088877246688676 3.218450464578674 3.962004341098911
65500.0 2.968998 8.125303 4.146229952115543 3.342288176062817 4.102062695088642
65600.0 3.354158 9.008488 4.089046963311333 3.5903354251611304 3.6203519962155855
65700.0 3.885925 10.499806 5.099727142865775 4.221092929783402 3.9459645704728086
65800.0 3.975566 10.222065 5.066193393624737 4.208535196705419 4.011193893595344
65900.0 4.172013 12.595907 4.4882878000196 4.044271609218038 4.307600639441926
66000.0 4.587091 14.138174 4.8599234737095465 4.379418285551284 3.9858481651953466
66100.0 3.165381 7.165474 4.163871333428249 3.3969243152749735 4.836901127234168
66200.0 2.729798 6.882262 4.019933246303506 3.1897788623956695 4.05912140147681
66300.0 2.247617 5.392376 3.7803157336548328 2.7052573897217975 4.642726503739717
66400.0 2.005263 6.341745 3.7635659059880857 2.7735236741812823 3.97453780157269
66500.0 2.293378 3.710290 3.9025687154679813 2.946692034515138 4.776983697949591
66600.0 2.863801 6.249163 4.060918574464347 3.168361024381117 4.340336364553374
66700.0 3.669060 5.861680 4.365508395137409 3.8052276743871483 4.1767531018374
66800.0 2.794279 6.259805 3.95935704128453 3.170990544710768 4.163117640957739
66900.0 2.945029 5.356168 4.082471729985884 3.3944299227012578 3.9255841579691944
67000.0 4.548736 13.570884 4.7355672276218455 4.426699770269879 3.9162976920531576
67100.0 5.174599 16.107419 5.554881816230013 4.977794054173923 4.405443661914213
67200.0 3.784837 10.656442 4.41814653498212 3.828278379605689 4.007043422981787
67300.0 3.052420 7.525518 4.015154003715916 3.328466390442159 4.239787049627538
67400.0 4.251628 9.007393 4.97826575233235 4.379414447309303 4.392978885035772
67500.0 4.040380 10.952332 5.361815132609326 4.48121245819171 4.504851278070654
67600.0 4.180458 13.765196 4.997117488705562 4.271401865462853 3.5420677578851945
67700.0 4.342323 11.898517 4.9744094153553355 4.389415382976377 4.045471836703369
67800.0 3.317538 9.294714 4.411790360390713 3.6668228885913647 4.2708586556247985
67900.0 3.067181 8.694820 4.170744237126041 3.401154101515244 4.353735103594774
68000.0 4.153016 13.360578 4.823703566142181 4.285614607243092 4.191494113992916
68100.0 2.739001 7.359330 4.120460384103463 3.2950150281482626 4.581815915495247
68200.0 3.110868 9.076940 4.675652251609054 3.601367528210408 4.1921928183857675
68300.0 3.476800 8.794514 4.129746895422295 3.5708511538317675 4.290891892305556
68400.0 4.064362 10.865053 4.359302325970386 3.985851510685879 4.110855415957564
68500.0 4.342368 11.878039 5.271634108102336 4.5554813337488165 3.7358388294884497
68600.0 4.464824 11.190341 5.24732548504312 4.677806305118472 4.1145135188353565
68700.0 4.622448 12.294298 4.906570118135357 4.605085186127465 4.1109435638893554
68800.0 3.725328 10.572321 4.289842564878411 3.791193910361955 3.8691241092910644
68900.0 3.747727 10.070215 4.851759619600848 4.046315657830432 4.398506233739065
69000.0 2.826211 5.581426 3.92148198265402 3.172203342377815 3.860493254035385
69100.0 3.091341 8.749699 4.14413485301569 3.4544691057583328 4.010303900466215
69200.0 2.909048 6.652659 4.1407038485310235 3.2683144181725807 4.005180442644366
69300.0 4.383858 9.877571 4.509649609181968 4.212417280592142 4.058115330829257
69400.0 3.814143 9.141329 4.2428326113440855 3.9252942405293294 4.444445615701449
69500.0 3.464107 10.984571 4.540935485624439 3.714023807504182 3.967601765899985
69600.0 3.878391 11.464147 4.840929735804472 4.206468362726404 4.317509590929406
69700.0 4.495307 13.842839 5.143473202171153 4.44092610314929 4.220110858436088
69800.0 3.066420 5.424124 3.9886877046604785 3.3024108810901764 4.5635107681338125
69900.0 2.635365 4.961368 3.9430582091910145 3.12032346649988 4.4975858319097854
70000.0 2.761662 5.487930 4.065972770658578 3.264484992083117 3.851639665106104
70100.0 4.109196 10.909491 4.949810858662034 4.396167346906948 4.1820574051993455
70200.0 4.082869 11.892881 5.154069109295265 4.361595858661264 3.8311030538722854
70300.0 3.960922 9.942762 5.133860916820568 4.268765936842259 4.511618795275617
70400.0 5.105377 16.279191 5.262223651033414 4.898272528477246 4.105261300895191
70500.0 4.063699 12.409861 5.06841359212569 4.341176289971713 4.41253643746913
70600.0 4.750545 14.517672 5.354202225611774 4.764818162025229 4.3328847031366875
70700.0 3.866553 9.541329 4.628008181295494 4.085014606255024 3.861989479969673
70800.0 2.999226 6.662214 4.189363069153853 3.34138364098395 4.1273492392712345
70900.0 5.131086 13.313203 5.492541137070442 4.9810035921347815 4.217517292552885
71000.0 3.214359 5.949884 4.51476970248928 3.6726769854003076 3.8418400710152505
71100.0 3.759583 9.619988 4.690243390153212 4.08827430838763 4.113243889603002
71200.0 4.838153 12.925800 5.454790430099353 4.819269520947479 4.202657906489106
71300.0 4.651034 13.198271 5.662190344239332 5.078505164200853 4.124614116427321
71400.0 4.281266 12.648102 5.053691016601713 4.516840234543726 3.5650678593051195
71500.0 5.253519 16.111871 6.336966056429293 5.358479833714843 4.575846252284455
71600.0 4.288206 11.279899 4.5512666830957285 4.089631591887216 3.9832143668335647
71700.0 3.749075 8.775065 4.010654281756665 3.6660262647853057 4.288136417366433
71800.0 4.058087 11.455240 4.7832250903792515 4.1051987737656 4.026746840947376
71900.0 3.046684 8.320745 4.190178329380749 3.3812384764385017 4.092596445744774
72000.0 2.833000 6.432662 4.218293503114933 3.4885847436523254 3.8084988269738753
72100.0 3.418188 7.664741 4.615038346478446 3.8171210600447454 4.461894071063378
72200.0 3.368378 8.974950 4.618862816149931 3.6956763903651804 4.093139339868445
72300.0 4.869909 13.630530 5.698506997686635 4.998362273398942 4.267219760374899
72400.0 3.935388 11.826837 4.428097757199656 3.956677515306546 4.141803960979874
72500.0 3.976040 11.448923 5.006343799689922 4.114150269623276 4.809766422387794
72600.0 2.973637 7.462580 4.281292749133716 3.3686279977706346 4.1650489354955225
72700.0 3.557074 8.367208 4.120336602046619 3.703720441704964 3.9089423333235374
72800.0 3.688649 7.650334 4.630747671602823 3.835560506559622 4.091645825890963
72900.0 3.897698 9.925575 4.655550475708002 3.99541287347846 4.097193909675088
73000.0 2.778921 8.358342 3.6247631258523008 3.075116675811389 4.13329749057844
73100.0 2.846636 8.969676 4.222623170811286 3.3332191139850926 4.5920481531724135
73200.0 3.619521 12.253462 4.065265830720317 3.7138434411868007 3.4628524117902675
73300.0 3.456749 8.991489 5.122910104096494 4.059996790113597 4.392276738784105
73400.0 3.648324 10.354848 4.722868113032857 3.8990830181020675 3.6811842397964822
73500.0 2.161655 4.805272 3.760648486022907 2.764436057410041 4.559402758408927
73600.0 2.316189 6.309687 3.879185489221446 2.9598381044629862 4.553187069388395
73700.0 3.166182 8.953810 4.252123624481747 3.4445637565543836 3.5833840232331675
73800.0 2.722693 7.077946 3.9908671337762396 3.1652504775435624 3.9859114021324182
73900.0 4.295729 11.210835 4.998035134264185 4.352935092595731 4.491550927787641
74000.0 4.146310 11.705116 5.202716788306605 4.336660626689291 4.3029938176868425
74100.0 3.346501 11.634640 4.475323996246955 3.6231360281718437 4.434285170110381
74200.0 4.279583 12.529277 4.996066791768309 4.375725729290618 4.206931342063929
74300.0 4.286990 9.918655 4.617417058791474 4.213230865114668 4.132308079669586
74400.0 3.250167 9.093791 4.426723175550702 3.635259905772652 4.163650358913017
74500.0 4.783540 13.339944 4.955994436785458 4.599232994616086 4.119254517024495
74600.0 3.555580 6.847951 4.72180228707147 3.7985780036365817 4.441160225072829
74700.0 3.970147 10.972569 4.8572914873500626 4.222006694741763 4.014130654354092
74800.0 3.914353 8.244381 4.6964966660905185 4.156263123519861 3.9113589416105574
74900.0 5.076563 13.740963 5.9281235789821425 5.2587437566343915 4.045601542330131
75000.0 5.617895 16.402364 5.985455046695626 5.586972215463524 4.2773106961917104
75100.0 3.495450 8.846829 4.338113165374098 3.7583881312087084 4.249091748010864
75200.0 2.603085 4.966177 4.14828132687874 3.2000401579724427 4.22178301908817
75300.0 2.797008 5.796323 4.098630987004284 3.1862235228756313 3.816863687033216
75400.0 3.042267 6.871869 4.253620098816739 3.3586544113331236 4.166525456821457
75500.0 3.822321 10.650012 4.435432108295522 3.9045068711989104 3.663112899661812
75600.0 2.274950 7.601385 3.6810563292897824 2.8025659425077913 4.5232895705356615
75700.0 2.859060 7.274094 4.4409783725715855 3.4712888984076753 4.4903739651545305
75800.0 3.503638 8.381608 4.735526140259033 3.910672467381528 4.180812803350717
75900.0 3.262564 6.850371 4.268908882880886 3.5774686671425027 4.190262513636074
76000.0 3.924521 8.998374 4.473471997535785 4.017476014008129 4.077543467018341
76100.0 3.812471 9.941782 4.444595903734124 3.861542043966854 3.7601513866300382
76200.0 3.494669 10.694635 4.441834816245306 3.764651043335348 4.143967465403092
76300.0 3.499163 11.143643 4.24708559911767 3.623781693455409 4.666068830802605
76400.0 4.242800 14.520876 5.3680799239570645 4.506326169071299 4.188843174922273
76500.0 4.262436 13.033228 4.531147974968466 4.278879893684812 4.174588785784466
76600.0 4.363442 14.232750 5.123675843882167 4.397586898691865 3.630929146870931
76700.0 3.829078 11.145245 4.647788458395856 4.158696457667837 4.24545608393906
76800.0 3.956480 10.217783 4.838879704139401 4.285562378076992 3.866870984996448
76900.0 3.980346 12.510220 4.795213656730976 4.19010396014202 4.177586001362874
77000.0 4.273395 10.637652 5.154931923942558 4.556697411416637 3.6656211567731036
77100.0 3.257162 6.565536 4.416542825380638 3.6781005057185037 4.3618048692725315
77200.0 3.427224 6.229226 4.604119008801994 3.82487260444168 4.479550198551141
77300.0 3.553413 8.560828 4.239546813766027 3.725921706898453 3.7194899524339826
77400.0 3.577528 11.299684 4.697152829128215 3.9534209727819567 4.010748567377953
77500.0 3.375996 7.936613 4.462233216630689 3.761502574990776 4.22406948963772
77600.0 2.449425 5.626302 4.166437820245688 3.110408970807988 4.194358655017117
77700.0 4.068675 7.459594 5.222400378358495 4.530441035688518 3.863745181832465
77800.0 4.365589 12.402252 5.417464285960589 4.659361722945917 3.998584217526741
77900.0 3.876556 12.665390 4.96025097846265 4.268664209440034 4.690650478570926
78000.0 4.444705 13.830351 5.468711505177543 4.768248571825739 3.621844278892752
78100.0 4.458974 12.774484 5.203434895797045 4.693731306293093 4.453002906587936
78200.0 4.164420 11.512989 4.542408697788656 4.124308039519596 4.696199681156518
78300.0 5.234042 14.765347 5.706381755437094 5.102943816520753 4.2201206174681225
78400.0 4.234145 13.198326 4.969435934928299 4.3774086321619325 4.12034117786969
78500.0 3.390628 9.594002 4.577248427637146 3.6991269323085936 4.861596168748202
78600.0 5.159320 15.419052 5.128864033965415 4.954723658145948 3.618749803055165
78700.0 3.459713 11.611927 4.498977141638119 3.6988831170674077 3.823375976671083
78800.0 2.917781 8.478276 4.2517034491822265 3.3624595543420868 4.152737763701216
78900.0 2.847813 5.266530 3.4764792074853776 3.049682824437884 4.061537997205371
79000.0 3.353457 8.676466 4.258741107654676 3.7289624484078616 4.015401485794353
79100.0 3.090973 4.689683 3.9119592117936115 3.4187413605799573 3.620360140391216
79200.0 3.256365 9.278227 4.540719337463366 3.647553226085181 3.444705090321489
79300.0 3.750985 10.873201 4.8037351893022295 3.995882314965433 4.07089227139576
79400.0 4.548407 11.401889 5.35675696274467 4.733981111627888 4.208610120946741
79500.0 3.033797 6.337345 4.1471909320538325 3.485426905425233 4.222800745231919
79600.0 3.136303 6.929359 4.077008329877943 3.2899550118117387 4.522162440782653
79700.0 2.210234 5.041295 3.6494785152308857 2.7661790793061467 4.447062970969611
79800.0 2.531888 6.383554 4.051911509843536 3.1747652813537104 3.6152984268563344
79900.0 3.112729 7.369013 4.149757769467062 3.454460901421064 3.7372406095908017
80000.0 3.849407 10.402472 4.23061810014673 3.8649762860283774 4.255416254022423
80100.0 3.489431 8.832717 4.858032226164282 4.100362174459247 4.471805766314339
80200.0 3.762834 10.002639 4.897521007005142 4.195749521634586 3.802019959136433
80300.0 3.700264 8.735553 4.386533244890497 3.8055846236836763 3.855745672421698
80400.0 3.515992 11.353120 4.886447400174832 3.8983202892225717 4.706882393908831
80500.0 3.185397 7.842533 4.431737493432054 3.5895780108053206 4.157182509066813
80600.0 3.117819 8.343402 4.561113953960506 3.4814229062451556 4.1842416017281145
80700.0 3.504901 9.374270 4.536716590627339 3.792717851306118 4.308503092554205
80800.0 2.723057 4.626649 4.4859161730254415 3.4325881457726677 4.029710895281871
80900.0 4.095156 9.276150 4.980071552141106 4.400124037564454 4.190829247807436
81000.0 5.317478 16.306387 6.2091660131971915 5.373413742602998 4.132293216275897
81100.0 4.244787 12.667863 5.253949877236403 4.542370809993988 4.214473835362937
81200.0 4.763337 13.003824 5.022594058137617 4.745162385923092 4.40146047576893
81300.0 3.625545 10.694288 4.825879227168188 3.900941256341455 4.033244391173322
81400.0 4.416620 11.423466 4.654411114001951 4.2997970235877245 3.8711169444363613
81500.0 4.760207 14.059597 5.521911215829019 4.901036633918691 4.207354356864234
81600.0 3.395293 11.648142 4.177179301155542 3.550330753824929 3.291498244399497
81700.0 4.148451 8.980171 5.318019645459982 4.330650525403433 3.7657629910833674
81800.0 2.933155 2.770373 4.232636151090293 3.3434765951256096 4.600172426862765
81900.0 3.198747 5.745986 4.276174806715175 3.560667374050867 4.051392043132444
82000.0 3.108451 8.280365 3.785819704024007 3.23662664358589 4.01696325456896
82100.0 3.417748 10.175979 4.433785990600002 3.7673035957561254 4.316203902296297
82200.0 3.480878 11.483974 4.371815286073546 3.685614486493356 4.266167244117704
82300.0 4.679837 15.847234 4.9539782653663185 4.5127836167847075 4.267587687521514
82400.0 3.641024 8.901611 4.707809407685566 3.9688927458236347 3.6390405352487383
82500.0 3.050531 7.099967 4.124113078135137 3.338589975894559 4.035747203987039
82600.0 2.592982 6.275693 4.12938002950594 3.1449404817078523 4.1748617453737635
82700.0 4.064705 13.257346 4.827621110378497 4.154668579945123 4.153886068908547
82800.0 3.854815 10.961290 4.8105272047365695 4.0000865730492405 4.293800455168689
82900.0 3.904817 9.948808 5.116655128707915 4.244784486127586 3.566999167809972
83000.0 3.076165 5.479422 4.011179130471745 3.5123509403954425 3.6833186003061567
83100.0 3.150492 6.211938 4.141335596490741 3.41947358360086 3.655536409911632
83200.0 3.042900 9.285372 4.271520625545033 3.466535853790097 4.62942120332371
83300.0 3.887279 9.826612 5.059034244247951 4.419099408738367 3.637795067835709
83400.0 3.639139 9.697386 4.63003978596071 3.8258553300095417 4.342376429876951
83500.0 2.862798 6.316755 4.4292816806249045 3.4560312659595134 4.317481012791214
83600.0 3.771408 8.132207 4.576785116290185 4.009985649614245 4.218021301295067
83700.0 3.545248 9.087284 4.474419049311462 3.8195896807287686 4.217339369016641
83800.0 4.705205 14.445998 5.436283486615 4.905751022087898 3.737321857499053
83900.0 5.214822 15.715521 5.889970739773134 5.224727602072308 3.9537992119098577
84000.0 4.933628 13.893866 5.33691110961065 4.851902223604309 4.293389291880491
84100.0 4.413770 10.270279 5.056461653387632 4.603608555700223 3.0565854078391643
84200.0 3.497061 8.604199 4.815749698677453 3.9628362534813015 3.9453549791617055
84300.0 2.765358 6.385422 4.116322844648978 3.228678286445968 4.059775909821596
84400.0 2.801744 8.427665 4.235309132552926 3.307574788514475 4.917638638939697
84500.0 2.467996 6.693387 3.8212361273194375 3.0170373465110383 3.9865385122244645
84600.0 3.055365 8.851367 3.9946879520880856 3.32213942787692 4.308405656717074
84700.0 3.928184 11.691147 4.6334977992122806 4.093475337635298 3.779781599793831
84800.0 3.639568 10.481134 4.432907378532145 3.7639274149711843 4.6204918262474335
84900.0 3.635705 6.459209 4.471074502713291 3.8416463739742186 4.38252895429478
85000.0 3.388599 7.646182 4.539848553712274 3.6795222266991088 4.56548279028166
85100.0 3.508611 7.843842 4.631090299089458 3.835410574561875 3.767168079892895
85200.0 3.272715 10.064020 4.186624578484963 3.5504127023967587 4.024513628459629
85300.0 3.429232 7.272401 4.409935463890059 3.5251229084008693 4.41867189874121
85400.0 3.651689 8.054266 4.973787333247748 4.0577005112436195 4.103555518245522
85500.0 3.450397 10.463292 4.16717117038803 3.5551244076333455 3.704442834973629
85600.0 3.207693 8.897826 4.169521454580496 3.498155511065458 4.435999323065957
85700.0 3.824759 11.191236 4.891641984948231 4.2083048534917 3.820849520207615
85800.0 3.374313 11.018167 4.462290638729773 3.554874491928717 4.358555440316334
85900.0 2.936407 6.430067 4.075362588736049 3.282057956750907 4.445274977850513
86000.0 3.494045 7.255832 4.481137500599061 3.885407950994131 4.595145971449641
86100.0 2.578548 6.483390 4.214833787021324 3.140568039050493 4.279439369605353
86200.0 3.548225 6.648559 4.648253248759036 3.828726687272217 3.880371060360255
86300.0 3.417794 8.753281 4.40333278871321 3.698174339638009 3.7969488790729438
86400.0 3.007474 5.914021 4.133864737174258 3.365393356052437 4.31917050187729
86500.0 3.647208 11.156917 4.769084850720873 3.9289956279135096 4.604063190794213
86600.0 3.811396 12.084887 4.617679206373834 3.9896263804576684 4.007297434861679
86700.0 4.545498 13.443140 5.246315781563174 4.5040338020237405 4.140675282988981
86800.0 3.515136 9.093436 4.297112984368695 3.744382479161709 4.201155864120745
86900.0 3.735682 9.637143 4.849975277964668 4.051091049096177 3.6257278901832275
87000.0 3.977949 11.013915 4.6523241204501655 4.0965202513611025 4.554369165343351
87100.0 4.283503 11.270105 5.270695998938647 4.476782438334806 4.368132312126189
87200.0 3.472177 9.226940 4.3031415030378355 3.6915929853042946 3.9171926837405575
87300.0 4.979247 12.179301 5.7668900802977845 5.080352402658411 4.477769819380854
87400.0 3.718649 7.794105 5.009242709991441 4.132039989011592 4.253891982753014
87500.0 3.078027 5.160623 4.442780071567948 3.595391529461789 3.606695525751188
87600.0 3.752312 10.580300 4.503284479532443 3.884259842549858 4.3313423611721555
87700.0 3.511030 11.598134 4.496043366149631 3.8438416151799317 4.132430893207229
87800.0 4.865517 14.750643 5.4203169652143455 4.749091839431132 3.433877247168312
87900.0 3.472629 9.286483 3.9934054808548636 3.5205239127656403 3.8233872468395793
88000.0 2.567688 3.343060 3.9799954444247785 3.0665511577480915 3.789600905049068
88100.0 2.708026 5.951542 4.1368829624006445 3.1527790057896636 4.1220500998721095
88200.0 2.809920 7.586853 4.173275927556989 3.322179863268741 4.569240291641036
88300.0 3.882642 10.416146 4.662757256736425 4.143906895911329 3.7223074618879584
88400.0 4.186864 12.152268 5.21101600963634 4.5198329199839185 4.586773500554186
88500.0 4.615421 12.040609 4.978734443238038 4.486634624220702 3.9857435262988
88600.0 4.367455 13.849595 5.263575530806759 4.478390755876697 3.9608719629184503
88700.0 3.359635 5.287583 4.344282284159365 3.712955787822189 3.977843649229081
88800.0 3.697843 8.648099 4.4642751006881065 3.9568875690031136 3.9330094635173425
88900.0 5.855793 18.171466 6.319420809637065 5.793458159975964 3.713930355850887
89000.0 4.628492 14.585419 5.677613464337347 4.808442947397919 4.656074139530909
89100.0 3.496997 8.362403 4.2868225202029056 3.652776645247973 3.9702733699078574
89200.0 3.399209 9.660351 4.229262105978957 3.6105800665129997 4.757349173126229
89300.0 2.620087 5.469101 4.167887157618514 3.286650688459567 4.114282053995909
89400.0 4.307874 10.315623 5.1962515425342515 4.563821468634565 4.0491418096820855
89500.0 3.836279 12.181701 4.594666694362752 4.1393823689616385 4.160477610616069
89600.0 3.145210 11.472267 4.211646434014574 3.4482311588155317 4.0794629349811045
89700.0 3.255558 6.823881 4.101677929687517 3.5311715316093144 4.384067266679419
89800.0 2.363652 4.873034 3.618253955723805 2.8099100272439155 4.591685934971379
89900.0 2.578915 3.934176 3.781136209015984 2.955101905029186 4.067263625706987
90000.0 2.861949 8.252437 4.075942174207827 3.3139425371156928 3.832031992259128
90100.0 2.168961 6.199859 4.0353222803315045 2.862919421487024 3.65283018358179
90200.0 3.224564 8.165662 4.327619975362624 3.5966149380728925 3.889945462807964
90300.0 3.264589 7.473824 4.230894368632886 3.5715874981794347 3.982553678971462
90400.0 3.766915 10.181521 4.428683732755062 3.8840206880109527 4.611408910172112
90500.0 3.099461 7.950914 4.2221149994261955 3.43719840795221 4.673397973381076
90600.0 3.501061 7.825488 4.890228126845628 3.910925206091499 4.315595624535243
90700.0 2.856947 9.279167 4.418413378659469 3.4137419927368025 4.719687199520274
90800.0 3.660554 8.820587 4.841537371326773 4.038590079151131 4.692416983468871
90900.0 3.873136 8.659724 4.661284496315623 4.098845394919488 3.5692341000800814
91000.0 3.639989 8.801417 4.643543716381534 3.849655221355596 4.340034802589092
91100.0 2.759897 5.561202 3.9186632623457704 3.1742698952952937 3.8601453123684313
91200.0 4.011461 12.723152 4.996637457060358 4.232220192093941 3.914616096660308
91300.0 4.019020 9.209334 4.593156373729405 4.03975235129543 4.0485899322349725
91400.0 3.542465 11.046032 4.6816755198297395 3.818136915622416 4.031908136534333
91500.0 4.760499 12.861020 5.0847484069122535 4.706704356283106 3.931288813485206
91600.0 3.146915 6.096732 3.9712739764897953 3.349475448124008 4.4355978601399295
91700.0 3.743610 10.662736 4.757133499596937 3.8986993438643474 4.203626831575575
91800.0 2.759399 5.002664 4.063620588522958 3.2534277148714654 4.224592788324791
91900.0 3.433170 9.345718 4.590944436019366 3.71590946242942 4.388374451013861
92000.0 2.577623 4.354349 3.9525578923812605 3.1253777281415487 3.947986053461936
92100.0 3.122029 6.555413 4.389491093612165 3.533474169061513 4.32320202554219
92200.0 3.830171 9.040554 4.579004586300053 4.002543112123554 3.3353854446626756
92300.0 3.345238 7.332350 4.540193494874904 3.8512771044952014 4.135451366966826
92400.0 3.540988 9.908681 4.316935092603673 3.711631736634395 4.202607578178837
92500.0 2.733635 8.960145 4.241111132380121 3.3372284605925775 3.6660283781316503
92600.0 2.293841 8.025251 4.108376369245843 2.9667089268129567 5.014259753241915
92700.0 3.221385 9.571180 4.385146405706747 3.5310332825085773 4.3547539591446
92800.0 4.141487 10.528431 5.203376177531858 4.4870836495007955 3.82572691457874
92900.0 3.154133 9.578179 4.301184320034863 3.5407511457311633 3.4997466468533003
93000.0 2.880919 8.120491 4.156279777433062 3.2532075993884098 4.047582239799801
93100.0 3.515406 9.233216 4.789315158526167 4.023867510677085 3.7633407837678456
93200.0 4.264543 11.423479 4.721813375203389 4.34428149346867 4.123338551193382
93300.0 3.267400 10.693073 4.739337644649036 3.696656278776138 4.493186668985105
93400.0 3.612918 10.486977 4.277778789258792 3.7692354447109477 4.028442436016491
93500.0 4.381053 13.029290 4.639965752218472 4.317457223901368 3.920910335150106
93600.0 4.428618 14.136164 5.382314033135797 4.668569305654429 4.1628315232808
93700.0 4.368055 13.996149 5.078568706107875 4.535366034860148 3.768938240901402
93800.0 4.992423 15.532705 5.4204611225475805 4.853938903083166 4.481049028813959
93900.0 4.812237 12.582173 5.401329458575064 4.812087936966617 4.045114687998476
94000.0 4.825771 15.031774 5.857599542209273 5.006088655495975 4.504759659919843
94100.0 4.242142 12.401322 4.705001295724694 4.279837876165259 4.542322731260355
94200.0 3.422608 9.110987 4.371640580689728 3.762843798554277 4.4004354939503525
94300.0 4.097687 9.967898 4.297911665725366 4.057433895410527 3.9201739673103564
94400.0 4.625327 13.554693 5.679153229014195 4.908695801025337 3.894981762392861
94500.0 4.386292 12.076238 4.937637642531265 4.421257009818747 4.064062249675056
94600.0 4.134411 9.728834 4.9664366566143725 4.336612905742553 3.9798275079466037
94700.0 3.494326 8.511419 4.274907207094442 3.73900971893408 4.738472085513228
94800.0 3.805844 12.511804 4.767411632508817 4.141011237154436 4.151631475739684
94900.0 4.286845 9.862050 5.167533309311316 4.5405034024360065 4.246856571122964
95000.0 3.160040 8.931310 4.038349082781073 3.505765776074649 3.4719097171339866
95100.0 3.201811 7.958822 4.5112880143090885 3.6247628974034467 3.8772241844654465
95200.0 4.108054 10.316632 4.744345974980441 4.293524914547091 4.318881075757372
95300.0 3.724394 8.441641 4.771591359554281 3.994381956995199 4.427007970818447
95400.0 4.289182 11.285988 4.614393481018967 4.185856210553231 4.018146031739594
95500.0 3.397762 6.901741 4.670724019270029 3.826285883977434 4.375954315403529
95600.0 4.724461 15.433145 5.277532748440189 4.622697663757501 3.785091826202293
95700.0 3.971762 9.431711 5.303588446424781 4.3826347423955765 3.899371500548653
95800.0 3.668174 10.637686 4.56743736753099 3.910097518740155 3.548929984370764
95900.0 3.814212 9.490335 5.027852336500775 4.054447647839656 4.8869345561763735
96000.0 3.149929 10.609733 4.80341984562881 3.660826166679251 4.238409293390619
96100.0 3.819535 10.635053 4.167839795704097 3.8374730181887635 3.8315789375292315
96200.0 3.043014 9.955087 4.051465316170069 3.348119849793453 3.674685465558057
96300.0 4.599346 11.437658 5.445619944301217 4.70183297325674 4.5527010096665395
96400.0 4.459670 12.687255 5.350447606797817 4.583614888886212 4.040495744028226
96500.0 3.998334 6.825281 4.704263237595014 4.103861557870753 3.8318365340038745
96600.0 3.300559 8.846621 4.512490521961113 3.66914818676179 3.5723652390649647
96700.0 3.666543 8.784834 4.203956023345054 3.735577372064611 3.7488679698787717
96800.0 3.204914 8.312806 3.7866778191363686 3.3239500613999162 3.7176208279792955
96900.0 3.321065 8.911108 4.320640470881654 3.6662831321817633 4.512343391348255
97000.0 4.073936 10.697282 5.13209672606168 4.439579113059785 3.6228819296349344
97100.0 3.613723 7.290486 4.249574036586953 3.7871017343235045 4.00249513813674
97200.0 3.743111 8.788969 4.54628724658747 3.9686093834349356 3.8890878471890336
97300.0 4.227552 12.701681 4.743200238569021 4.20740007515165 4.759752338144163
97400.0 4.411845 11.057379 5.19467494499078 4.610721995444128 3.934137173962019
97500.0 4.989365 13.488696 5.386770603431386 4.84287191374452 4.418934766092734
97600.0 4.184779 11.317102 5.0059029596455105 4.297736147986664 4.226197873296881
97700.0 3.232823 7.538310 4.335651350112986 3.5830778051572723 4.4786271380185525
97800.0 2.867671 6.756266 3.8391813099683527 3.17450772378243 4.478403477394087
97900.0 2.973792 6.413411 4.272779301138225 3.4205476178623964 4.083663251252041
98000.0 3.158946 8.126140 4.392785276414679 3.5979985884748773 4.638354894633587
98100.0 4.609428 10.674322 4.8367328849634905 4.622718305311794 3.763021466397087
98200.0 4.846662 14.260940 5.439878352096829 4.80676647152662 3.4976927169606653
98300.0 4.144578 11.548815 4.369669346370127 3.9786172248703164 4.7847219037610484
98400.0 3.413859 9.075949 4.0842992653245 3.5908822322512433 3.820397050694908
98500.0 4.197485 9.867464 5.317258534338773 4.47846111605196 4.3932010011852105
98600.0 4.536917 14.330214 5.577695880941919 4.694363772657698 3.8038220233554045
98700.0 3.671090 8.588444 4.3701372840617045 3.791507758881294 4.18682569200136
98800.0 3.507478 9.636344 4.694964761329516 3.858415709424452 4.1877788076857705
98900.0 3.890646 9.504068 4.032525520975193 3.872814064211056 3.8279674857519526
99000.0 4.164819 11.024078 5.047603284926549 4.436639789619492 4.272442690365803
99100.0 3.417068 9.552990 4.3632051883012215 3.6858677044902617 4.265082340707084
99200.0 3.607439 7.393795 4.477153269767118 3.9055942019364567 4.135354848689839
99300.0 3.184343 5.523865 4.331085099165717 3.4569247835625285 4.038158380695453
99400.0 3.741776 11.413673 4.806402549957584 4.039103345991533 4.186874932450022
99500.0 3.219685 8.615103 4.471056287310913 3.726913414641978 4.303273468718037
99600.0 4.147532 12.541010 5.004719950428695 4.351467381441438 3.669710560876422
99700.0 4.086971 10.746775 4.993476729536638 4.293898694290201 3.725155181850837
99800.0 3.291013 10.063883 4.890805028835172 3.805912028241199 4.362601800435524
99900.0 3.337640 7.628108 4.531397698851951 3.6124413277942016 4.117057872460424
100000.0 3.846825 8.365687 4.552248496006385 4.022093482376365 3.697161718642347
