# t rg re s3 s4 s6
100.0 2.353813 5.333243 3.729314769483385 2.9326552187818544 3.965476275219004
200.0 2.092916 3.569385 3.855375846794161 2.9075856010732863 4.912135084523222
300.0 2.608687 3.006300 3.504852763837599 2.971212408364817 4.7056990086701544
400.0 2.388350 4.529325 3.4333398569874936 2.839039668308978 3.5673795390582033
500.0 2.633243 2.761757 3.495025755598376 2.9099044682067357 3.670130873034981
600.0 2.305440 1.314933 3.6961859108603794 2.8570518264582208 4.2041153451399556
700.0 2.212077 5.188936 3.8821725606711426 3.0251521424867978 4.4027986419494844
800.0 2.453825 3.894395 3.712040417984163 2.9923756552966423 4.01463393047307
900.0 2.610957 2.677716 3.7966001798734994 3.0811804133770653 3.8846450973396895
1000.0 2.286183 3.043465 3.800465254408925 2.9497699813875267 4.471428770170433
1100.0 2.887227 4.355256 4.07286063247016 3.298699505117778 4.471966215684011
1200.0 2.559532 6.805921 4.219144472624485 3.1079750298609494 4.739257318113313
1300.0 2.556057 5.807584 3.717806361062982 2.9789665343489258 4.706398370492097
1400.0 2.288583 5.996621 3.5687945013170816 2.820280636608175 3.644748404096327
1500.0 2.907630 5.294951 4.201563323739553 3.4271467418794623 4.059031776312154
1600.0 3.060887 9.837373 4.351808301638106 3.5375384803614383 3.6324930527108923
1700.0 3.045035 7.939735 4.086633062425671 3.4776466619665576 4.715351326036305
1800.0 2.531590 6.544732 3.7764429072754506 3.0234967167105595 5.330451205894355
1900.0 2.653905 8.472255 3.9309169514580815 3.1156726865949786 4.528356425825316
2000.0 3.112593 10.046410 4.396658444435042 3.4360437197933806 4.505360384851889
2100.0 2.936808 3.980951 3.8177884286858292 3.249164963937422 4.385693792160356
2200.0 2.987365 6.911370 4.139842635319068 3.395263323497161 4.29084129386808
2300.0 2.541372 5.789051 3.4090219601865 2.927870769171176 4.431349265957283
2400.0 2.145750 1.998202 3.5312344183304436 2.757311236023282 4.785255921109166
2500.0 2.415630 5.295796 3.9817565586985246 2.9890028177856873 4.223251556170759
2600.0 2.762538 8.081771 4.450311921378817 3.42511560461165 4.1235725053536445
2700.0 2.485424 6.231229 3.8201300229120143 2.92127824134768 4.553430055603511
2800.0 2.096602 3.135912 3.784389807575688 2.90801079207385 4.670175754650772
2900.0 2.230458 3.185336 3.740141599172008 2.9210793661176715 3.869212029954289
3000.0 2.370537 2.001823 3.970296924144045 3.1014101404062155 4.244225004490622
3100.0 2.356112 4.407567 3.707369609177542 2.984406475828266 4.446714867225732
3200.0 2.427696 3.930307 3.622203192445985 2.941882316158261 4.343363723558394
3300.0 2.451933 2.714895 3.6928752375112373 2.9183933302775946 4.240374026103554
3400.0 2.345641 6.817571 3.7024352643081992 2.7769775674258437 4.421608236155976
3500.0 2.338182 5.784977 3.533608475662361 2.8509057822727613 4.6291499112954275
3600.0 2.076057 6.756150 4.088697794795391 2.9156515189839127 3.977992049593961
3700.0 2.355775 4.057940 4.029773258318281 3.0659708207780976 4.017365603239126
3800.0 3.959765 12.896176 5.005965798092421 4.287349688916155 4.007817705082215
3900.0 3.204142 8.293115 3.649957058582458 3.143967533354632 4.456690749753279
4000.0 2.114787 3.170491 3.7056106113171214 2.86237782568268 4.786749717944559
4100.0 2.465135 2.851731 4.122978011347924 3.062494291062069 4.641793915353806
4200.0 2.184007 2.914584 3.800030616909077 2.9601943267568642 4.1130387610793555
4300.0 2.333127 2.270141 4.048066258138476 3.055006497126713 4.404134169538237
4400.0 2.851170 3.933569 3.6263227965429405 3.0344552969216885 4.202042404092528
4500.0 2.230024 5.636887 3.801232337821219 2.898216093605831 4.165529910230885
4600.0 2.683071 4.517195 3.7894932720413923 3.0632913561242323 4.393762076977963
4700.0 3.203896 9.530900 3.9606692401064323 3.3130782528664424 4.538306335390235
4800.0 2.503356 6.092033 3.970027812853231 2.963380141474011 4.408562772423897
4900.0 2.462012 5.109647 4.297732362805235 3.263160203731769 3.9134046859832865
5000.0 2.324695 2.363973 3.6999037102579733 2.774604002890974 4.862869655553234
5100.0 2.637623 4.199302 4.301918997483968 3.2506929920198018 5.510906298693832
5200.0 2.646927 5.771304 3.780801944663761 2.990482544123464 4.746140389403804
5300.0 2.083030 4.271607 3.98512563616697 2.9826328573347554 4.0514968109034815
5400.0 2.396968 6.452461 3.7302394922983666 2.899777865148407 4.031239560092138
5500.0 2.505467 4.323532 3.8838756589067565 3.108559640504804 4.155435982941201
5600.0 2.481971 7.280659 4.072750535887902 3.0185413777522463 4.966759692486163
5700.0 1.909091 3.041566 3.8654335356995526 2.834466973687775 4.1956517254764565
5800.0 3.063516 7.957281 3.785322665431175 3.280295056381014 4.120191262404955
5900.0 3.325162 9.334351 4.626877854701233 3.799867175970914 3.972540616576502
6000.0 3.355179 7.131939 4.307499831419351 3.7050700308556666 4.065055208438698
6100.0 4.460504 11.343877 4.753399399112412 4.548287977242288 3.5913601797593855
6200.0 4.031191 9.718042 5.267709630136317 4.257631290308407 4.383358396021126
6300.0 3.014353 6.065016 4.219293623513488 3.5294413957461375 3.9722934450992335
6400.0 2.665978 3.100119 4.0413987316209825 3.2091261856150113 4.110474857233256
6500.0 2.401936 6.506674 4.039681877018398 3.047430531528398 4.580928624816693
6600.0 2.662294 4.286847 4.0351860529153285 3.177631748574375 4.170817577219167
6700.0 2.284186 2.181244 3.4228681992085046 2.8091018072211025 4.106242598837451
6800.0 2.481319 2.903621 3.5149413366773996 2.9422596127486655 4.189547259606889
6900.0 2.773870 4.771211 4.154090176028938 3.1887628539301356 4.131749978300835
7000.0 2.521628 5.018825 3.7434112467865934 2.8941210841894973 4.783410453520089
7100.0 3.134868 6.464946 4.139983628241676 3.4321649908146132 5.12346434633868
7200.0 2.818559 7.727039 4.096287601942267 3.17240599987762 4.782813069527524
7300.0 3.486285 11.660839 4.1970739708004405 3.740840897592612 4.220309402934091
7400.0 3.864349 6.937658 4.459161496465887 3.9789138093585135 3.572572245146021
7500.0 2.894010 9.523547 4.398900764701222 3.4308744459814 4.585993961901102
7600.0 2.369669 6.349921 3.7815074172100642 2.9020389829705495 4.302713789464046
7700.0 2.663164 5.164653 4.126712255388272 3.2087691952288817 4.47203560166982
7800.0 2.851471 6.167053 3.779366132971575 3.120600784660343 4.177413565811409
7900.0 2.621243 6.597447 3.689353860077191 3.118189920602357 3.8270346210484436
8000.0 2.485049 5.080284 3.8617995830978145 3.070107127245502 4.772872851486638
8100.0 3.408969 9.635239 4.672910509509199 3.8933660605680385 4.0117509580481086
8200.0 4.119936 11.091858 4.881803697863536 4.422175949376615 4.045641434615308
8300.0 2.465045 5.279741 3.50510959678029 2.8050085811000613 3.765328577240942
8400.0 2.597781 3.130329 4.188980759264989 3.210936242810456 5.36621692665676
8500.0 2.609333 5.286078 3.7809952446982646 3.0294110748688543 4.1800674820340635
8600.0 3.138497 9.531381 4.052199467719716 3.397844359097072 4.182082895737126
8700.0 2.849351 8.339756 3.845999476686474 3.22743233611054 3.7686668801213252
8800.0 3.499109 11.711140 4.685462399376228 3.721825425611134 4.590032311777133
8900.0 2.394673 4.083005 3.537721647691022 2.9053387899606107 4.308301338598998
9000.0 2.419329 3.393128 3.6075413215967855 2.9946840136917863 4.023823193755571
9100.0 2.066151 3.487264 3.7319169660320757 2.8662855057528573 4.366364731208702
9200.0 2.455566 4.876301 3.3874079290940604 2.786327060880678 4.1454442251365275
9300.0 2.145209 5.911324 3.4370163001981227 2.796639377215543 3.4564245032580247
9400.0 2.321565 4.899283 3.982310964965955 3.082216228458199 4.538123039219948
9500.0 3.626973 9.688738 4.537529252182823 3.7472317117606435 3.978634945338598
9600.0 3.205623 8.016658 4.233594689772554 3.602161023451906 3.733510627749581
9700.0 3.620989 7.405031 4.586266938990062 3.9148633767073733 4.571269825461353
9800.0 2.845134 8.327087 4.59634802059625 3.464438546239958 4.262560499284624
9900.0 2.839480 7.974776 4.0452547217608545 3.302731797330662 4.50544528988804
10000.0 2.581356 6.351935 3.704550935228075 3.1440054589598927 4.63635242680958
10100.0 2.516619 3.680167 3.6699041242069512 2.801087890439106 4.210506156144564
10200.0 3.058904 4.263514 4.329088982656709 3.543879862675284 3.984043042028419
10300.0 2.720016 6.339614 4.067791957186437 3.2861660985841965 4.7862585461898615
10400.0 2.706152 3.833312 3.7692242952610844 3.100997743315719 4.289983596549941
10500.0 2.891761 6.637050 4.135190081629912 3.4233737034235765 4.438064588129988
10600.0 4.105745 9.909643 5.190021117907335 4.398716218913172 3.834944470618074
10700.0 3.727753 11.505869 3.979449768058957 3.6134821933650447 4.185555787804689
10800.0 2.524007 6.846932 3.801549558482204 3.1060679375941174 3.5626477647106256
10900.0 2.638378 5.450387 3.8652638755403004 3.0796733147480997 5.20511777565357
11000.0 4.695964 13.089577 5.063634675932238 4.544477972805815 4.197265964133777
11100.0 3.531674 11.788469 4.78023725109589 3.997341759534532 4.055768214196889
11200.0 2.552972 6.112246 3.6169488871499955 2.9123581954329714 4.058556081532689
11300.0 2.400856 6.147111 3.98106135259696 2.97408392942372 4.311006357336709
11400.0 2.839209 2.145907 4.105187275184707 3.273019616324017 4.0310210432091145
11500.0 3.019863 8.437278 3.985160700242617 3.271785161140649 3.8064845383652246
11600.0 3.216336 8.582908 3.9806254229709617 3.49948950072139 4.821850886733219
11700.0 3.979452 10.780045 4.826226354258459 4.1925235921354425 4.163047973719492
11800.0 2.289492 5.733621 3.8380370216069584 2.8868140516405463 4.449975515198601
11900.0 2.259093 3.200952 3.3471322190984982 2.7778302372951003 4.131222888360434
12000.0 2.060120 6.092901 3.518390416689674 2.684368953651866 4.144799895494957
12100.0 2.608845 4.613582 4.176383636154142 3.1290494102334714 4.420277385003887
12200.0 2.375077 7.198492 4.142515332335691 3.0648141534903517 4.862131578867709
12300.0 2.160546 4.958878 3.8401942505509616 2.8715258036963225 4.436427766014765
12400.0 2.098754 4.959031 3.839212250594866 2.844841140774686 3.907760338643423
12500.0 2.450908 6.761307 4.073838731607204 3.053790979210144 3.8743779063196704
12600.0 2.139978 3.369992 3.6707859072992415 2.7732166682141615 4.634624296806772
12700.0 2.356436 3.194570 3.8228111799669953 2.9395589705628744 5.087050212677883
12800.0 2.370394 2.204711 3.6984367225355648 2.8470965187935526 4.144868467161789
12900.0 2.593958 8.230137 3.884839270130961 3.0384942822088195 5.0908314984764065
13000.0 2.332544 5.608490 3.941048460763137 3.0440712137784565 3.884430065913718
13100.0 3.700467 11.753232 4.931187650642566 4.034151439272668 4.923411003233051
13200.0 3.116896 9.461491 3.949340207876058 3.351215420136943 4.884073684107718
13300.0 3.413474 8.558939 3.859950412813651 3.400801487275343 3.9584803180468247
13400.0 3.002118 6.310967 4.430825660905924 3.5435847455958673 4.424341086446511
13500.0 2.233708 3.371328 3.8001224998677303 2.9084516972288808 4.579978049040184
13600.0 2.365042 4.487786 3.8066809511547315 2.925917286316849 4.5566497239374515
13700.0 2.600029 5.651493 3.607303170177296 2.8506682923679985 4.923848442748961
13800.0 2.685668 4.126812 3.92490310958696 3.258607861382676 4.451923545956504
13900.0 3.120362 7.890469 4.633652529764037 3.6831807110940527 3.6466179796241613
14000.0 2.489350 5.715623 3.9162534116023826 3.0740701922528313 4.61645161953154
14100.0 3.123272 4.364172 4.257041436876038 3.490645164681848 3.6719211990130938
14200.0 3.004828 6.549323 4.155314740875861 3.440107843516479 3.9776408412913784
14300.0 2.433416 3.006430 3.88308755911219 3.0040390766883207 4.575936881944415
14400.0 3.564191 9.283708 4.627949872591206 3.733384900660952 4.098445294061056
14500.0 3.255562 8.779152 4.017990223669381 3.5677839704739394 4.198484268344683
14600.0 2.277277 3.819849 3.6014844618891244 2.869422717062277 4.659931146274412
14700.0 2.640472 3.899689 3.6964836896133373 2.900018416649386 4.357145776202405
14800.0 2.314964 1.668741 3.7148468610846113 2.8875364338270484 4.70345260721233
14900.0 2.906791 3.448174 4.019995677184472 3.3378462342820976 4.653802086228916
15000.0 2.298633 4.656477 3.97142722786229 3.0539115744459835 4.542263289554469
15100.0 2.259286 2.201528 3.8068863606430012 2.8928182915778473 5.078550925504973
15200.0 2.804411 6.021282 4.750225169060626 3.548896433349395 5.12141881871245
15300.0 3.369269 8.841828 4.418543797217525 3.7394971639516132 4.282311937061252
15400.0 3.406400 9.995523 4.8448195136488845 4.023610847117255 4.3846688877406015
15500.0 2.795897 7.568438 4.167607988021055 3.3447389631693785 4.029834504726174
15600.0 2.242646 4.314016 3.9611831664707298 2.9483162416549353 4.820011295755231
15700.0 2.625676 6.444764 3.8818474307463995 3.0798329389358408 4.690594208534677
15800.0 2.442837 1.817873 3.633230940303292 2.8022981882221933 4.391011190594762
15900.0 3.328969 8.278716 4.208014221736751 3.6489053794651736 3.8954669263138433
16000.0 2.364713 6.137435 3.7999445284494913 2.9577181240221915 4.10893142813225
16100.0 2.344957 2.465053 3.9395557169983024 3.0229567697702433 4.5782173250702805
16200.0 2.106642 3.295265 3.722803474380909 2.749837928388167 4.840436039340355
16300.0 2.133354 3.375358 3.9323852185361767 2.8976377136902003 4.942719462139446
16400.0 2.111711 2.440444 4.159017619050416 3.0038297491980464 3.8814746493029504
16500.0 2.239472 1.959794 3.618270568145051 2.894120844840789 3.846103359050562
16600.0 1.983234 3.614685 3.970863066776739 2.7841901111876957 5.143790284590923
16700.0 2.100641 4.072547 3.196250942373923 2.599221902239977 3.9400299194476367
16800.0 2.284045 3.656017 3.6790548983593134 2.866900605959465 4.288334190529923
16900.0 2.351361 3.132322 3.5933424488094423 2.8695365311745444 4.054459772051305
17000.0 2.714979 3.877962 3.766237998069676 3.0656170782945757 4.602746027758608
17100.0 2.322545 4.681835 3.971712789493009 2.9594600276040395 4.8236815910885324
17200.0 2.528242 3.833814 3.8367359284347993 3.0087876565133413 4.171681025243001
17300.0 3.345244 9.699394 4.390295139296654 3.6473126209990303 4.340192913787627
17400.0 2.964352 5.782513 4.320701845172016 3.3822532157274736 4.30624597066922
17500.0 2.992480 6.344499 3.6387471241070175 3.2016684747770543 3.2861879078140492
17600.0 2.234747 5.709838 3.7246062949427174 2.8494613759216545 4.723931621839188
17700.0 2.911461 7.816509 3.7995171179762828 3.213357726502168 3.794187167251867
17800.0 2.546614 8.065016 3.746329142840096 2.9738777764722664 4.513050886459221
17900.0 2.474722 6.038591 3.706725337396549 2.945218728426271 4.331428070625845
18000.0 2.023411 3.767879 3.663600199241805 2.764942662737226 4.733931479476927
18100.0 2.505702 4.451763 3.704826307040074 3.014875730734969 4.684580435944796
18200.0 2.425224 4.613246 3.7936900660365813 3.0445274029257714 4.277116353906701
18300.0 2.387600 6.239747 4.1022365028502215 3.0303581570712286 4.980729356836643
18400.0 2.548147 5.164652 3.599206760334926 2.908757869334325 4.149787452884711
18500.0 2.900678 7.314135 4.208837596376449 3.443796111796797 4.091959390383179
18600.0 3.184894 7.112964 3.7356850320242154 3.3989963859153307 4.51279677965329
18700.0 4.024351 9.605002 4.73122877954807 4.302893066335572 4.03838418704691
18800.0 3.873310 11.994284 5.076572924005318 4.124648086388095 4.78796338321005
18900.0 2.670917 7.657744 3.9923573908270167 3.187666471372492 4.385294927456633
19000.0 2.906014 8.177701 3.7576416083046276 3.1452812153901752 4.131398787042484
19100.0 2.516363 4.934584 4.0060268933485075 3.1024663728242916 4.352385098405019
19200.0 2.228473 5.697864 3.716799972398518 2.810194378533675 5.244648909139234
19300.0 2.261655 6.856585 3.73540536702963 2.8691056142130895 4.492511674511236
19400.0 2.593678 5.691530 4.1158993455918145 3.17295660965769 4.330866042116304
19500.0 2.360138 5.757807 3.933416196883275 3.024592049628691 4.07446797360531
19600.0 2.964464 4.508848 4.4557259460810466 3.5229871127158225 4.326640067347626
19700.0 2.413341 4.058930 3.836086924040277 2.967874685317614 4.558417180951563
19800.0 2.574568 6.872010 4.228084286502708 3.188027981937789 3.6633185925631824
19900.0 2.513723 5.993237 4.1489564480000425 3.1957328214889658 4.683516866291996
20000.0 2.669264 5.051000 3.51020538757534 3.006819104042823 4.509986425256646
20100.0 2.607077 1.262152 3.817775105710712 3.1409969122320227 4.13399839027524
20200.0 2.754997 4.894357 4.068556792949403 3.1607494188588836 4.942569238523037
20300.0 2.799646 2.656679 3.6948736041640067 3.0941634829642797 3.9669871822270446
20400.0 2.855835 3.502356 4.146857524856524 3.3805563942249353 4.660931619572281
20500.0 2.497199 5.986481 3.9310889159947973 3.083879949584566 3.929182591985738
20600.0 3.070755 9.758491 3.976874761428505 3.32678937564597 4.647057730242954
20700.0 2.761120 3.940773 3.990487566536503 3.2827374481649496 4.502047030677583
20800.0 3.005626 10.121263 3.9684078579299364 3.228133136308385 4.2382466881486085
20900.0 3.320059 7.628191 4.298943334094698 3.5891737427678376 4.093713038484244
21000.0 3.128391 9.307469 4.41312535612378 3.4845593009258042 4.197002824745521
21100.0 4.254613 12.573514 5.249964029994666 4.476201761987482 4.262126301143535
21200.0 3.390998 9.827875 4.539497384365676 3.7563626857118337 3.8645951198471504
21300.0 3.462870 10.555374 4.260989824623828 3.7328220175638696 4.566681971390992
21400.0 2.504326 7.007228 3.763773844437757 3.009332915889875 4.584474791482489
21500.0 3.400734 10.261417 4.504320297454026 3.6911257764527763 4.631526572609127
21600.0 2.335212 6.612375 3.622332039043637 2.82371263124565 4.564953816338384
21700.0 2.235126 2.843264 3.662309111096789 2.9065831974432004 4.0621320420651825
21800.0 2.340800 6.335504 3.961906931684181 3.004198675578227 4.360460894652882
21900.0 2.415166 1.985771 3.726273375074854 2.9149898360792803 4.196427742051216
22000.0 2.552549 7.979943 4.249925588071257 3.341801829134531 4.045490186020321
22100.0 2.651376 8.729545 3.9520534113970798 3.0809983119863684 4.18487408132203
22200.0 2.659173 6.657687 3.5907718466954712 3.0646687625924813 4.034687818896575
22300.0 3.562560 8.603023 4.809188360705233 4.053939237936873 5.094066167274433
22400.0 3.171283 3.948124 4.1653479617598155 3.5099077849557707 4.257621306912991
22500.0 2.540719 7.523615 3.5821468517720128 2.8422627844050288 4.27654458777238
22600.0 2.346056 6.774138 3.6530742612123346 2.843774250499487 4.954656347585771
22700.0 2.574850 5.703995 4.357074823519099 3.2536001393211818 4.803137500496461
22800.0 2.408708 6.397007 3.559889054985696 2.8863555191545216 3.6984195981685857
22900.0 3.355996 8.425238 4.323139572041891 3.691442512497816 4.62040484346339
23000.0 3.113151 9.691130 3.830476687865574 3.350944139699382 4.211608895212413
23100.0 2.605485 7.157855 4.025182615673154 3.05486988874559 4.228025701876187
23200.0 2.524769 1.874988 3.8790553611471803 2.9820790226607303 4.552966826260891
23300.0 2.737419 4.608502 4.1241085519274705 3.2951900147523463 3.859577035212858
23400.0 3.070450 5.798572 4.101450685092461 3.3035879940731485 4.31582685512438
23500.0 2.389165 6.327266 3.617830595777138 2.9545617269547035 4.638414001093706
23600.0 2.371616 5.113002 3.5222692539229246 2.937641221525596 4.505546508597581
23700.0 3.983260 10.495451 4.9077176108908525 4.228541660805478 4.459191661658979
23800.0 3.307889 8.963187 3.9831232310402855 3.5527544292114586 4.582697529713282
23900.0 2.443133 6.164551 3.5873606406045324 2.8176051144385985 4.189143177773189
24000.0 3.899408 10.332215 4.786103863189356 4.097656148376648 4.188465997771665
24100.0 2.362809 5.043427 3.9012646751596805 3.0262679702254642 3.6067465265951713
24200.0 2.397951 6.771188 3.564663691368514 2.8105497758050557 4.227365855116526
24300.0 2.593186 6.330418 3.6034714498344695 2.9477659242155525 3.9555531397932895
24400.0 2.418234 5.395729 3.7776992087235075 2.8821075319714904 4.689468149936005
24500.0 1.939031 1.928247 3.9569379240330975 2.929122251382277 4.097743847900703
24600.0 2.593083 3.881534 4.252837059939463 3.20496652232824 4.1378314920603385
24700.0 2.598925 3.976596 4.269161232014391 3.3450650994107707 4.280024812919096
24800.0 2.610234 5.032753 4.009863385022326 3.1968512757635823 4.420319853789816
24900.0 2.768228 5.590847 4.390812682587612 3.362569535582316 4.463935385234141
25000.0 2.667846 5.899708 4.046278997572362 3.2708760282869247 3.6484512041822734
25100.0 2.856488 8.963152 4.069295970783437 3.297437467635596 3.7678842341815706
25200.0 2.399019 4.182718 3.911678939784057 2.9133041472265573 4.360531687769362
25300.0 2.226856 5.110252 3.6300865091150776 2.8471423712575223 3.7960643902593527
25400.0 2.203130 4.946535 3.988689637959301 2.9083041616371297 3.933645547920875
25500.0 2.403480 4.568969 3.9636267725995706 3.06457545154493 5.125068140752503
25600.0 2.428617 6.318081 3.9146081237060746 3.081255999103072 4.640355256370879
25700.0 2.166754 6.480640 3.960654395090847 3.048772239072967 3.9354116470845115
25800.0 2.099078 3.828751 3.661027035678795 2.8232984046773173 3.801916916765923
25900.0 2.450377 4.487277 3.931702759335388 2.9623115264072597 3.788851323202365
26000.0 2.313509 3.463447 3.4367493155692705 2.7875608298766665 3.991709162841829
26100.0 2.059329 2.630935 3.7535599757298623 2.683860643274327 4.731650865718692
26200.0 2.192320 3.178621 3.623806551653877 2.797072254728348 4.214116068038621
26300.0 2.531126 7.386740 4.029265992086134 3.1947082985525217 4.635543498041253
26400.0 3.860185 12.969871 4.280864376775966 3.7481967483698124 4.295413226016884
26500.0 3.579710 12.316104 4.615555691991053 3.9045821301874537 4.112892188220808
26600.0 2.453832 6.481878 3.6191216203888628 2.9344594732524896 4.258297393404865
26700.0 2.566680 7.133839 3.9390895831568957 3.0919334249355366 4.641892164627659
26800.0 3.009287 7.212451 4.520529960010422 3.5345734458301803 5.082047717677949
26900.0 2.773551 7.165408 3.697569879203817 3.111044335116322 4.105958099702087
27000.0 3.519571 7.388279 4.286511110747556 3.6980087045743057 4.219047677448036
27100.0 2.800846 6.561633 3.7237426675517757 3.084808980057834 4.563270675950008
27200.0 2.625056 7.297642 3.889862336385982 3.0648839435674344 3.6729349945877794
27300.0 3.051294 7.169917 4.159551691269233 3.395919408330162 4.437953400643605
27400.0 2.806123 6.516512 3.859663870703235 3.14942967639626 4.561796387808709
27500.0 2.834521 7.997668 3.910189262197219 3.27009295901085 4.741071777208633
27600.0 1.873646 2.621093 3.8711555446106605 2.7878226805741186 4.76399726629296
27700.0 2.328958 3.343554 3.590303692274764 2.862392181995703 4.841787976742562
27800.0 2.256070 4.818240 3.7523117564109443 2.9538188136626027 4.003420759363708
27900.0 2.736336 5.045873 3.5112901426273786 2.996715390659277 3.8592297012868815
28000.0 2.445018 5.017545 3.630316141287049 3.1412315915489635 4.118578372933584
28100.0 2.253098 2.421328 3.5282144655704117 2.751053535968133 4.408261457265659
28200.0 2.184199 1.322683 3.8033369164627713 2.8113664371011478 4.823106038181356
28300.0 2.579080 1.846988 3.897990524326968 3.1865829967818806 4.852568677758951
28400.0 2.713817 6.050008 4.069875318472946 3.2910773547680225 4.051242662771077
28500.0 2.338941 5.460466 4.1085752772038315 3.0436006313219415 5.16240117424384
28600.0 3.213216 5.606468 3.897669088185883 3.426749872069793 4.3007547595720315
28700.0 2.632647 2.118388 3.743337832509363 3.127565660937486 4.917713305284615
28800.0 2.304437 4.996682 4.007637261349888 3.064167848921649 4.449655420345367
28900.0 3.039659 8.688503 4.341080861214642 3.537198626190585 4.513794747931592
29000.0 3.173149 8.105714 4.23558481907562 3.402387891910657 4.698908454897844
29100.0 3.039523 6.476692 3.7705136304105396 3.1850359807084163 4.917048443493524
29200.0 3.499584 11.849381 4.321478325238373 3.7141765997276126 4.065790044775668
29300.0 3.540666 7.668852 4.582615386993803 3.8428596983606864 4.901875622176482
29400.0 3.233782 9.139236 4.322968381637711 3.615143340663672 4.214030478631944
29500.0 2.946284 3.830846 4.361047262670997 3.50777714122276 3.7475498402470304
29600.0 2.878985 8.497713 3.9663552218849256 3.273823437021423 4.3992247239371975
29700.0 2.733830 8.878792 3.774037307419318 3.0229964796472504 4.271981210800274
29800.0 3.134682 6.993978 4.286090764371413 3.5765676498977834 4.541404795573078
29900.0 2.791666 5.229261 3.7872010068878077 3.0314785128288677 4.197903790792885
30000.0 3.216584 5.882109 4.444929680607768 3.5613822983697587 3.8777092207002872
30100.0 2.392334 3.885873 3.6534995202912453 3.043596399076948 4.032486541414875
30200.0 2.358537 2.343204 3.841647125312145 3.0221056502387706 4.868093352882569
30300.0 2.427670 1.742254 3.630708356599513 2.8404442829079986 4.866355581550077
30400.0 2.583072 4.230813 3.9857078938786255 3.0687679987819334 4.334472042046432
30500.0 2.940693 6.002198 4.4193483457622795 3.43943778875116 4.523459367920636
30600.0 2.421496 4.073120 3.5259646996529046 2.850906648760238 4.31505983761038
30700.0 2.326004 2.806144 3.4970458470805514 2.82559208198485 4.601763594412118
30800.0 2.469555 4.990407 4.394833857381488 3.1570451021094987 5.1362224852016665
30900.0 2.216348 1.777035 3.736502345156425 2.8403242905007016 4.63432171204879
31000.0 2.204590 5.258649 3.644470580121097 2.868437862078492 5.125921650576489
31100.0 2.154578 1.998670 3.956216212464875 2.929288208507659 4.496766385683993
31200.0 2.568854 5.821236 3.568268968097515 2.9507804272099727 4.828258482121329
31300.0 2.532139 3.817240 3.8864386211399764 2.9962739638474476 3.787825859679472
31400.0 2.792821 1.159008 3.532814017865424 2.983967459208795 4.3259394684684285
31500.0 2.754505 6.118355 4.025369067577913 3.114163906103198 4.7822067837511195
31600.0 2.292725 2.856146 3.9600704303134915 3.0137342001323937 3.9317068866765097
31700.0 2.827247 5.326473 4.0020939449151625 3.3672403141240594 3.84655240788033
31800.0 2.647661 5.835083 4.134435006236129 3.0963333755403983 4.3971401178422695
31900.0 2.667278 5.878246 4.14021232816281 3.220873148711949 4.279911113514254
32000.0 3.078107 5.230383 4.044606655609589 3.398753338237949 4.306042178183495
32100.0 2.800196 6.347082 3.807376779423334 3.1439722038304247 4.2012593231784825
32200.0 3.040889 7.720066 4.048172221039698 3.348853447768616 3.9067857696623087
32300.0 2.644194 3.231640 4.115891711973819 3.2640748004928017 4.33063943712414
32400.0 2.564226 5.231695 3.915615476989576 3.183096996905511 4.442602538037955
32500.0 2.110021 5.588248 3.7928387679200037 2.8431609735293457 4.563613334062641
32600.0 2.227560 4.039695 4.171311496772499 3.0301138970219004 5.090586732804806
32700.0 3.394242 10.737732 4.283827423278373 3.5962091088003807 4.242930929240554
32800.0 2.672288 6.345092 3.863940049892451 3.117615123308608 4.796580351902838
32900.0 3.304234 10.960084 3.905979076970638 3.4094242164162596 4.451812050066879
33000.0 2.635980 5.504217 3.5199379323594866 3.007208793935123 3.940387727209297
33100.0 3.281529 6.784512 4.915295432143493 3.9301098421612295 4.993122079574971
33200.0 3.564504 8.237271 4.923842161404188 4.05172166897055 3.965920118763249
33300.0 3.054657 7.804972 3.9920085355854527 3.279001370970667 4.931104056066534
33400.0 2.658513 9.503703 4.000008388302865 3.212727018950437 3.89714289817176
33500.0 3.251318 8.460003 4.477663527809883 3.65509478435841 4.119624268020563
33600.0 3.850946 8.053817 4.937178593704073 4.316865105104998 4.25335556412452
33700.0 2.516408 8.395847 3.8135239280237125 3.066106882454647 3.846756800244213
33800.0 2.535539 3.301559 3.6939853279571238 2.964188119697199 4.21380327562716
33900.0 2.391087 5.392121 3.6777250292542245 3.0179916458931677 4.303722644142906
34000.0 2.554609 2.569125 4.084872800404247 3.137223944382863 4.8018301589030585
34100.0 3.697919 10.922079 4.275552903423538 3.9046529413912023 3.981614425903375
34200.0 3.803969 9.437856 4.4099343075630815 3.9228402663705477 4.560797280635527
34300.0 2.990967 8.948696 4.062587896509827 3.194559004566955 4.5716482807265715
34400.0 3.093440 10.306702 4.139033633083694 3.457344127849777 4.038375228242382
34500.0 2.573727 6.772134 3.525908984118918 2.984882461999835 4.200980628687783
34600.0 2.411059 4.202398 3.8418835562690314 2.9295267048507077 4.824297668516702
34700.0 2.328167 4.328908 3.560982172784997 2.869275089504868 3.598090718734823
34800.0 2.142729 4.790852 3.4720126642690774 2.798890326141946 3.8840313200280474
34900.0 2.578770 4.126229 3.4451578567048453 2.943950815634312 3.1175479383203477
35000.0 2.331032 1.725770 3.777262223724517 2.8752428407599515 4.378730111599907
35100.0 2.948351 6.620575 3.8036561650096807 3.223386076717763 4.07985149642804
35200.0 2.682868 8.226044 4.2401228971217515 3.2309494985594136 4.736370467984971
35300.0 2.702719 5.285016 3.898104392250425 3.1026288580147825 3.986071336105972
35400.0 3.175752 8.845038 4.171652363677234 3.5105694426915783 3.751114784720642
35500.0 3.640871 9.585921 4.893491555052024 4.312775410815057 4.59465566559837
35600.0 3.286544 7.900006 4.514710010294052 3.6576484820901656 4.5583999153094075
35700.0 3.372834 8.823411 4.684791375715142 3.8875759542747432 5.124889288759406
35800.0 2.628489 5.355801 3.5095656671064845 2.9799138689144398 3.9042886899061298
35900.0 2.506737 4.261303 4.148406115435274 3.128929354659072 4.777146573149007
36000.0 2.461280 5.012851 4.017731464289699 2.9389693944462474 5.246410916926058
36100.0 3.346313 7.885139 3.657308263959725 3.3164938499299743 3.9230271971408452
36200.0 3.269389 9.760870 4.781253141837687 3.8270041621263036 3.4091951870414032
36300.0 2.621456 6.750445 3.957484467366966 3.0514359352938034 4.1449864092299915
36400.0 2.334475 6.316099 3.8152678404975235 2.9437832993521003 4.717192079967001
36500.0 2.342915 5.810488 3.5705898628157806 2.787826448801315 4.33944879586006
36600.0 2.319692 4.959867 4.15198243150199 3.118425152136468 5.145471481252332
36700.0 2.493533 5.097875 3.5732054548658274 2.990114529993403 3.7258438590098693
36800.0 2.539406 5.114759 3.7937474633606207 3.075890005327955 3.0205775171139826
36900.0 3.152680 5.856740 4.334536172248873 3.488590165017978 4.115522836265072
37000.0 2.942138 3.278093 4.053222328303795 3.2452738086303525 4.657735785896214
37100.0 2.583639 5.995981 4.090979628443263 3.1456577715215386 3.8116096190543343
37200.0 2.868771 8.180430 4.172690130439319 3.386684748353294 4.12260568540332
37300.0 2.060496 3.890657 4.128400742572323 2.945441392985519 4.8796354420910255
37400.0 2.662282 3.841013 3.6539476911799973 3.0280082487042606 3.9428660942469476
37500.0 2.418833 3.049713 3.6220593517204693 2.908600618452818 4.612847310831993
37600.0 2.732934 3.735787 4.106087982297062 3.193538156581102 5.495529172360453
37700.0 2.238866 2.318664 3.7105571389780363 2.892635092109362 4.47991742292623
37800.0 1.956956 1.944832 4.000806916809254 2.8321080794329245 4.682407260663866
37900.0 2.567262 4.334370 4.346386766397515 3.2949693049660786 3.9839842116343136
38000.0 2.379396 2.320110 3.7365928329113407 2.9349413696465487 4.301776146794655
38100.0 2.514417 5.084987 3.925844811756424 3.1060488551927183 4.5554381426032675
38200.0 2.304436 4.507987 3.9423874720804686 3.0536562756530317 4.462307213761291
38300.0 3.307126 9.169812 4.385297022347891 3.649865402613041 4.875356404081599
38400.0 2.791934 4.671134 4.3355664495038715 3.405908778144863 3.843604560254412
38500.0 2.515565 6.640199 3.7078383697059465 2.986355134938917 3.931579209718817
38600.0 2.447618 2.149341 3.3877890854950086 2.7288790413817536 4.489841038773055
38700.0 2.289150 2.592880 3.6755014827187655 2.883834459585562 3.7352472330840025
38800.0 2.150291 3.046454 4.059137680392971 3.03291486786655 4.55269130234448
38900.0 2.386418 4.016130 3.8315602779575313 3.0080267692414173 3.4331440641073128
39000.0 2.651462 5.229495 4.244150670645065 3.3521177296144895 4.589471934584813
39100.0 2.612408 5.528834 3.754429788926779 3.033219527480165 4.031541775970468
39200.0 2.908128 7.154327 4.352857285984195 3.3969651267960006 4.652336934657464
39300.0 2.367506 6.143190 3.903590957180303 3.053059368200774 4.5864404676319115
39400.0 2.584061 7.436090 3.5770995734831357 3.019880887359331 3.979261545788453
39500.0 2.217280 5.846980 4.19557822200119 2.960655075964182 5.111798276375862
39600.0 2.499593 6.770426 3.630868913332241 3.0290574091342504 4.639069716805775
39700.0 2.303390 5.378455 3.7611674099152372 2.889927006205857 4.100695142202301
39800.0 2.552431 6.665607 3.8437570004332793 3.0811598141159156 4.018336662116941
39900.0 2.291362 3.852038 4.08836983252535 3.0676642610953735 4.5862796041664184
40000.0 2.764934 6.860854 3.9676981538413783 3.0929945699773067 4.574430267912741
40100.0 2.433591 4.168438 3.659102560201645 2.888948033281129 4.474421801051312
40200.0 2.359859 6.799878 3.9199529279875756 2.9375968553507987 4.417023211417046
40300.0 2.356363 2.986232 4.263731982664233 3.12377242427363 4.647012345610594
40400.0 3.610154 7.707554 4.624168310182961 4.111431244490962 4.461823618147685
40500.0 2.969058 6.894661 3.6992294935337253 3.1857468694016178 4.12941960342291
40600.0 3.703409 10.908794 4.836844478856926 4.058089127106907 3.825188459983005
40700.0 3.187385 6.500423 3.932345729546719 3.425768728309114 4.4442709840910215
40800.0 3.143657 8.818784 4.406810399894838 3.5099165484874786 4.717803001130795
40900.0 2.626390 5.978102 3.863589768253987 3.1692770609451153 4.549932509389001
41000.0 2.638376 8.418080 3.9227696918322965 3.1312756770551493 4.271771297348772
41100.0 2.684345 5.306829 4.1313427472344575 3.2176908810200713 4.427142072531649
41200.0 2.816067 7.648599 4.070619276239293 3.2042034267703174 4.317806340953735
41300.0 3.864448 11.722191 4.351364505615831 3.999698391274687 3.72291686314897
41400.0 3.492581 8.699966 4.717986579612175 3.992558919806163 4.43175539014249
41500.0 4.584183 14.130711 4.89917963347293 4.576360288436942 4.180471296989491
41600.0 3.407607 10.411327 4.3963570068336715 3.669500739657647 4.25761519831452
41700.0 2.505968 2.443782 3.6072570444317438 2.9491493072406967 5.065099788645214
41800.0 2.748120 7.694199 3.9547231313897244 3.1440118602111666 4.998428054588577
41900.0 2.279779 4.300560 3.8839479706136606 2.935541534138787 4.668070726620432
42000.0 2.533406 5.708259 4.1221388596873645 3.0294997004184645 4.700424503343376
42100.0 2.956790 5.861456 4.041903536218974 3.2826675304186974 3.9783322245325747
42200.0 2.621256 9.289165 3.992663369650956 3.1648534929851677 4.786375936722612
42300.0 2.981916 8.182950 4.425496492945412 3.5376995895172554 4.520666875412227
42400.0 2.013389 2.908504 3.9266492240143442 2.894521029546982 4.530503395037115
42500.0 2.085751 4.598555 3.8162309083622223 2.726772620018057 4.028852265747201
42600.0 2.958439 6.921338 4.182703992716842 3.4607144263629124 3.9464576602299513
42700.0 4.002630 10.212634 4.820440767821007 4.287596743862156 4.268798500780962
42800.0 3.544141 10.979003 4.088720596720801 3.5461254816270635 4.106251349222607
42900.0 4.327105 9.442984 4.866953671106185 4.527409633445737 4.611928954459223
43000.0 2.503928 4.867112 3.7086157629371828 3.022194685691964 4.519784095008884
43100.0 2.225148 3.422074 3.7069802141485755 2.7781224276961534 4.192108715073625
43200.0 2.093921 3.563688 3.8051446076654334 2.913194942346061 4.453181296577188
43300.0 2.351935 4.460863 3.741322100446448 2.850443170948494 4.532635689733387
43400.0 2.955796 9.868572 4.219670312553297 3.384123633430531 4.405991309275176
43500.0 3.487321 11.413633 4.6187641795935654 3.8546351533990793 4.3322665841259145
43600.0 2.407766 6.865120 3.4605310098114677 2.718098802577765 4.461046495741629
43700.0 2.223627 2.778316 3.702600288082979 2.9048878796281556 4.52155467037556
43800.0 2.376508 3.617928 3.483494920494241 2.7710887404177345 5.185644207561341
43900.0 2.677309 7.149452 3.9127581998742174 3.167530292515925 4.602403131865507
44000.0 3.093111 6.912252 4.253437458914006 3.3326392340573356 4.776928200071187
44100.0 3.046650 6.332675 4.231436662090319 3.4876929786396444 4.437826804944143
44200.0 2.626294 6.106828 3.5312739439985306 3.025648633993717 4.283267472022218
44300.0 2.400614 2.082482 3.6525248484570727 2.7811081064024616 3.9023769390451224
44400.0 2.217287 4.408399 3.621873395739903 2.8165304578256602 4.386524239627884
44500.0 3.523136 8.204215 4.228782584716278 3.6292860228999166 4.350478642393807
44600.0 3.059714 7.049514 4.181953396920147 3.500350819717406 4.156981732367193
44700.0 2.657891 1.806648 3.7719746070354594 3.149235823689423 4.578982095168821
44800.0 3.011202 2.905040 4.212170493320863 3.3952319613872195 4.783653075163342
44900.0 2.748021 5.533528 3.836124956242161 3.0882718909340707 4.293608940877777
45000.0 2.721578 0.991083 3.765111524948486 3.0755845549845833 4.41213909512049
45100.0 2.502827 4.067064 4.048345922801629 3.1340952836714395 4.532965560104938
45200.0 2.852106 7.592632 4.031579128026151 3.2442756886597515 4.104950778294362
45300.0 2.645669 6.287747 4.319559009313285 3.327151002846242 4.544999245397105
45400.0 2.612796 6.288487 3.393052817579433 2.8821952043902885 4.352691905018255
45500.0 2.370429 5.735164 3.4168933524735494 2.8505496165604405 3.5243701196810395
45600.0 2.329119 6.887182 3.6157261857044825 2.802347825364345 4.467375508781992
45700.0 2.892065 6.769203 3.7569410997071335 3.157673865497814 3.837470816335282
45800.0 2.894344 7.547981 3.833871858633759 3.1224428756639506 3.9988205443140203
45900.0 2.299395 2.238802 3.7887076385062226 2.98964041156822 4.106064446941548
46000.0 2.788625 4.026782 4.215652949529391 3.3573721468752735 5.447210744719867
46100.0 3.332576 7.214658 4.649381627400383 3.779056211567988 4.5461599097995515
46200.0 2.474020 4.266003 4.272380963123749 3.2953570251261834 3.943270022456453
46300.0 2.167847 3.856765 3.476183477643232 2.7452570684052797 4.6083595745841786
46400.0 2.211744 3.391378 3.691790659538456 2.870111895224853 4.204967877745547
46500.0 2.157945 7.369528 3.662446651781417 2.880602418477644 4.1607186554294575
46600.0 2.218305 4.561830 3.613497312420469 2.848888806798738 4.110422364227886
46700.0 2.544911 5.972005 4.071821423035557 3.156313117366468 4.3882906822174395
46800.0 3.186709 8.608971 4.4060518879086015 3.6717200407824526 4.671495325576285
46900.0 2.574236 5.909866 3.8946199840619284 3.06851157934409 4.4500431336661395
47000.0 3.450384 6.773825 4.281343434615243 3.614375006913289 4.614918614608025
47100.0 2.762244 6.509068 4.216380635685811 3.306973796567887 4.634825173851636
47200.0 3.399726 9.855145 4.110610733323535 3.512611874318511 3.839040301881779
47300.0 2.883257 7.468312 3.9414165833487393 3.150920387297145 4.31401718322206
47400.0 3.029498 8.496263 4.387190417505759 3.6024054909548036 4.000112568318722
47500.0 3.417079 9.775964 4.1952864153282325 3.624449722033447 4.0743931926718595
47600.0 2.338777 6.833398 3.84094549531237 2.9039942585118226 4.108852070820075
47700.0 3.918585 10.254853 4.798708411894927 4.144153922051145 4.239898062018416
47800.0 4.627115 13.715764 5.042496827235693 4.781055650923227 4.18818715442234
47900.0 4.909346 13.019162 5.539447872007798 4.954039792491285 3.696082814448357
48000.0 4.131385 14.222467 5.0583074760242015 4.360348954251404 4.234807909873919
48100.0 4.270916 11.314419 4.763616515812254 4.237521003303073 4.73666787015143
48200.0 2.994279 5.072860 3.657052635893022 3.2374599620812314 4.056640933945967
48300.0 3.527644 11.965046 4.553968639523667 3.902824736617884 3.9300797857128287
48400.0 2.196001 5.305902 3.647986580036906 2.7749610355302465 4.31600296680098
48500.0 2.403775 5.521217 3.957532326563303 2.96573108884868 4.208839339494059
48600.0 2.619323 3.504135 3.8991950232382404 3.0955697318445083 4.506838910710095
48700.0 2.475127 4.487984 3.558588576794815 2.923909047109063 4.6588570232302
48800.0 2.109400 4.184897 3.9203223895872434 2.9401314596909622 4.55933528369552
48900.0 2.374018 3.196817 3.3510072679957212 2.7847856660050985 4.004553437032585
49000.0 3.347049 9.228132 4.52516621061556 3.6844554130364795 4.305962906718862
49100.0 2.490106 4.025956 3.781900137585009 3.041706203941863 3.67355561194825
49200.0 3.157841 6.692186 4.142746079500398 3.4506571011347367 4.290474311630174
49300.0 2.506426 3.950796 3.6397976658760403 2.9988376613658048 4.23535915288184
49400.0 2.143181 4.975782 3.753073365834325 2.70397719171655 3.9746337136684455
49500.0 2.405836 3.395140 3.7842603528005334 2.930450191046623 4.681497545505392
49600.0 2.519961 3.280784 3.6918622527638756 2.877830397053583 4.051700568492042
49700.0 3.098780 9.084221 4.117016511244396 3.4972809860183287 4.800852785146101
49800.0 2.735005 8.689417 3.9677627929160124 3.219550009161083 4.087316507477229
49900.0 3.153791 8.529473 4.254228521671122 3.567764282954162 4.061788410026369
50000.0 2.350833 5.270809 3.900946898154293 2.9598876275592088 3.960786726609147
50100.0 3.002193 9.312777 3.934762244258656 3.332936128559845 3.9078328119620362
50200.0 2.568796 3.886768 3.897479208582914 2.9929739481235726 4.644723136286791
50300.0 2.561714 6.713737 3.656088468694339 2.8880632142268277 4.956677370747619
50400.0 2.083534 3.301192 3.6129511072200806 2.6904591802730082 4.482879340661506
50500.0 2.394788 4.802509 4.112769445374388 3.002669466416957 4.994665700250613
50600.0 3.083205 6.396094 3.743441059966468 3.2819548537816217 3.617342375644338
50700.0 2.328707 5.280998 3.91024383101339 2.964958929377705 3.9919190619032157
50800.0 2.558939 6.194037 3.895408908525912 3.1007750430549916 4.364842643054098
50900.0 2.359441 6.884360 3.491565430720673 2.8054286485221325 4.6380501760847785
51000.0 2.504269 4.578641 4.144095032396558 3.1440533573175853 4.430109090210906
51100.0 3.653778 12.286985 4.344132355559214 3.77273843718886 3.407553261580487
51200.0 3.370989 7.600583 4.251167808012379 3.7534649228917605 3.9884614704850687
51300.0 2.587425 7.398425 3.864145530684607 3.103194057662753 3.9292318173180005
51400.0 2.736321 5.625846 3.4765351646389955 3.0175840477008173 3.5678366336279836
51500.0 2.202462 3.868325 3.654927354452535 2.804227672187974 4.47149378694215
51600.0 2.313757 3.726918 3.8188521333415952 2.8581616396718146 4.638901260469895
51700.0 2.006818 4.833173 3.8416484062899308 2.796145263887082 4.344895592271092
51800.0 1.998222 1.942093 3.7743177382101005 2.7518985864899705 4.286542527659097
51900.0 2.387889 4.709301 3.889316873164946 3.0342293762504564 4.781007916733635
52000.0 2.375506 4.472678 3.5585928730622514 2.9546582189482073 4.148505226023846
52100.0 2.192482 5.223714 3.7984057893800585 2.943353690560438 4.6549006402916
52200.0 2.233405 3.747952 3.97727767106109 2.918373883255271 4.054950984172255
52300.0 2.333018 1.180513 3.9929260980019086 2.9207252282587985 4.270182537293945
52400.0 3.228221 7.212087 4.0892831417254225 3.535805092321435 4.112269912002833
52500.0 2.387655 3.835554 3.5516494359220547 2.8669422895064027 4.57259209792113
52600.0 2.651120 5.928661 3.9420418257710317 3.211702124625884 3.7445121465406936
52700.0 2.737782 5.306185 4.205031629236443 3.139020496211441 4.807474700010531
52800.0 3.536073 9.023400 4.752571424526087 3.940298682791012 3.781286188097629
52900.0 2.909931 7.850946 3.8447084105048708 3.1621361549946014 4.582731821851616
53000.0 2.552471 2.454937 3.696283143875135 2.919367120596423 4.732341460410392
53100.0 2.539708 4.688357 3.6902390941878727 2.957214245301696 4.2848160149099925
53200.0 2.960634 6.783756 3.8302550006495366 3.2497186766136483 4.443894573555328
53300.0 2.714710 4.391537 3.401034364092119 2.9512339678852233 3.8625743644485837
53400.0 2.426878 5.784906 3.7945524390208605 2.95013203837298 4.1870496065776885
53500.0 2.419877 2.923083 3.930288702587984 2.9837902754510885 4.789626160720831
53600.0 2.790777 3.405732 3.7614128950264982 3.0496489190605933 4.226979962637087
53700.0 2.232867 3.276159 3.5959498799074043 2.7666026706067375 4.504282471984544
53800.0 2.517461 2.037244 3.4922294922180797 2.8716970989706847 4.277821280165221
53900.0 2.305334 2.913559 3.4874720876584844 2.8713189784672806 4.254988754631818
54000.0 2.273223 1.159249 3.8188334879754997 2.957800521662657 4.6757107210708195
54100.0 2.314380 1.681740 3.7546236968301345 2.9299637848088964 4.823758387614748
54200.0 3.223535 6.658643 3.896314377534637 3.410446747269723 3.741718519978676
54300.0 3.826023 11.213612 4.881478817304787 4.200292962230785 3.305899939313517
54400.0 2.150031 2.716089 3.5176709251672493 2.780957955848664 4.10195458933891
54500.0 2.601365 3.516367 3.6163348205767 2.946383767852147 4.107469066111359
54600.0 2.756197 4.423119 3.8115410500062294 3.031952535250143 4.0967020779729815
54700.0 2.670013 4.357538 3.6624443535512423 3.035971630684184 4.016728802689635
54800.0 2.245910 2.481621 3.739470797689211 2.9288100347491666 4.162123412566637
54900.0 2.625572 2.143092 3.9816888071646788 3.1096258349829577 4.411303382513698
55000.0 2.564597 6.136349 4.196897875880261 3.2898378593684505 5.380615171491981
55100.0 2.410525 7.375460 4.228182292418154 3.142032214603817 4.730120939150033
55200.0 2.363357 5.152494 3.3604757950695294 2.781103591050656 4.382781771066645
55300.0 2.551885 5.189166 3.920487151946821 3.0609741254739395 4.275285028182727
55400.0 2.745778 5.237202 4.226849551009307 3.3772015095496686 4.936126841263195
55500.0 2.081335 4.996609 4.063301187895424 2.940779943322153 4.920180481833686
55600.0 2.365102 1.096596 3.6954781605462346 2.9018421021948613 4.288453111339694
55700.0 2.218422 2.433153 3.62975347299284 2.7788170036771835 4.709954593321177
55800.0 2.814438 5.287442 4.058343854203842 3.3054065351027395 3.7877123806754085
55900.0 2.920624 4.684774 4.1572335300752234 3.382819556060658 3.847553863381426
56000.0 2.447012 5.823973 3.4114783611800124 2.897089413178268 4.508126813772256
56100.0 2.062786 2.860266 3.706776576028628 2.8620826191724476 4.36911718518138
56200.0 1.974496 5.632490 3.8263785086773554 2.8590730722362117 4.420297558139656
56300.0 2.246476 3.284154 4.240047781445195 3.0847370160438836 4.715472034897985
56400.0 1.929971 2.070358 3.792301372254071 2.774443132731565 4.503973967390304
56500.0 2.208773 2.377711 3.5421623393372124 2.7903647368167386 4.343339663332325
56600.0 2.240201 2.755578 4.085826482833625 3.048524413746258 4.463449702305639
56700.0 2.212089 3.816990 3.846253004997316 2.9805491766914405 4.408462370100355
56800.0 2.431594 5.436451 4.5387350776208955 3.2863677624569405 5.13110721924393
56900.0 2.519360 5.607069 3.884075535837451 2.9541580744430544 4.887178541871022
57000.0 2.206342 4.568774 3.6893623605355192 2.8878990098433563 3.9683387817745834
57100.0 2.472444 4.862139 4.237883465771101 3.0750102174990097 4.779262815243434
57200.0 2.300555 3.910414 3.582469696420508 2.842830947893307 3.527657613816491
57300.0 2.627280 2.269892 3.8533517327566416 3.058027243689738 4.0760699260221855
57400.0 2.085668 2.068413 3.7713121037092536 2.819679669056619 4.198446444523588
57500.0 2.405047 5.338939 3.708637437901258 2.9160409804301715 3.90305133538621
57600.0 2.313731 6.970183 3.7180050692199114 2.9965586892094396 4.775256403668299
57700.0 2.808308 8.965727 4.293170012277776 3.391091452845447 3.8047802423404753
57800.0 2.438209 6.486652 4.273172271175583 3.1239837263340555 4.481910065517207
57900.0 3.956946 9.941233 4.053511869383601 3.9047267007446234 3.6740837737833405
58000.0 3.400407 8.595584 4.581420078408243 3.757452924351886 4.423920504888985
58100.0 2.275680 5.170254 3.7546207630849042 2.8776003582830674 4.562233457232829
58200.0 2.292568 5.693443 3.9241665000020953 2.897438112795518 4.723321692262656
58300.0 2.993671 6.699589 3.7710593942351176 3.3253220351814505 3.571373057527021
58400.0 3.564263 9.560370 4.680751529869244 3.977031407644629 3.4390303923458174
58500.0 3.416522 7.611448 4.414479459052404 3.7694042095701343 3.9336662334612478
58600.0 2.665961 5.120102 3.729642811207849 3.0756335413022144 3.943444918473086
58700.0 3.199088 7.517386 4.235601796417068 3.466669557384357 4.804528320474299
58800.0 3.112582 8.973523 4.194310687449699 3.397632112682545 4.600298290100179
58900.0 3.050541 8.265337 4.2675805701398 3.453309322702397 3.999676594046916
59000.0 2.884318 8.490458 4.012773477384031 3.222049806599212 4.329066159302671
59100.0 2.529582 7.547859 4.385560161691956 3.2116956288749514 5.078248066908088
59200.0 2.802010 8.511201 3.8619743397186586 3.170232430930486 3.780704321083019
59300.0 2.534793 5.212772 4.117231767397339 3.1402367139207943 4.417254741405109
59400.0 2.665155 6.977805 4.188236360102904 3.196905178829989 4.264229961389662
59500.0 2.980457 7.113379 3.874207984981401 3.320225160937372 4.468590744614324
59600.0 3.028816 6.571819 3.817290801486005 3.172419315663531 4.605425785447187
59700.0 2.271689 2.298176 3.855567359110029 2.8658192318781235 4.1668793298048
59800.0 2.256087 4.065632 3.5453231601977877 2.8308544496353094 4.090642825230953
59900.0 2.480724 5.635463 3.4529951025013537 2.8392765151678163 3.4482070659913027
60000.0 2.744358 3.185011 3.914247174073827 3.243377008929638 4.0633798556222835
60100.0 2.886165 2.982479 4.2238732801800225 3.4018441425231947 4.672063272659903
60200.0 2.325948 2.954615 3.862094675671901 2.956837811244945 4.485700709569821
60300.0 2.994284 6.158884 4.047569545025097 3.306999200583534 4.246888802036911
60400.0 3.006414 5.033461 4.050393119626408 3.27188115208294 4.227625273100956
60500.0 2.647910 6.210636 4.345737557516336 3.360314769018596 4.668379800054699
60600.0 2.747782 7.055901 4.236731678367947 3.228978119041599 4.4224808277182515
60700.0 2.506441 6.354425 3.8352731392010075 3.032026301022173 4.531456376808819
60800.0 2.881949 10.077054 4.182012935610163 3.289468035074358 4.541137581833898
60900.0 2.378809 4.972513 3.432372556954971 2.8253151028861017 3.9888387645789103
61000.0 2.646991 4.224228 3.3929777183541123 2.8519532679313797 3.719430646049197
61100.0 2.298311 4.183684 3.9184319423258813 3.0257972311123154 4.660072403453464
61200.0 2.387098 3.623987 3.87795597307933 3.0353857640627186 4.877229561125933
61300.0 2.104905 5.751229 3.6705767929609125 2.952096281434836 4.3359016142839675
61400.0 2.365786 4.122189 3.7528763329697847 3.113213460444291 4.282493228227659
61500.0 2.743530 5.829969 4.407869493876683 3.277570302584959 4.515769799964688
61600.0 2.587297 5.618172 4.209418306335081 3.1331686875068088 4.388266489106737
61700.0 2.351115 2.642888 3.685540795299863 2.9022026247488437 4.283283343050124
61800.0 2.205404 2.817621 3.536237629811254 2.787193817039864 4.041182812508416
61900.0 2.600952 3.463017 4.048478969913864 3.220913971462568 4.102804295366942
62000.0 2.665159 6.819749 3.7658571850260674 3.215197238656057 4.464884357829268
62100.0 2.310878 7.050035 3.675643926428051 2.9167818856232492 4.548365617237518
62200.0 2.521753 7.026070 4.006138789599559 3.0805135499705494 4.282858782092401
62300.0 2.767670 7.431496 3.9466848506039396 3.175553083522592 4.068716732838516
62400.0 2.357199 6.134956 4.10132686884851 3.0717501509113307 4.676160610466115
62500.0 2.255459 2.203926 3.6813905129006685 2.800470452044748 3.6722236230671914
62600.0 2.986298 5.530634 4.0386737214647574 3.3796580131711584 4.735157467375528
62700.0 2.343396 2.013014 3.5016551716060174 2.869839404410412 4.240932538688235
62800.0 2.326930 3.086943 3.4181760687481084 2.8031169806280642 3.8170173742260833
62900.0 2.856720 4.705442 3.61734424093717 3.0771789963469316 4.197370299397962
63000.0 2.528717 6.011717 4.268103967108317 3.1915948776992535 4.575177988246478
63100.0 2.640036 7.946779 3.941461524590943 3.175079205917578 4.680317945577792
63200.0 3.379574 6.962174 4.027793742285057 3.633106953012363 3.578156897882925
63300.0 2.476932 5.498141 3.6184501367418473 2.890422611128968 4.4795793175133705
63400.0 2.656232 8.557706 3.8996736723067706 3.1324922168367646 3.924616118424081
63500.0 2.756275 7.079545 3.866448342851717 3.1477897500167185 3.67913875090346
63600.0 2.793004 9.246604 4.485746220285535 3.4097897797666907 4.5404132285180605
63700.0 5.453559 13.792855 5.8644339431943235 5.415578762435129 3.7116071999265334
63800.0 3.203655 5.566991 4.067331057780361 3.4755303406028597 4.557658503667296
63900.0 2.333977 3.392175 4.036522812444112 3.0779002352367506 4.363409787413372
64000.0 2.687704 5.604725 3.6763597170873674 3.1232170282705245 3.698040975671707
64100.0 2.995575 9.791676 4.4375318547817315 3.541616923694753 4.225459636029034
64200.0 2.545612 6.980589 4.043343350028359 3.202669974501991 4.387497702568145
64300.0 2.367040 6.578214 3.8251008402604323 2.9581913117323735 4.222494768401266
64400.0 2.161903 5.243056 3.7278891325786705 2.8345475989628026 4.711023137497146
64500.0 2.222657 3.270989 3.328356060722471 2.8568357733112695 4.1303023331800315
64600.0 2.613530 5.247660 4.070510442915103 3.1006112366831706 4.283571372378007
64700.0 2.289590 3.216409 3.6988255365644367 2.8355131669462765 5.057053906791671
64800.0 2.120170 2.847380 3.6569614820792955 2.7615522617892543 4.184145347786636
64900.0 2.922852 8.555473 3.8447320763042776 3.1603993720738264 4.211237571645413
65000.0 2.834687 4.915741 4.132309337253189 3.261059644184078 4.85709478097639
65100.0 2.779910 6.536093 3.8839676731534913 3.1378047328558116 4.48565519525682
65200.0 3.162535 7.625987 4.06426285259303 3.4130376424290136 4.944514847685727
65300.0 2.808869 7.389352 3.93198851471185 3.140222164207195 4.297110279635799
65400.0 3.592705 9.773739 4.588877425206526 3.7845400617648823 4.642779359089918
65500.0 3.496619 9.556220 4.570399821741442 3.8748391190897493 5.001218801462664
65600.0 2.840630 8.579367 3.7109272389501826 3.1798702179791754 4.373705520635292
65700.0 2.561144 5.996482 3.75769276515286 3.05680636773465 4.183714754970742
65800.0 2.513687 5.145984 3.7804628999719414 2.9877700528207516 4.467424038259736
65900.0 2.782976 5.080115 3.406351193428346 2.985109167641488 4.435957959148197
66000.0 2.449841 6.434297 3.8636434292366904 3.0694118345559356 4.644265356420897
66100.0 3.491439 10.555115 4.406344434589506 3.7224197007126794 3.895863988231292
66200.0 3.231131 8.487231 4.40923346839117 3.6029621002952052 4.235905075310228
66300.0 2.792655 5.441953 3.8058903362819296 3.1519845742148775 4.193787656837631
66400.0 2.359420 3.712978 3.784246667650133 3.034816072493237 4.0540620204697575
66500.0 3.075164 8.755517 3.6026192886711246 3.155879271259043 4.059891573162521
66600.0 3.575015 8.756730 4.036330673707526 3.7200735699461305 3.8704700027675214
66700.0 3.627708 9.818335 4.594690635563792 3.906488013877078 4.406395561935442
66800.0 2.768879 7.890065 3.888680296223427 3.1869057403240975 3.881799516396169
66900.0 2.393163 4.482516 3.9030915927517795 3.0294377068453753 4.613125681780866
67000.0 2.478455 5.656439 3.6387720527687977 2.9449868392917 4.220943856074189
67100.0 2.798673 6.576576 3.6746602235517942 3.107339974378443 4.128972881598931
67200.0 2.588687 7.415232 3.441221988047701 3.0337513108780283 4.014246465806156
67300.0 3.254482 8.967256 4.2597921390683515 3.704908676539749 3.660691433281182
67400.0 3.111117 8.079857 4.168904074583871 3.3904001834894877 3.762506406027867
67500.0 2.660442 7.491106 4.44554234239671 3.388175727648909 4.400017943182688
67600.0 3.075413 9.125781 4.331709605855962 3.464585857581081 4.264984644951474
67700.0 2.287377 5.601926 3.9194347343874383 3.0353252374608433 3.740065276045701
67800.0 2.926563 5.786275 4.371255292194119 3.395904537934206 4.338273520403441
67900.0 2.586862 6.538389 3.8597183649146753 3.0751586321821804 4.394747530286071
68000.0 2.352331 5.867346 4.087914034366087 3.1214833801432804 5.181051730954141
68100.0 2.336653 6.207203 3.6526804687767864 2.8803731283636873 4.603303661068768
68200.0 3.001056 9.794866 4.065772268946928 3.335031880217379 4.1355166678440645
68300.0 2.703377 7.254316 3.7507982262204504 3.036109006719231 3.975084339829404
68400.0 2.657818 5.991854 3.9413197135547846 3.180107689686427 3.8324185600452765
68500.0 2.163317 4.538196 3.6009278921821997 2.726767387587081 4.695338049958864
68600.0 2.371132 5.214935 3.9570454276759817 3.0093369075017478 4.702798607268289
68700.0 2.153691 4.007758 3.6600290571481437 2.850645119338445 4.457506130960999
68800.0 3.598203 6.696006 4.7697986149342055 4.010028059835534 4.208319925639129
68900.0 3.073193 9.466648 4.542575007447997 3.5341768770448447 4.882496805941852
69000.0 3.414750 8.502619 4.505590972220381 3.7865087138540394 3.771912102144928
69100.0 3.019102 5.728743 4.0540670903283775 3.404103887702836 4.184315254860756
69200.0 2.563401 1.136907 4.372815502982235 3.306235569773857 4.013147550697005
69300.0 3.008848 4.400587 4.265624774057279 3.44114825148392 4.407401359266664
69400.0 2.537138 2.918172 3.5639144042290134 2.959490452533208 4.186411925470273
69500.0 3.071153 8.008357 4.373421067813461 3.4842717806405124 5.437726818466841
69600.0 2.318670 6.104590 3.185486709421559 2.7950742458987956 4.188067276189701
69700.0 2.787456 4.900593 3.4600728856692258 2.947532302102117 4.17682085733694
69800.0 2.657259 5.202939 3.9709706645163725 3.1391814698598033 4.388392379519159
69900.0 2.701873 7.353612 4.108042611364619 3.2339569660287757 4.5091765884945385
70000.0 2.284482 5.217809 3.4610409349279974 2.7744808567494696 4.104631278846122
70100.0 2.261230 2.446952 3.679899574860992 2.9485275528708215 3.9531994205471697
70200.0 3.949602 10.581246 4.340822824557568 3.763578199648798 4.224200197307137
70300.0 2.962449 5.098887 4.3265119160719 3.4447516968307736 4.3265687476562755
70400.0 2.704891 6.968789 4.034190578637185 3.1217722568933968 4.217435804836909
70500.0 2.328131 5.965307 3.825511649155593 2.8917094023666516 3.9892972420017156
70600.0 3.299458 7.491051 4.247843912029431 3.6854055750320716 3.981321036584795
70700.0 3.717642 9.025354 4.408018264020719 3.9164628656506277 4.036437140370744
70800.0 3.249798 8.056916 4.1710219180081465 3.465363791731142 4.321701351826177
70900.0 2.782707 8.736185 3.714152571246535 3.107966943760315 4.4464929189332425
71000.0 2.203347 4.833015 3.5918933120123313 2.7993878509688357 4.419306862348776
71100.0 2.173968 4.830123 3.614255674995854 2.7629873693954763 4.817254731257728
71200.0 2.733718 9.694917 3.8876156875280055 3.0061950490897464 5.292171363646096
71300.0 2.422598 6.048700 3.594933877555582 2.8829279076853163 4.4881784335148405
71400.0 2.125484 2.872788 3.8373197537509904 2.913403553169187 3.951914812891922
71500.0 2.523682 4.022793 3.7228104298759814 2.8764418029058785 4.887320909190192
71600.0 2.181893 4.591508 4.259801404596023 3.1342296413431745 5.225849721616848
71700.0 2.288427 4.603784 3.757619900735305 2.9407315359631423 4.0297028202108836
71800.0 2.270639 3.364244 3.964042119855637 2.863212896691247 4.916054326675978
71900.0 4.032965 8.505629 5.414032569343822 4.543690107727819 4.335839103268355
72000.0 3.720133 10.318756 4.587526104905413 3.959016331274692 4.091719934629268
72100.0 2.985340 7.892897 3.871308001467294 3.228035011222773 4.208973602080085
72200.0 2.536695 6.940449 3.5663459642638333 2.9131549014188973 4.477845394474909
72300.0 2.318795 4.537319 3.895499457724557 3.049096934768322 4.495305598256021
72400.0 2.317592 5.340890 4.08031357106935 3.0666036198836215 4.347572672033305
72500.0 2.503359 6.510954 3.776633310535902 2.9497119778258507 4.1448452022835305
72600.0 3.012482 4.605502 4.20951958784786 3.430446069735371 4.429649071949626
72700.0 2.329568 5.710294 3.786735912211284 2.9418696094552814 4.083256349574884
72800.0 2.922591 7.834164 4.434425588251911 3.585514556750337 4.697719921231188
72900.0 2.300314 7.222685 3.85310888823804 2.9263517658378637 4.119205565992465
73000.0 2.403234 5.129311 3.7293659905344705 2.8471807315417794 4.108676205898914
73100.0 2.595390 2.935130 3.758434851810693 2.865332889397502 4.967374762892617
73200.0 2.223883 1.745787 3.6641213258275678 2.820430340403022 4.625365063866962
73300.0 3.012863 8.903757 3.9941396897945225 3.2990063472898936 3.7919732882957096
73400.0 2.664558 4.770544 4.070064333975708 3.2223002800892946 5.1708388297541985
73500.0 2.843752 2.102909 3.8918089475682076 3.2253808918701288 4.549519554620714
73600.0 2.644343 3.985289 3.9698303617018205 3.140037357181233 3.7200044007176802
73700.0 2.767260 4.028905 3.9837908740341392 3.3096707034735973 4.75788419440902
73800.0 2.325545 4.522470 3.414184485747194 2.783719001713461 4.338185183111322
73900.0 2.291904 3.493621 4.2043850121382755 3.0506474275364748 4.775924210638916
74000.0 2.471309 4.206329 3.897760470642483 3.063101457662159 4.971792590917487
74100.0 2.719754 2.942002 4.054098226103903 3.2149337871570745 3.8942255786878874
74200.0 3.719236 9.997030 4.85153589643351 3.9684423757042953 4.180749538751673
74300.0 3.438752 9.463575 4.8439913501501115 3.9701091962687887 4.735369589777917
74400.0 2.984596 7.345460 4.332893421614019 3.510620032456358 4.307598751687042
74500.0 2.326925 3.600574 3.3646567168681942 2.756517453541765 5.000583551045223
74600.0 3.077074 9.578446 3.8458757249958473 3.359026537921264 4.329242470276116
74700.0 2.096005 4.388435 4.026376841812599 2.9055609704502663 4.655381705749103
74800.0 3.638986 7.064775 4.7148762672453195 3.99683885134311 4.1640225274605385
74900.0 3.802497 9.887708 4.301715400704702 3.8415782268273246 4.562948744586568
75000.0 4.184274 12.964737 4.824962589293778 4.164293293243689 4.693916588294232
75100.0 3.999453 13.516423 5.077010753871283 4.266663039305397 4.4930300914240435
75200.0 3.612778 11.199435 4.795473398193586 4.043479073792393 4.295746672618127
75300.0 2.911433 4.645404 3.5423819092955173 3.0757800438334306 3.812745072872213
75400.0 2.088995 2.217962 3.9182727224985463 2.7931095846834055 5.446864439481758
75500.0 2.299599 1.015171 3.795827420161884 2.842816484599366 4.802247385492512
75600.0 2.329270 4.556394 3.949883153613018 3.02750927909697 4.786723523519872
75700.0 3.043252 8.415843 4.5511446134576685 3.6286759375473743 4.0978876164702305
75800.0 2.154427 6.697999 3.9375061252485675 2.9108186434580947 4.786901180616197
75900.0 2.232259 2.488029 3.5590094207451126 2.873208257382019 4.1435468619126175
76000.0 2.344604 6.070630 3.7087989714586316 3.006900154568317 4.431233686282272
76100.0 2.774022 7.860823 3.4758154703236053 3.11079247943077 4.262392136059525
76200.0 3.169548 5.144521 4.346022733293189 3.4831036328773677 4.782371057820609
76300.0 3.848365 9.698293 4.746081771384532 4.049474363532182 4.45246441558063
76400.0 3.068274 7.836564 4.305019925527052 3.4492537706728523 3.572599916124082
76500.0 2.741152 7.062198 3.8811838235296605 3.1520484021715287 4.883195217950241
76600.0 2.316732 3.270854 3.925681578035375 2.9032481804946904 4.735761820956516
76700.0 3.512021 8.086449 4.473399788868134 3.7571445455648425 4.177755432219549
76800.0 2.604780 5.578233 4.191664031181597 3.3359856026429284 4.40340683278092
76900.0 2.984466 4.022223 4.319013685543296 3.4606224516496624 4.367563565218827
77000.0 2.490409 4.193217 3.805509881064505 2.861913371739135 4.185962058733552
77100.0 2.721916 2.820901 4.35125858568316 3.2656710266322366 5.077018723871031
77200.0 2.259267 5.160979 3.6951731753828287 2.88259166711108 4.443491034904228
77300.0 2.587228 9.096072 4.0576107312984515 3.155903706784084 4.196811588407551
77400.0 2.528053 1.954982 3.614731770815335 2.9558343969095073 4.268204101738978
77500.0 2.218675 2.889815 3.740347297744485 2.853361060745694 3.9621010686466502
77600.0 3.256693 8.369225 4.591366240593392 3.6578485700146066 4.682785494751113
77700.0 2.742227 9.328183 3.910350884618996 3.1802574099587773 4.504254797115523
77800.0 3.020821 7.262924 3.883430624202157 3.3220393060497564 4.483181899662569
77900.0 2.262784 3.256021 3.925986520694714 2.914178213263609 4.895544064872198
78000.0 2.515743 6.782391 4.133317376175357 3.1457795264667796 3.999967823765348
78100.0 2.590163 6.370508 3.4132362191376466 2.852389977761007 4.1184431250862845
78200.0 2.593248 4.235782 3.9136298179003255 3.0129242542479053 4.609828497532846
78300.0 3.368138 7.932636 4.026540880301967 3.537400588021655 4.395545945181295
78400.0 3.233829 6.676287 4.303762952118725 3.5648665977690293 4.52771731515937
78500.0 3.361881 11.044163 4.481581758583541 3.6525947324621897 3.9987146356856726
78600.0 2.869089 5.926887 4.516114601140621 3.483255728108034 4.478907139861534
78700.0 2.745015 7.359947 3.7746993032569103 3.088670549751137 4.5451046518337215
78800.0 2.444375 1.818284 4.109098507562446 3.0923448049761437 4.886151336059145
78900.0 3.117752 4.713741 3.880114256308086 3.296262488698975 3.5723191182717655
79000.0 2.948850 5.478831 4.476001238867471 3.5669777464399717 3.6642735734959335
79100.0 3.038450 7.958520 4.450563024817989 3.515508003511402 3.9501058780833698
79200.0 3.053542 2.408782 3.8790973924439225 3.2734626082622094 4.197109195322462
79300.0 2.393811 2.750392 4.01862290174609 3.020681107310635 4.302592411077628
79400.0 2.660685 7.048723 4.071300190761937 3.1905695153605462 4.767362335764859
79500.0 2.736670 6.849362 3.831726234595827 3.1503944197142757 3.549909712446497
79600.0 2.374779 3.994716 3.809844848284351 2.8722656134329574 4.431836312375093
79700.0 2.047173 3.864246 3.7344379178219405 2.7639200510780637 4.83677780831286
79800.0 1.992573 2.362498 3.8917242481598584 2.7222036561760574 4.544294189357278
79900.0 2.623990 3.194668 3.8997255032783826 3.1264791248320973 4.078835213548933
80000.0 3.237696 8.219353 4.2265127489256775 3.4961450330707167 5.184345974518738
80100.0 2.365740 4.992313 3.701901637831658 2.951274016721053 4.244124836296403
80200.0 2.920401 6.229313 4.215397792600425 3.458046135568298 4.21215053485056
80300.0 2.296125 7.480695 3.616341377911381 2.8025485768796288 4.3165640979323046
80400.0 2.827399 5.997925 3.9125093112386926 3.1425155403227634 4.068797797879379
80500.0 2.432824 3.673412 4.09755746077237 3.0783580176989958 4.351622609372182
80600.0 2.495613 5.834346 3.9118890686009573 3.0297133786847197 5.008369361212505
80700.0 2.348466 6.066215 3.4929795433793744 2.8777433446839673 4.31506846919047
80800.0 2.332204 4.576218 3.972934077797497 2.8639629502958273 4.896973623325859
80900.0 2.536597 5.396418 3.931242954195737 3.040254423445257 4.684806466411093
81000.0 2.828127 4.581107 3.764477820942485 3.0815888582452753 4.691571368589564
81100.0 2.398427 2.736091 4.0660537406602915 3.0009818711258065 5.00840910736521
81200.0 3.202249 4.714180 3.976703339543851 3.2838170877718253 4.500750430767034
81300.0 3.187150 7.234707 4.3907206405656 3.6128529969939835 4.085594802828798
81400.0 2.412730 6.890914 4.21886199784442 3.184469902780436 4.311018460109396
81500.0 2.477390 1.908174 3.5162750104681972 2.879891962249364 4.290991589892671
81600.0 2.689346 2.640645 3.968076994790739 3.1849406604023516 4.387341723037177
81700.0 2.212880 5.379432 3.8452572635254665 2.8988338545657006 4.314718038582892
81800.0 2.166588 5.539450 4.041521949378609 2.8657992276228996 4.556870507870264
81900.0 2.909909 6.864107 3.9927824511339893 3.3094366673639044 4.569829362505407
82000.0 2.315884 6.017135 3.9307142698926656 3.0525099174319834 4.457479135141383
82100.0 3.045969 9.747004 3.9680370760031733 3.3908175475586404 4.105803870079351
82200.0 2.766244 8.311611 4.092692046643565 3.201565432340966 4.608416491846376
82300.0 2.526952 5.700001 3.9969522819405703 3.1267189433673845 4.866049067218009
82400.0 2.408003 4.745202 3.873073684116485 3.0781758197993163 4.569712432074877
82500.0 2.852374 4.649723 3.8372227453137304 3.251737536384871 4.146061754910601
82600.0 2.541709 6.520021 4.188857219505663 3.1551544189596914 5.176674473033835
82700.0 2.523596 6.580784 3.8613979109136167 2.940048511767787 4.758697602010261
82800.0 2.641511 6.140173 4.587666920527377 3.4675372041353523 3.378978970737433
82900.0 2.558979 4.368945 4.232506699462156 3.2226305423723325 4.961194675511099
83000.0 3.063432 6.138541 4.854216697916315 3.735042744382722 5.2676163935816795
83100.0 3.832090 10.839430 4.5739602656783624 4.057868021375884 4.395818277856299
83200.0 3.350527 8.350528 4.469428830622164 3.7955743049855917 4.251644297004162
83300.0 2.416065 7.049624 3.9548488490990352 3.07590849452539 4.167019174070478
83400.0 2.480687 6.189787 3.7814462954255528 2.97899723003264 4.14026410586574
83500.0 2.306627 4.706511 3.5136997305877484 2.804983058968527 4.5627363672101815
83600.0 2.344912 5.061004 3.7380052376147144 2.9709614620819127 3.844554631048966
83700.0 2.855024 9.528134 4.168876527315434 3.405946814718642 4.1515768014423475
83800.0 3.337119 9.618177 4.4611342204994004 3.6966795345575947 4.850803253575433
83900.0 3.406521 11.038980 4.6112368805274 3.783845599101289 4.609961015432049
84000.0 2.851608 5.890752 4.015107594321341 3.245830663412014 4.6059791276895945
84100.0 3.347271 8.419715 4.20073044308665 3.655238470042313 4.053514003850426
84200.0 2.474761 4.137035 3.661959311698372 2.927288314028928 4.272796718139937
84300.0 2.846052 6.990573 4.128480744967023 3.29135323287719 3.8031318061404464
84400.0 2.243980 7.561755 4.087670194391812 2.9704928836289355 4.561117749939109
84500.0 2.228061 4.003614 3.32884172721883 2.808533757079201 3.992102252872191
84600.0 2.589218 4.800227 3.8686286482308967 3.0679719857309995 4.4181757603054335
84700.0 2.117023 6.236816 3.8700174057066934 2.896490513928964 4.249720031279322
84800.0 2.250749 4.828973 3.8155645073537516 2.916992089034994 4.210894648434794
84900.0 2.203651 5.068278 3.927716272282183 2.835435136653142 4.818432665570951
85000.0 2.558657 6.645760 3.8718404079740747 3.006797572169427 4.8808266349370495
85100.0 2.146962 4.994589 4.188747759615156 2.9626721577397683 4.397642146076377
85200.0 2.456467 6.900268 3.73817944014562 3.030407822595625 3.5098080682843857
85300.0 2.298726 6.045086 3.8591004107695412 2.918629859516297 5.080337065714038
85400.0 2.355423 3.827291 3.644306450857964 2.9125105613326965 4.171227323270569
85500.0 2.484093 4.523636 3.751377788401594 3.0154378613653194 3.4973784639578853
85600.0 2.909349 5.279079 4.120881405597514 3.3513318044976326 4.312547728730127
85700.0 3.157120 7.096364 4.138886316993548 3.3416847146008806 4.04560794432761
85800.0 2.591155 4.812575 3.831332119137468 3.053154134971113 4.830941628209134
85900.0 2.491149 3.914977 3.4382740573240786 2.8088375044084897 4.223681446783856
86000.0 3.404961 7.090777 4.411364889124466 3.7617925206909617 3.8508255224215526
86100.0 2.439845 2.561013 3.9719695581848202 3.0571482923599813 4.444508628314349
86200.0 2.264188 3.438969 3.863557361254194 2.9184402523569433 5.152236265184806
86300.0 2.185980 4.637172 4.145714648129399 3.064376244354414 4.097726579183035
86400.0 2.555775 6.105268 3.6180914787101432 2.9328682127512984 4.062940139328478
86500.0 2.079915 2.282755 3.3494460341591203 2.709624838423503 3.438846119939066
86600.0 2.744090 5.149919 4.214600810803752 3.288130758223369 4.866282870112028
86700.0 2.180477 2.955953 4.278929434238909 3.0555560147650924 4.988651410135829
86800.0 2.571286 4.682382 3.7024023788977636 3.01955326255005 3.863078712959047
86900.0 2.538772 4.747958 4.372420468368193 3.203774401342973 4.357401211822786
87000.0 2.458781 3.908560 3.7074342544607317 2.906875286904749 4.352623106386533
87100.0 2.512264 5.240296 3.917759647553126 3.097106696338983 3.8482692618456773
87200.0 2.653234 2.466675 3.8463276677337768 3.105649887441118 4.312986022876044
87300.0 2.289358 3.477036 3.7903530846388915 2.9178824403455716 5.076448408525041
87400.0 2.217207 4.810076 3.5475407240719914 2.838382428178558 4.680001365345055
87500.0 2.547442 6.836261 4.161707464605913 3.049658148950833 4.381982103568108
87600.0 2.718474 7.647826 4.088584058727904 3.304034810257013 4.163441348721513
87700.0 2.414838 4.263402 3.4950408897305274 2.8865698923254732 3.950082534486152
87800.0 2.222808 5.335242 3.6622277154786644 2.7497555492385146 4.431608262187791
87900.0 3.116875 9.087848 4.553856386795896 3.6726925080360604 4.7858984607687525
88000.0 3.000149 5.376878 4.217807991972433 3.2777080859876038 4.458962610904647
88100.0 2.309943 4.054876 3.7980812293572477 2.79417014091032 4.842191351926145
88200.0 2.021251 4.972080 3.891276309721908 2.869259371073896 4.340462887805525
88300.0 2.507725 3.743764 3.187712873270537 2.9445829207956105 3.8675278058982205
88400.0 2.146385 3.927941 4.34956280019957 3.084186539017203 4.774092884426846
88500.0 2.684923 6.420723 3.986907316238549 3.265291979322595 4.242218447027222
88600.0 2.686481 6.096174 4.034571569221548 3.2817489859050393 3.8364311405872806
88700.0 2.614189 8.931154 4.027477460616759 3.063586012700732 4.431215853292705
88800.0 2.829323 6.084686 4.21936276179791 3.2771222322467546 4.072204244567521
88900.0 4.116143 10.603438 5.414838121231104 4.560346433000399 3.840112522596504
89000.0 2.774801 6.349659 3.893483993924088 3.1459725723776173 4.5409252184839755
89100.0 2.552291 4.425149 3.635771152668456 2.908371114341324 4.324585692687105
89200.0 2.479723 3.816113 3.5332580727033482 2.8595955617563953 4.551436315176221
89300.0 2.712123 5.051769 4.087013548799376 3.2075734025096536 4.2713976141993735
89400.0 2.238501 5.788875 3.668830765466932 2.787941488820094 4.803728427459953
89500.0 2.392883 5.567840 3.9785196900944886 3.0895790283985596 4.105188831994714
89600.0 2.344415 5.302334 3.5241051346856773 2.7818094712070915 4.054408734430292
89700.0 2.833030 7.573599 3.749327688090166 3.216264021390533 4.638488656969685
89800.0 2.514296 3.863425 3.5293991045994733 2.945717892534286 4.363511839547164
89900.0 2.526281 8.011216 4.124020464069365 3.1584766095601045 4.097219022690729
90000.0 2.660331 2.267001 3.872030528892676 3.0504387699544315 4.81104693658913
90100.0 2.085032 3.289494 4.179382807296848 2.941011794324748 4.252121252942177
90200.0 2.142131 2.730172 3.816807278778298 2.8103817328869742 4.945164450692094
90300.0 2.407869 3.155981 3.625526520325009 2.8465087389731707 5.3540434875257175
90400.0 2.687373 4.417325 3.634874395723701 3.091355468976118 4.856860380557034
90500.0 2.650494 5.639055 3.945914115683715 3.0779217138457007 4.653363534659601
90600.0 2.912791 5.834849 4.084612681373601 3.603750863899915 4.171750378111315
90700.0 2.210612 5.621617 3.685873459237718 2.820362375178902 4.585120550214199
90800.0 3.532707 6.719844 4.027887972293176 3.5439764884411646 4.6767122932822724
90900.0 3.568671 9.551539 4.46371920342703 3.816022454837373 4.945798477492834
91000.0 2.816820 7.370437 4.305665357328125 3.4442972969101926 3.842297819392618
91100.0 4.035591 11.840275 4.7494783827386255 4.256706637931982 3.8122371578463086
91200.0 3.638783 8.959355 4.334482000349997 3.8585995548437904 4.178975621655547
91300.0 3.210060 7.164650 3.970148511362584 3.391688206089912 4.232858433625686
91400.0 2.594540 7.133845 3.370372713244135 2.8793496393184888 4.082491085692008
91500.0 1.971192 3.450672 3.6591684621137617 2.8055996350711894 4.0011235546176245
91600.0 3.056411 6.177998 4.370433102533015 3.402775355148271 4.989249328940378
91700.0 2.584511 4.022640 3.516273012416496 2.829176852523801 4.1562793551448465
91800.0 2.623026 3.844218 3.629436126055596 2.842381546475014 4.818840570288744
91900.0 2.114640 2.367704 3.58266148511726 2.7310555499149856 4.363396800109516
92000.0 2.646995 5.796858 4.121400423947487 3.1460308144167533 4.571207191757703
92100.0 2.234109 3.325176 3.299422827907453 2.759593678746296 4.776276467418402
92200.0 2.540725 5.862348 3.9600680408374185 2.975352753127277 4.265395790334136
92300.0 2.207124 2.554117 3.7209830126795693 2.8929616848461808 4.250072371602254
92400.0 2.621624 5.634939 3.5963556311596805 2.9812504866355343 3.992714475752479
92500.0 2.373771 4.401004 3.768467150050083 2.973827927060815 3.9463593869680174
92600.0 2.228086 3.815377 3.6318533052882978 2.809672459692518 4.884721233563888
92700.0 2.138259 3.884680 3.627299961489695 2.8673792642772304 4.387477621426025
92800.0 2.316099 2.182628 3.813205965352765 2.9156778763044993 4.968304442678813
92900.0 2.210937 4.995780 3.5276725359421683 2.8279164706676503 4.503148392735087
93000.0 2.810158 8.334450 3.841280796527636 3.1718776438285152 4.2050657799746
93100.0 2.772717 6.904177 3.83919417786503 3.1442279015669663 4.800096327340267
93200.0 2.840004 4.802306 3.866802543668106 3.170342616645648 4.185752101778158
93300.0 2.973208 6.031489 3.836289657331708 3.242001680268016 3.917651766463092
93400.0 2.700590 6.012143 3.98054479220209 3.1976995407591833 4.2283029529134115
93500.0 2.477395 6.203151 4.441543710021515 3.2023535017874427 4.255560917556909
93600.0 2.248460 6.269296 3.647611425804352 2.808631024278898 4.43250740396735
93700.0 2.687796 5.520560 3.704069025147362 3.120369993401851 4.047281636262306
93800.0 2.872799 8.228889 4.385480065966061 3.450068395674821 4.628489910088634
93900.0 2.297933 3.590685 4.056823175625494 2.9630466022699933 3.85883579421408
94000.0 2.835490 5.488983 4.206924067221599 3.3389728717997698 5.184485405749186
94100.0 2.524922 2.580135 4.040230149596685 3.0528221323945126 4.661575181160553
94200.0 3.297087 10.663736 4.689015571330525 3.768927937042713 4.028040121965734
94300.0 2.878903 6.820280 4.532754100612853 3.558113073699264 4.45059119671046
94400.0 2.281841 3.123445 3.6486097635701453 2.8289741830627793 5.010773562553524
94500.0 3.082167 9.188738 4.377703575181344 3.4436485041435887 4.849376100710334
94600.0 3.202174 8.112239 4.259376134097688 3.5719407748071768 4.645180766825144
94700.0 2.665191 2.887158 3.9232213663000297 3.18067121055007 3.7206573753720096
94800.0 2.363726 3.264596 3.766945831318182 2.9928933830592004 4.989908176510455
94900.0 2.417804 2.232579 3.951124470077029 3.0324704451573803 4.936637001040433
95000.0 2.412360 5.311688 4.008575647539138 3.0745724305193094 3.723887794604247
95100.0 2.446031 4.907689 3.710923933268045 2.962185539829407 3.8718699650029214
95200.0 2.601836 5.146775 4.1315040049469465 3.2007628405426596 5.258621068191791
95300.0 3.011807 6.185504 4.231569936118607 3.427091640885739 4.342186099644803
95400.0 3.185542 5.897180 4.019354542075052 3.245494405493901 4.662619721882726
95500.0 2.655489 9.256392 3.953996196071375 3.09368859101725 4.247602237753022
95600.0 3.066794 7.153698 4.209600267137177 3.407774457890612 5.3233801783326555
95700.0 2.310732 2.735771 3.7985328366692706 2.8482475398084492 4.839544805464969
95800.0 2.801705 4.807160 3.9941010696018697 3.2324924574925284 4.321524716342379
95900.0 2.018528 3.345150 3.9964690626621007 2.9789126346044053 4.568185847908785
96000.0 2.669489 4.062240 3.640496034762623 3.0325224623967153 4.505957580104754
96100.0 2.508112 6.356632 4.363803226737217 3.1753750134364362 4.331261150159927
96200.0 2.696195 8.041477 3.62404553157086 2.981640441279822 3.6762718885418244
96300.0 2.669037 4.142046 3.6463030273999126 2.9430967923888445 4.142276720499414
96400.0 2.916764 3.682751 3.5718148819079163 3.021246383357366 3.690944876845502
96500.0 2.408850 4.546939 3.822688956191224 2.985387737690326 4.571313760837981
96600.0 2.144882 3.824814 4.152907553800531 2.859882962616521 4.4733028866757865
96700.0 2.338167 1.481171 3.851787392576611 2.9607453815678997 4.010530036823127
96800.0 2.335303 3.303667 3.735128339814748 2.8843058831325092 4.4969811076283435
96900.0 2.721962 2.326857 4.185576362640733 3.4149082801021757 4.090595039497085
97000.0 2.250139 2.448033 4.08043403886257 2.958796994198328 4.3837575957376
97100.0 2.463098 5.779885 3.503355074030495 2.851022914074834 3.857239142410087
97200.0 2.128511 3.538334 3.9176704571355683 2.8887745943676526 4.238307750715319
97300.0 2.459790 7.812590 3.806433737631094 3.051917992850881 4.355429727209905
97400.0 2.030945 3.432619 3.954588455122651 2.890742790450829 4.389391299441289
97500.0 2.666937 5.474881 4.337730312286835 3.3607708768695 4.723353221039701
97600.0 2.716580 2.452577 4.088128888901646 3.3122876370458134 4.261263070223491
97700.0 2.222145 3.226534 3.7078710118499205 2.8789381965481033 4.248164523248374
97800.0 2.315238 4.015875 3.365850856239626 2.864973641245753 4.298033030707243
97900.0 2.707009 5.998197 3.394119217793886 2.9606869176807713 3.626830252228946
98000.0 2.851010 3.412526 4.022118728636022 3.127219852507119 4.630708836328505
98100.0 3.088261 7.279218 4.4969293270447235 3.4665582833316133 4.978746147194213
98200.0 1.966076 4.556428 4.136575500600574 2.897396383168462 4.7119062165029195
98300.0 2.630591 3.869912 3.991565951169921 3.087689335694543 3.8725433568497163
98400.0 2.792252 6.241588 3.6836014854741084 3.0290090972572616 3.637644932855365
98500.0 2.864029 6.758516 4.153773528020577 3.2862499055999264 4.595209025178191
98600.0 2.340489 5.714994 3.6894793565712556 2.899031826987151 4.032772809417232
98700.0 2.082534 3.503802 3.7709240880504935 2.8053534463412015 4.59037027468651
98800.0 2.219497 3.377936 3.7301850082906247 2.8419090803383917 4.5155311008464585
98900.0 2.560725 6.869033 3.6761613444254575 3.0664002783467974 4.323538154519019
99000.0 2.712635 7.827112 3.9942075907506345 3.0866333251175555 4.088154684862391
99100.0 2.430778 6.132335 3.687221835040943 2.8960051861975895 4.04128038650344
99200.0 2.097856 5.693776 3.827177404675896 2.882206593404545 4.356808542549002
99300.0 2.542170 5.360068 3.914008863717297 2.9488975181809365 4.9907668970889825
99400.0 3.104271 7.488352 4.393680396604319 3.526560633351404 4.02378934722259
99500.0 2.814136 3.085199 4.1285791954784505 3.26862866288871 3.8511007312087595
99600.0 2.332559 5.870604 3.712222277580527 2.9015689210818425 3.9688090185163056
99700.0 2.542194 4.941364 3.870890010521526 3.0704074524541323 4.582932862876054
99800.0 2.688934 4.886715 3.8936571855943063 3.1038833059398745 4.7795767848549495
99900.0 2.698736 5.777173 3.71267907828869 2.985437778331744 4.316760337498428
100000.0 2.570780 3.452022 3.73119366983134 2.9848818750922144 4.315816122524731
