# t rg re s3 s4 s6
100.0 3.003322 5.187160 3.895155780400637 3.267673201829222 3.448535117466507
200.0 2.715711 5.646616 3.3432190300960896 2.819943380314825 3.2784124071784815
300.0 2.878487 7.213162 3.1872496232268075 2.941889673169488 3.542207023485811
400.0 3.011634 1.747790 3.9004571310444693 3.2789161476645097 4.031970061005973
500.0 2.752841 4.965008 3.82695206555382 3.0917168753309765 3.2312900429081903
600.0 3.018626 6.028815 3.5591448791520053 3.117658758363333 3.434444643430143
700.0 2.712409 7.733230 3.437414392952391 2.9398334316741463 3.4062166462329273
800.0 2.683827 3.128152 3.439335974059479 2.90546194523815 3.402022764928918
900.0 2.252818 3.654289 3.1592832884009745 2.6003861113098874 3.520514474573666
1000.0 2.439939 3.528467 3.348325341770813 2.706601663746498 3.6893736722665618
1100.0 3.052812 5.068705 3.858094017800784 3.232421298168463 4.069167788221062
1200.0 2.369798 4.658415 3.4754708969986106 2.826457339129812 3.148032513359844
1300.0 2.219357 6.082517 3.2093399097911797 2.6196679859983982 3.4654040617838175
1400.0 3.125522 7.934889 3.603018249068957 3.1974526778103693 3.025264329726295
1500.0 4.092468 10.245179 4.685783875045565 4.258818122770621 3.1876930890053594
1600.0 4.149194 12.515049 4.573475551000995 4.005740639908374 3.7851977901539073
1700.0 3.023905 10.178090 3.7722296312021975 3.2523287681082635 3.303349251021346
1800.0 3.405079 8.182931 4.276853064611206 3.636624690589328 3.7949160726473625
1900.0 3.737928 5.699379 4.353913890288602 3.9366771876497832 3.1194510893980096
2000.0 2.553423 7.318469 3.4831006365015944 2.881526878959576 3.7762591059333226
2100.0 3.862718 11.081514 4.345799159028171 3.83244558258096 3.4079768089582916
2200.0 2.605294 4.769541 3.3164496719767365 2.7728596095734823 3.1850743931204875
2300.0 2.888204 8.599483 3.6401414940014325 3.042366863086525 3.3512669156080275
2400.0 4.611258 13.231081 4.7850647941136755 4.464391209998859 3.2060421250308866
2500.0 2.566443 4.453528 3.3171848405546798 2.755696528112456 3.5343780288715734
2600.0 2.434706 3.584139 3.467850750502116 2.716942855608563 3.9114578308003582
2700.0 2.332696 4.187159 3.002195988774918 2.561011898464223 3.37555468244679
2800.0 3.396789 9.928968 3.964533165216067 3.529485285186382 3.2676066103531283
2900.0 4.367109 7.577373 4.577910958068309 4.452680102009953 3.2028569702214904
3000.0 3.717120 9.453369 4.661301455173525 4.0139226309731395 4.1358580582328885
3100.0 4.153642 11.125136 4.272118297639911 3.9144835736742047 3.37440755639802
3200.0 3.736848 8.792597 4.161948828134822 3.7092134328665782 3.2698601460286314
3300.0 4.472621 11.686249 4.835607447642002 4.406532225616419 3.604927892357992
3400.0 3.078553 8.113041 4.004092676969887 3.3647618878765657 2.827129867711503
3500.0 3.491676 9.232542 4.2843244220044525 3.6372664921566606 3.4715644786524544
3600.0 4.603535 10.384473 5.197392036367675 4.622434770576825 3.478004008370726
3700.0 3.340033 8.026180 3.9035305710131007 3.4400808915632552 3.506467482601548
3800.0 4.311160 12.477313 5.117725432625862 4.415188407935925 3.432745250867503
3900.0 4.296258 13.453866 4.770389537886421 4.3394703175756515 3.2276362206210196
4000.0 3.986366 13.212931 4.366176053635935 3.8985834896855645 3.5641105497516747
4100.0 3.170471 7.216605 4.165679834807177 3.4859657362511656 3.4228483704922144
4200.0 2.858423 6.205584 3.814608646066223 3.180990116884476 3.370985605876014
4300.0 3.678883 9.916617 4.199684493419302 3.707735802287326 3.984204728400826
4400.0 2.977401 9.060736 3.5421595985945196 3.096115885327238 3.481857891597035
4500.0 3.502135 7.701009 4.3142371145894955 3.713176854719473 3.3935446711529185
4600.0 4.606897 12.674794 5.043522663720674 4.618059730881072 3.2556942252218017
4700.0 4.712109 10.379985 5.180116494119572 4.6863929735983145 3.6528599305144636
4800.0 3.741590 10.169402 3.982578031844889 3.610858226046231 3.5705914153935736
4900.0 3.824033 10.736888 4.285785699831505 3.8412440266954686 3.653526388151565
5000.0 4.169482 11.716085 4.842076663692931 4.199564022206859 3.3643079943147214
5100.0 2.610633 5.084897 3.2829770789480213 2.7812770900743735 3.3294029374638043
5200.0 2.026682 5.532541 3.393562588307658 2.54245880642345 3.9584086247269323
5300.0 2.778318 4.587311 3.398121580361327 2.9522291490272403 3.240585736468999
5400.0 3.726420 9.356975 4.301496420605094 3.831326523839246 3.3476536629238347
5500.0 3.273932 6.997148 3.6354320646815355 3.266923583417282 3.2318141789711463
5600.0 2.674234 6.417234 3.847005453695215 3.068996334014356 3.5435652696834428
5700.0 3.547157 10.010027 3.9181394499656412 3.568735284156684 3.679757001365677
5800.0 2.234377 4.674880 3.5526567525869495 2.7177111151811126 3.4491240638457836
5900.0 2.644527 8.694245 3.358570758780681 2.872155534049854 3.874831621226846
6000.0 3.593512 9.138106 4.171075406868647 3.800446856201207 3.569567119593383
6100.0 2.732430 2.142463 3.5612319952146763 2.9992309036419074 3.630615656992747
6200.0 2.882997 7.616136 3.8415773527124806 3.175263437462041 3.08519084435472
6300.0 2.255596 3.341422 3.1242284407832615 2.4879145284591213 3.835845812358469
6400.0 2.191070 2.682252 3.5640714224497074 2.7336627195107637 3.138100103355446
6500.0 2.093080 2.215573 3.19562865802857 2.495807317326749 3.7345049285672753
6600.0 2.426675 4.130089 3.4269947284470255 2.7472773729940987 3.6888563231921263
6700.0 3.771237 10.680405 4.165831144125434 3.7700786276480724 3.7061621593515732
6800.0 2.598534 5.820341 3.404867461876172 2.847154500605962 3.615553252397949
6900.0 3.234401 9.138644 3.5377638793589776 3.1153291695030485 3.5417103185325134
7000.0 4.559707 13.362991 5.327473463853772 4.608321786987219 3.8301036005319
7100.0 3.521284 6.900582 4.074223901951683 3.6696505706019997 3.406722248386001
7200.0 3.038688 7.167150 3.7715384962007743 3.203788818054313 3.898048236136845
7300.0 2.766104 4.690089 3.4773640725816835 2.98430212420381 2.874435519842229
7400.0 2.625538 6.965214 3.420959286998994 2.8133528871988602 3.004717973125232
7500.0 3.087415 8.402439 4.072270316130985 3.472198685932681 3.6569469472920844
7600.0 3.048816 6.752695 3.8825156958959126 3.2696794724459846 3.3683145714328395
7700.0 3.823913 8.224609 4.2267404191802775 3.8184568031535404 3.4830630221697274
7800.0 3.107729 7.862976 3.786613296519349 3.2446038548383496 4.365870469594299
7900.0 2.441444 5.106792 3.5931747780924805 2.8849281909988025 3.367919000762243
8000.0 3.287934 10.852271 4.14773859477618 3.42197807209666 3.507899060942897
8100.0 3.493371 10.771564 4.04084218029851 3.5489199099368203 3.385935158804216
8200.0 4.253291 10.110470 5.087754170621334 4.468014013479662 3.324295237933243
8300.0 4.121830 10.836659 4.5387253833639365 4.1278453582940156 3.26497998790162
8400.0 3.215330 5.623306 3.849904217000419 3.4023191297826867 3.731623067616088
8500.0 2.756776 7.202121 3.5632266647755855 2.9607217574434617 3.7291070384317373
8600.0 3.848731 10.883153 4.317763432786149 3.7821992760027974 3.289469641733379
8700.0 3.612293 8.751915 4.0697269220738 3.6893740145334615 3.4210832421571973
8800.0 2.302749 7.002039 3.2183149161780182 2.6791519301016744 3.3784712958043994
8900.0 2.720069 6.465903 3.8540494004184667 3.047099258631449 3.776547225897855
9000.0 2.993630 8.148255 3.732811127194234 3.158346268902294 3.5644296240688984
9100.0 2.297626 3.549163 3.2591174326145285 2.629336282083351 3.419934613657093
9200.0 2.316502 6.994967 3.061031841239243 2.5156848379662735 3.5472474115648893
9300.0 2.535699 7.535992 3.408482128550374 2.7908513672994246 3.3353531086965162
9400.0 2.839484 4.688684 3.1628458544505342 2.9227375967508062 3.634174586023501
9500.0 2.198189 3.575998 3.3906457321314867 2.663909914570446 3.7224259848853003
9600.0 2.137596 5.962622 3.4739557799508267 2.6390962404047533 3.6370674267577616
9700.0 2.338200 3.799749 3.1236686848854136 2.640222671099606 3.4258339934439337
9800.0 2.711561 5.006665 3.618265722760771 2.9612924996541827 3.3458702674517737
9900.0 2.609904 4.632166 3.389305503423984 2.881065746773328 3.300924461603937
10000.0 3.594991 8.117932 4.040536753828131 3.5450754834934433 3.353184643448888
10100.0 3.687055 7.577304 3.905722330984681 3.6338030537532333 3.2717805770252775
10200.0 4.623212 15.325210 5.159489699137639 4.569140911115592 3.7178611712418563
10300.0 4.428492 8.624053 4.726506451639847 4.4063590763015155 3.9513492207336105
10400.0 2.900996 9.285816 3.8613980438350506 3.106098562847659 3.9510366895774727
10500.0 2.862362 5.049751 3.6682521877284935 3.0512237475260093 3.6421498927781033
10600.0 2.266160 4.442444 3.4437350733029577 2.673403478114715 3.364427486184752
10700.0 2.672161 2.922431 3.268529112988674 2.857906394481037 3.5934264700356433
10800.0 2.995736 8.026590 3.9114070813134263 3.305582252101604 3.4825699491002657
10900.0 3.437646 10.352244 4.177328430932043 3.6868901473683713 3.4965958345684203
11000.0 4.190778 10.555784 5.019980283597059 4.393960900589698 3.4836107706120814
11100.0 2.389649 4.296122 3.4666139176628556 2.722880775115034 3.7047720789971645
11200.0 2.800920 5.464523 3.731601164675153 3.060998865219079 3.346933898310424
11300.0 3.106397 7.975405 3.812236910330992 3.267642347470255 3.5093939227495605
11400.0 2.731989 6.483145 3.776728774747897 3.0610221958162236 3.584443294106914
11500.0 2.651422 5.024575 3.8312153039259624 3.0333045322258263 4.208502427045077
11600.0 2.434481 5.487458 3.361536528457512 2.780201135718741 3.6892176582929994
11700.0 2.412247 2.738216 3.642329035509508 2.8553847286060208 4.163246700363271
11800.0 2.074539 3.082010 3.2317458752186563 2.573106543561779 4.138902431673355
11900.0 3.112940 6.753884 3.9171287756254607 3.37876503836289 3.589368199913902
12000.0 2.123964 1.715230 3.140475623028954 2.5442374590154717 3.5174798583969196
12100.0 1.958561 2.530689 3.3451381979927497 2.5381353053477276 3.563565025122925
12200.0 2.882533 9.843967 3.422235028822212 2.9641950667272794 3.583352645476857
12300.0 3.089025 6.021513 3.4027374735349296 3.0833028661709245 3.4117151392638565
12400.0 3.001894 7.797745 3.4262285383284334 3.054129004277239 3.3916833310761754
12500.0 2.785119 7.318638 3.540160930024649 2.9838734051903515 3.777845534993596
12600.0 2.791846 2.875429 3.457170755544256 3.001844731417406 3.2309415743628813
12700.0 2.696660 8.538878 3.6526565527626875 2.993519344263559 3.7412777052805337
12800.0 2.425483 4.045222 3.4542263301933023 2.709303191614521 4.077113600868154
12900.0 3.459680 7.625952 4.08053092289773 3.4699111062712147 4.029531534144193
13000.0 2.935664 7.554930 3.7840060771569277 3.2333764328441332 3.559592287802427
13100.0 3.690080 11.892434 4.168961869080646 3.6699642610770224 3.3586616465220245
13200.0 4.866550 13.257534 5.215571541247113 4.834528258458107 3.3346802111513822
13300.0 3.411918 8.757696 3.584791083027357 3.354813323889209 3.381473284527298
13400.0 2.276593 4.708825 3.3006824504851098 2.5924968086381033 3.3367300712560204
13500.0 2.910932 2.484060 3.405972652782127 3.0120839521290934 3.5374510023576584
13600.0 2.419176 5.026394 3.378722647683461 2.7938461858799086 4.242690133228003
13700.0 3.377558 8.087639 3.8400160686663627 3.4957581652014276 3.6218249311873807
13800.0 2.666502 5.175973 3.2646431735944392 2.8591384420890043 3.4832298737928356
13900.0 2.403080 2.345454 3.27604812064958 2.6705185969190044 3.4756352894302727
14000.0 2.691451 7.767907 3.5902253174512815 2.9260694285132645 3.588377182152646
14100.0 2.674571 3.469841 3.6663786642709826 3.023100460988475 3.7169709829448423
14200.0 3.102823 9.645400 3.8201308195155055 3.2405884610147524 3.259584278397802
14300.0 3.601040 10.253605 4.472701341304562 3.758090507071153 3.391853907921038
14400.0 4.244130 10.677634 4.849584165024221 4.4184186742466185 3.510878897917971
14500.0 2.331802 5.971609 3.2515597541893837 2.646056603378389 3.711204932718237
14600.0 2.651848 8.573045 3.551083233881378 2.899025633197802 3.5667443068205102
14700.0 2.846659 6.803293 3.6750104412542632 3.0675150983549213 3.7306201218847974
14800.0 2.217383 3.900698 3.4604201180364034 2.6774693057934797 3.4333381577949265
14900.0 3.386662 8.378225 4.203553018689093 3.5990187200235852 3.4674896761222986
15000.0 2.430119 4.293951 3.1636636388246178 2.6703647427902637 3.3489704792289667
15100.0 2.991065 9.951132 3.7681315214747784 3.0981686805019657 3.076529947792023
15200.0 2.898794 4.921812 3.331704602422865 3.0087592089183186 2.9743746978152146
15300.0 3.142968 8.368011 3.7797676200722004 3.3259112731957767 3.515417996208654
15400.0 2.531353 5.437082 3.5863587330033857 2.8848916899046344 3.6377149010782066
15500.0 3.165096 6.837124 3.9460356226870688 3.369166571142528 3.371637457416076
15600.0 4.072208 9.729481 4.460964415426042 4.0421827596810225 3.6325246993867997
15700.0 3.479150 8.718580 4.251956609649986 3.6861167111463202 3.272348398579077
15800.0 3.304098 8.175361 4.0256692549273465 3.422079233125102 3.455571837224907
15900.0 2.245132 5.585585 3.1192107640427653 2.6001859710927997 3.1690646330776664
16000.0 3.605458 7.577726 3.741480302917733 3.5761390456948483 3.0924281096254918
16100.0 5.300111 15.274281 5.457912787816388 5.082506512466618 3.798679127980923
16200.0 2.481669 6.380641 3.752526185871682 2.9183449238591272 3.985864192441737
16300.0 3.170075 6.440400 3.8340844399776963 3.2950808405080947 3.7292672629472374
16400.0 3.706294 6.717700 3.729739320764825 3.564908610105068 3.4094007406388616
16500.0 4.013074 11.686304 4.531419612266096 4.087439206037437 3.0099501697539943
16600.0 3.153598 8.449735 3.9507462587258653 3.2669759854728753 3.951622612436981
16700.0 3.547302 6.172465 4.1575819095851045 3.6038799734189837 3.0542284993414386
16800.0 3.066988 9.380552 4.046903293869723 3.401019313793278 3.4433908182035764
16900.0 4.094776 10.479003 4.582805932840731 4.19633979081483 3.679613865566576
17000.0 2.854692 4.400436 3.334635815567382 2.9249074016747016 3.3790625637618783
17100.0 2.606583 6.488661 3.5731891185489193 2.9592432847991854 3.4605956900343604
17200.0 3.522312 8.919648 4.070887955677314 3.562063913876398 3.897013414765481
17300.0 3.169748 7.706835 3.9115805769631997 3.3579667134112197 3.886131414144232
17400.0 3.053051 8.452746 3.5958992946033614 3.120656442253024 3.2361638166059916
17500.0 3.161279 9.538692 3.6942256438707086 3.2630102457705346 3.3635807582615547
17600.0 3.233374 9.726422 4.017479048580133 3.339355739192074 3.603183983293458
17700.0 3.084575 6.641946 3.883243812059204 3.3296643158406165 3.1324495949605766
17800.0 3.698276 8.958035 3.839113413089169 3.592599562808667 2.8671686551496
17900.0 3.812152 11.582626 4.358312559234801 3.9097165158757505 3.6171573100101098
18000.0 3.200186 6.566588 4.282445367100137 3.578029226415897 3.615499583453888
18100.0 3.304877 10.021286 4.158438814380521 3.465826458744018 4.2318108400456635
18200.0 3.120830 7.950771 3.6512773964091716 3.2106621782913956 3.3421530889703415
18300.0 3.607365 9.476916 3.958078501342192 3.686930898957271 3.838773078480729
18400.0 2.951490 9.493776 3.8764592048600925 3.2361712184832725 3.5932328541453606
18500.0 3.236488 9.257196 4.096643236813664 3.406800232821676 3.25161042563752
18600.0 3.191285 7.158052 3.8032734265473707 3.367511195929358 3.466978627155952
18700.0 3.448792 9.617577 4.442151403835011 3.7380822832291445 3.636264782690741
18800.0 2.374983 7.223853 3.556119311988538 2.8035004825826095 3.612469441162166
18900.0 2.417937 5.740511 3.456887266436151 2.786983315865913 3.550575188811408
19000.0 2.392830 5.276574 3.077939846401686 2.6034981894849123 3.342223650360195
19100.0 2.785141 6.859811 3.224833123369329 2.882650279085912 3.2373751913504107
19200.0 2.550232 8.360588 3.512608047070927 2.9269347965328767 3.308714151231115
19300.0 2.762662 5.989473 2.976875148845315 2.8509815310836912 3.39424881447796
19400.0 3.113957 6.791509 3.4581426806253375 3.1716166025910457 3.524173315295954
19500.0 2.218474 3.639745 3.5180647031362278 2.675127340349516 3.828859548953678
19600.0 4.527535 12.834456 4.998506403929978 4.581836458877189 3.1758709124855415
19700.0 2.733772 7.542233 3.4505136207554763 2.9696863704846734 3.250106380275583
19800.0 3.359252 9.281349 4.035916635088265 3.5359343206541296 3.4980425933514785
19900.0 4.175576 10.247594 4.678725857139043 4.193151458658984 3.114480061066627
20000.0 3.717957 9.769760 4.1997459661847065 3.8333461655541545 3.2145998992420814
20100.0 4.272396 11.652738 4.84811728007218 4.1701157069129655 3.6070498673895193
20200.0 2.502302 5.733742 3.5416434027629387 2.836656190693509 4.1812423796368465
20300.0 1.958443 4.162572 2.9517238384119 2.3879481054496967 3.317325043219895
20400.0 2.437707 5.669609 3.2526310495779875 2.724365295264279 3.3019099599733135
20500.0 2.618619 3.660210 3.1148435804045156 2.704367226912998 3.76038880205603
20600.0 2.318064 4.401796 3.5399343590175034 2.7358975444265328 3.815811171237713
20700.0 3.732001 10.048198 3.7581466514882313 3.642109733392469 3.22949997976446
20800.0 3.123931 6.169918 3.6743154550991513 3.3478814770160272 3.142564439683533
20900.0 2.403145 5.616834 3.3917308145849256 2.7093286084658263 3.597535124687909
21000.0 2.620700 2.522896 3.2330496371635418 2.7301366443251913 3.2872681402866304
21100.0 3.066242 5.648296 3.7995193146239536 3.249801000109514 3.097743934888629
21200.0 2.674655 8.213909 3.380943395817452 2.765847678157252 3.36876382837645
21300.0 3.412819 11.438251 4.260835801408274 3.557275044694627 3.3722504686219223
21400.0 4.642074 11.510743 5.2820377975744295 4.681121591346524 3.295935231074024
21500.0 4.138188 11.679059 4.750829632583362 4.169250906492529 3.1046491697568515
21600.0 4.225636 11.258199 4.539963295575872 4.124256771397772 3.2611623014328193
21700.0 2.409981 6.080428 3.021689465196844 2.6185693817841633 3.45853668803354
21800.0 2.452446 3.827703 3.4164017596493466 2.7334041693891753 3.9305932021052588
21900.0 2.498781 3.065550 3.447891529005835 2.8166469194407955 3.6700041008407824
22000.0 3.002267 5.056073 3.7808837931477846 3.2412408146075977 3.6769439508295934
22100.0 2.439436 4.146119 3.2535869710175302 2.6737456239128874 3.417654197905895
22200.0 2.616098 2.791767 3.333734439420889 2.8838686667674858 2.990179484419761
22300.0 3.855762 9.820333 4.349730857078171 3.936826275874238 3.5949289225359413
22400.0 3.149230 7.674764 3.8798455850675886 3.4017858193326584 3.350638305429669
22500.0 2.753954 4.868625 3.7820767783731046 3.0283794537468838 3.938086145117143
22600.0 2.704089 7.140045 3.539658776639111 2.9458998460301804 3.8477180991748288
22700.0 3.291807 9.317352 3.9757304672492815 3.4491403634332705 3.785269818976267
22800.0 3.632735 8.063529 4.423585806488323 3.7766221383523475 3.409291032014667
22900.0 3.412632 6.495149 4.170301003472128 3.6262380815197512 3.576974504737505
23000.0 2.456468 6.879771 3.4252992189395948 2.7968130763895345 3.1659671811054273
23100.0 3.432080 6.532113 4.0193237708581115 3.635510006012193 3.358893702608241
23200.0 4.442164 14.471757 4.969162821889468 4.489721471326158 3.3861919629351807
23300.0 3.007234 7.924527 3.9237312670039683 3.3211178035849103 2.9792935923973194
23400.0 3.613073 11.027626 4.12645257725855 3.5356584971315006 3.7562125561975526
23500.0 3.228420 10.048873 4.3122947596517545 3.515270600422089 3.95685683328018
23600.0 2.919246 8.371276 3.5337878514092376 3.085823547927288 3.086896725643498
23700.0 3.014894 6.600806 3.9231399857675258 3.3084835907150576 3.5082111935328446
23800.0 2.658823 5.763464 3.3097106098650935 2.841196655541911 3.8465561183007932
23900.0 3.363412 6.956563 3.792590706545548 3.4573200483173165 3.3961293807002306
24000.0 4.881033 14.226394 5.092374885714086 4.745870486243898 3.219509265902136
24100.0 4.291099 12.627329 4.527227125374251 4.120611945653178 3.44131625592523
24200.0 3.881784 11.935214 4.3788137028998495 3.808213798719803 3.4856194859945453
24300.0 3.848051 6.896773 4.624428266205245 4.0005240349580715 3.7496560606638294
24400.0 3.397487 10.030190 3.7982682241729453 3.2835811982383887 3.61367558736796
24500.0 3.207955 7.085047 3.6579777521505985 3.2615427437826026 3.416057475595449
24600.0 2.516337 2.924002 3.37416213626058 2.8370357932015406 3.487872242464276
24700.0 3.691478 9.369740 4.042241757533041 3.6644493131545484 3.4618423656455524
24800.0 3.885123 10.792574 4.23441625963309 3.8732490019137367 3.708319452384942
24900.0 2.648343 5.160754 3.149497783892861 2.7925896066496962 3.3568575247387744
25000.0 2.175783 3.432468 3.139536304244483 2.502459637876829 3.574834319476338
25100.0 2.424003 5.336112 3.0968316372436835 2.60519616808706 3.1906559462202098
25200.0 3.016773 8.296777 4.027904746253255 3.337382125389819 2.972640822702044
25300.0 3.509995 8.087483 4.69750169386368 3.9327361659476057 3.775719652633467
25400.0 3.396762 3.773348 4.315013202742801 3.6584459014923225 3.1108444141394274
25500.0 2.509802 5.388840 3.766253914674774 2.9668012855390495 3.33336645629131
25600.0 4.575406 14.370791 5.2649152213166595 4.569934045238751 3.9039359423313154
25700.0 3.295179 8.517606 4.066593043978042 3.4087526420756427 3.9438085362535054
25800.0 3.533655 7.710168 4.264358299226528 3.7321121743431993 2.9552130502364373
25900.0 3.250918 8.824374 4.168632174648965 3.5154895440445046 3.2919198937161
26000.0 3.527948 10.155161 3.7496348716879657 3.484978317530783 3.3201576669603496
26100.0 3.983019 10.909331 4.547545026001002 3.9590734977990074 3.91735408785417
26200.0 5.089436 12.081649 4.997720465008957 4.801724372566109 3.3129109492326174
26300.0 3.588198 10.075309 3.9757501870927454 3.6137114639697363 3.618887324420479
26400.0 4.155467 9.080066 4.842315390049242 4.370358171960088 3.8782148127495804
26500.0 4.170152 9.859038 4.888371005631237 4.250154072733546 3.4054106330862153
26600.0 3.992351 8.495968 4.897817332459008 4.203470361714724 3.3646892695370036
26700.0 2.957021 6.650904 3.593637470348211 3.102646561857628 3.5030907930259336
26800.0 2.726150 7.122146 3.5498362118738993 2.9954684952662123 3.960009944319097
26900.0 4.353989 8.126282 4.644352320306252 4.248707456355267 3.36811089592201
27000.0 2.997259 8.597550 4.078821630684809 3.397884395314302 3.0636928888221777
27100.0 3.303663 6.133217 3.767358577460258 3.395915697900387 3.8654381668067677
27200.0 3.760753 9.738543 4.0294171843650854 3.789078792630743 3.605044107646718
27300.0 3.512971 10.384293 3.9643029714710507 3.519905285642638 3.3390229459054033
27400.0 3.381549 8.830255 4.318880151093994 3.6514937666853253 3.667925927435557
27500.0 2.402102 4.087785 3.1774003369810697 2.6068718918689084 3.447266873263738
27600.0 2.531152 5.382726 3.1461658431661785 2.7111477459805124 3.992521257932866
27700.0 2.494651 8.265578 3.7999527317214543 2.9572156556315243 3.5316971523124363
27800.0 2.454609 4.369649 3.6934001550654614 2.8579014249071335 3.1877472531643423
27900.0 3.154759 7.524672 3.668702947646884 3.362933108633151 3.132771182677516
28000.0 3.454482 10.035659 4.637826905340545 3.786947263160596 4.113611687596207
28100.0 4.489727 12.058062 5.216678691121978 4.762996246359734 4.049510821690633
28200.0 3.531577 6.147167 4.449368615779493 3.750016674106071 3.1926441024960663
28300.0 2.524448 4.301142 3.434270706350185 2.838125000404757 3.481096985807065
28400.0 2.412549 4.416944 3.2802560796071187 2.668306116115551 3.6273180365762987
28500.0 3.471329 11.029377 4.47693184431878 3.7859897654773507 3.2527040563150598
28600.0 3.931425 11.401944 4.403156459998716 4.069734883741393 3.331432565035967
28700.0 3.986514 11.676463 4.044777932244213 3.8257822849806375 3.238372238215078
28800.0 4.126645 12.264187 4.86355402295397 4.259693651515337 3.5298912033149037
28900.0 4.240802 12.787182 3.9387355514406774 3.923867386587763 3.5357770222648837
29000.0 3.474456 10.943669 4.240001046119314 3.635670012901753 3.3944960193044147
29100.0 3.450870 11.980417 4.036490314455677 3.4921132197923432 3.824463703219176
29200.0 3.855115 8.311527 4.494838064949336 3.9845995595543213 3.8479546751826685
29300.0 3.228337 7.548732 3.7774966614283576 3.3656508230984383 3.1303515038815815
29400.0 3.296754 6.290964 3.8340190894472177 3.3638459243584515 3.604711591688645
29500.0 2.816524 5.516792 3.6672476166035324 3.0677915887389617 3.505226792249899
29600.0 3.103133 7.131853 3.5133195532217276 3.199339602764585 3.5206512935858516
29700.0 4.085151 11.230371 4.70632209325638 4.216605511314915 3.802408738862701
29800.0 2.514222 4.689793 3.6023560230729865 2.853610749555493 3.8879945183728353
29900.0 3.918797 10.920682 4.138345708365345 3.8837073712321786 3.0375459069459567
30000.0 2.419029 6.668136 3.131400005872166 2.6109118870943986 3.722058018316872
30100.0 2.387490 3.909892 3.271661159072176 2.6675693341912394 3.940186936439735
30200.0 2.362511 2.696786 3.4346811791298615 2.7372835162364226 2.9393149460236283
30300.0 2.305963 2.936528 3.3149912717482564 2.5934170971579684 3.3729724269030985
30400.0 2.101580 4.104597 3.1022528269413963 2.500112500743507 3.879741932800165
30500.0 2.686139 7.126204 3.3554475040987146 2.8485586835123455 3.121641871093174
30600.0 4.579779 12.314198 4.711843953967576 4.378645873867547 3.2892900223665107
30700.0 4.305422 11.314209 4.838212673099548 4.29162418467856 3.306700552854019
30800.0 3.233635 5.475475 4.089765764810021 3.40937866406127 3.5162762404218744
30900.0 2.832696 5.726453 3.6056373674431956 3.103593885957501 3.307535366773976
31000.0 2.644307 4.104407 3.2165693999119433 2.8078300776794722 3.3401511154674908
31100.0 5.010170 15.107891 5.08400319924074 4.857089154244651 3.7410201184576732
31200.0 3.981323 8.287419 4.518415965546225 3.9992044154072555 3.149108329867373
31300.0 3.302269 10.228997 3.7673624889982795 3.2885484236685887 3.7165307689166194
31400.0 2.430382 6.182133 3.6786873654230257 2.9200941991435276 4.212197022491819
31500.0 2.733328 6.737953 3.4337965510588964 2.9216662089548335 3.573882693346844
31600.0 2.621721 6.722189 3.484353714021672 2.91930242243982 3.310798203338061
31700.0 3.519040 9.367456 3.8854007822821024 3.5389655647851477 3.379969323205725
31800.0 2.332772 3.712386 3.3019926443852494 2.663981241002433 3.9449044407020315
31900.0 1.910472 5.440385 3.1238391467727884 2.372365091017947 3.4835513981333306
32000.0 2.472603 4.870908 3.5654444468377027 2.8126733771246957 4.134741120415542
32100.0 2.602539 5.997247 3.5360179088818784 2.8472215026794223 3.409374637064433
32200.0 2.124955 2.992980 3.288865897438349 2.5665416833926735 3.2936078695781967
32300.0 2.956581 8.450190 3.7446796696647797 3.1793931831141107 3.447354998476053
32400.0 3.606424 11.061103 3.974029584136406 3.5598423338530343 2.9745758521452363
32500.0 2.483225 8.178795 3.0490062315731064 2.7465465453902578 3.3000726513815954
32600.0 2.241415 1.549444 3.2197270895219563 2.606928004310841 4.015444364916225
32700.0 2.633059 5.280996 3.331693575503022 2.924711838574094 3.6502195703211107
32800.0 2.064973 2.483020 3.2600894857634986 2.4264811216053865 3.334751016114308
32900.0 2.104089 2.091750 3.1186115766885982 2.488819775821375 3.178979947075067
33000.0 3.389452 9.557693 3.819561722780115 3.399316365764748 3.158197466148191
33100.0 3.701888 10.276797 4.066331425691871 3.65110497618521 3.91782867373251
33200.0 4.016492 11.724212 4.349247922383168 4.030616207000585 2.8414637163422882
33300.0 4.021476 11.015909 4.5334716794614875 3.997144073256962 3.2017979036380853
33400.0 3.996712 9.255975 4.304143841991736 3.9587388672837336 3.1969456608013074
33500.0 4.172296 12.134213 4.418533867542217 4.11854047023277 3.7270369767155938
33600.0 3.291252 7.794878 3.7286712391805397 3.3977204326714996 3.124548489215054
33700.0 4.804842 14.035794 4.7842197937386945 4.6083771140333445 2.934380937906269
33800.0 5.202940 15.619310 5.705596944115661 5.062947634688907 3.8103096562878034
33900.0 3.365773 6.764100 3.9427127388145946 3.4669604208511604 3.197393586761506
34000.0 3.537778 9.708625 4.217704285108827 3.5774583929095063 3.6502661666910243
34100.0 2.849038 4.150655 3.8470772320445787 3.156906973296817 4.00257297324927
34200.0 4.629658 12.535387 4.724113600263968 4.42893336292862 3.361329390341697
34300.0 2.010285 4.869292 3.2116251232109567 2.473974525136243 3.6301349283257562
34400.0 3.456153 6.674465 4.144994819796729 3.59094641597918 3.427296570485089
34500.0 3.971198 9.824377 4.132515841238272 3.9126761929182 3.4628347282276044
34600.0 2.903051 5.537037 3.6923781606899255 3.117952724360196 3.675568860403869
34700.0 2.600917 6.883456 3.4179943017933025 2.934213173694609 3.5765636082418886
34800.0 3.090809 7.285189 3.9173509250506866 3.3498807492963025 3.2847575690724296
34900.0 2.922198 7.297572 3.658734847624859 3.101661726316677 3.986908636724148
35000.0 3.488290 8.140487 4.438919269751159 3.706810096501735 3.348303694772504
35100.0 3.835670 10.232380 4.127348450365795 3.8079160926040774 3.886847715078129
35200.0 3.390383 6.010931 4.155164636849686 3.590750006350458 3.2061700456144258
35300.0 3.021958 8.941451 3.9324360444146387 3.270766944635363 3.194329770301107
35400.0 4.226994 11.715922 5.0840710657760795 4.465153835278867 3.4756230172813223
35500.0 4.556521 15.757376 4.746203855366794 4.463429880434351 3.3779681221631273
35600.0 3.445888 8.986235 4.1683455569444865 3.57115282121156 2.945213047419577
35700.0 3.427951 10.107823 4.055319294431626 3.548556479563238 3.5353221239312678
35800.0 3.688996 9.045252 3.946660005042669 3.552491275190341 3.440378775776566
35900.0 4.231142 12.617641 4.942057640134899 4.335974290796849 3.783307525188741
36000.0 3.312152 9.029614 4.369258615677779 3.665808008334314 3.47481674437207
36100.0 3.575098 10.875020 4.562478019021914 3.877334091608658 3.4987467140416095
36200.0 2.807133 8.473709 3.727426364697248 3.045263108657122 3.7454378382111284
36300.0 2.827796 8.352770 3.6869535120017476 3.1538369652712976 3.1048259072475726
36400.0 3.462509 11.402985 4.273692781961997 3.6700282576731813 3.228994649063877
36500.0 3.293382 10.189163 4.4965411711408265 3.701830751664582 3.888207184678003
36600.0 3.411844 10.330558 4.1619147039763495 3.594178242497586 3.3260715013438835
36700.0 3.155622 7.440029 3.9876527011102065 3.354465996055975 3.6066335949672643
36800.0 2.286642 3.472122 3.4031362397302702 2.622291498253648 3.742719258487664
36900.0 2.338049 2.459632 3.2118740830099353 2.6049339975392978 3.815817767242039
37000.0 3.463862 8.816168 4.06207041354933 3.528084947072188 3.7465691431942463
37100.0 3.913927 10.342964 4.541364942640944 4.076925296503721 3.7277421830527193
37200.0 3.333511 9.692414 4.018668533632202 3.4778076467818377 4.057457139240056
37300.0 4.013366 10.936499 4.62800112863092 4.067854357198134 3.4081381620115976
37400.0 2.145802 5.324100 3.6424438791758145 2.705542770882786 3.654481397844104
37500.0 2.693495 6.657629 3.6379344838554446 2.913838592636822 4.125204364741627
37600.0 1.919805 2.958559 3.47610054357204 2.530072781646309 3.9362907636668902
37700.0 2.964934 9.896673 3.8952769785746457 3.309968073766331 3.3569074136829924
37800.0 2.261962 4.585749 3.1806444303644015 2.618316639703902 2.958397372990225
37900.0 2.511122 4.919523 3.055731139032684 2.76145396579214 3.2814211232281663
38000.0 3.023354 4.784522 3.1920935582162584 3.0226906101911744 3.108393597679146
38100.0 2.505277 4.426578 3.8466736798285837 2.935168237346649 3.761071448936237
38200.0 2.228853 4.399338 3.4479614195307025 2.673645042343305 3.5090731022719086
38300.0 3.316639 9.848851 4.010909076453285 3.591205903269316 3.151747646526435
38400.0 2.893374 6.915973 3.7965231333425207 3.1991117930199575 4.156389674301012
38500.0 2.904330 8.081881 3.153890119479657 2.888486243130005 3.384384159203603
38600.0 3.520041 8.304034 3.953557568009515 3.5439356838508926 3.503613766971823
38700.0 3.599140 10.190560 4.60742896004555 3.943008208772115 3.621059874587377
38800.0 3.327636 8.491923 3.8070888035443673 3.393819199360961 3.661504060026018
38900.0 2.657812 2.179202 3.6259825725978927 2.9306331225242532 3.746390278404214
39000.0 3.266966 8.836653 4.032899069497789 3.4566070436772987 2.8925466580766823
39100.0 3.037609 10.019759 3.5735713421112667 3.2579329485974244 3.434184695941212
39200.0 2.682184 4.981719 3.579626942878056 2.8927815062347975 3.7862276049027783
39300.0 3.768708 11.862218 4.289520073208366 3.87456152606316 3.3832496938534242
39400.0 3.574863 9.764859 3.9935068629662593 3.6385757400729184 3.411088666813314
39500.0 3.289425 9.025126 4.268617246372564 3.5457854516747593 3.649370130926464
39600.0 3.931887 8.725423 4.538541712103592 4.000226875059143 2.944221548022758
39700.0 3.518306 7.423208 4.117356199182411 3.7782228462156904 3.8313494329240014
39800.0 4.300345 12.550425 4.791900706254486 4.2516069812511565 3.5606266389742527
39900.0 4.096393 7.543387 4.644342341224322 4.2456700259022755 3.336758456032479
40000.0 3.808501 9.683310 4.449491204663707 4.0478202280081 3.4575427942029346
40100.0 3.330896 6.357998 3.89965619401527 3.449402752951769 4.078983492681591
40200.0 2.697482 6.210109 3.576651483370802 3.0556774912959095 3.3330924261641517
40300.0 2.930378 7.944216 3.7840083654306302 3.194731195896705 3.8809020781013754
40400.0 2.745408 7.867213 3.2461823758649144 2.767073303117328 3.9342558012531708
40500.0 3.386966 7.443761 4.184935756518099 3.600538704272934 3.904729239464039
40600.0 2.987012 7.300977 3.736984238352518 3.149565147657969 3.679273686031812
40700.0 2.399422 5.026772 3.457116661460109 2.6555638174921565 3.6410623390164645
40800.0 2.957306 7.309112 3.754174707116394 3.1896672836955258 3.489510279873414
40900.0 3.211664 8.930952 4.2863311935855215 3.4639557266459966 3.5107444453024077
41000.0 2.820864 7.784259 3.5714969947859605 3.0222822341025246 4.045534648742599
41100.0 2.488717 6.427664 3.3454862019592593 2.8161612525966926 3.726722322922351
41200.0 3.135419 9.803520 3.751698482296426 3.1631980407260483 3.3706085618168293
41300.0 3.294382 8.843208 4.140430843883496 3.5235623602177095 3.4803856293509328
41400.0 2.767554 7.194702 3.227765236672128 2.851479648129152 3.069335500146602
41500.0 3.554335 9.552460 3.79781794538397 3.4834072863202543 2.9622355626076904
41600.0 3.455714 9.164824 4.151082899907576 3.6162791085886874 3.4300608947534506
41700.0 2.795849 5.117392 3.0164142044935542 2.842683341786687 3.298871643529878
41800.0 2.324200 6.336707 3.652657719610999 2.7390653199453325 4.154015418915025
41900.0 3.868269 10.382902 4.230339406677007 3.7571304914676777 3.6648945121060867
42000.0 3.339026 7.426408 4.071855666729164 3.5782136047681963 3.2702313825185927
42100.0 2.285854 5.112440 3.244435735141243 2.6184923750067823 3.8942923005834085
42200.0 3.667650 10.562531 4.3063618931235625 3.7062480699562843 3.997243543053311
42300.0 3.714724 11.718021 4.183188215723851 3.7661649302760023 3.7782555580971984
42400.0 3.883627 11.463726 4.439203755064147 3.9093156816897676 3.4471451538323263
42500.0 3.248185 8.386976 3.6429515188859827 3.280077573087935 4.0334181049982005
42600.0 2.663098 4.911995 3.438929184478989 2.867225453948199 3.0195212278852996
42700.0 2.382654 1.478930 3.269736622021859 2.661317790716142 3.444294065315682
42800.0 2.047206 3.407911 3.2638025714729246 2.508276410221321 3.934865343871802
42900.0 2.675655 9.373575 3.8744628325095993 2.9946459511570453 3.6196405099148956
43000.0 3.498897 9.565410 4.410240760066168 3.8356955553084906 3.2548422970832855
43100.0 2.312143 5.109346 3.406520712188974 2.6561389865591774 3.573880613130194
43200.0 2.493692 3.701811 3.49255473137199 2.8466924510852665 3.3848832210791966
43300.0 2.701551 5.591202 3.582066143802231 2.9734464547343573 3.42009658768866
43400.0 3.094511 9.061537 3.8533400315824133 3.2446661712339617 3.2463122867896064
43500.0 3.490231 9.707467 3.8387011603129033 3.5132017280140997 3.5752933066150843
43600.0 3.112491 6.787889 4.015922811003218 3.3058890448940654 3.2194438081204937
43700.0 3.506300 11.211942 4.069806723743474 3.4921638305100813 3.4476493642779618
43800.0 2.590066 6.695005 3.4452612945407175 2.845874803714875 3.6441391563290293
43900.0 4.593191 12.874906 5.166177635618305 4.696172659981852 3.956099593124006
44000.0 3.736006 10.757091 4.316247592819379 3.773060604372123 3.650148307565367
44100.0 4.001010 7.570408 4.362946269961901 4.011182534379765 3.24403594951717
44200.0 2.532448 6.768198 3.426582193178362 2.8558928802082613 3.567779391840398
44300.0 2.997816 3.681000 3.4004534670012365 3.0588560702744205 2.961631573650359
44400.0 2.389321 1.951799 3.22095461539646 2.642461117582438 3.4582753698399604
44500.0 2.633019 5.372778 3.498846086460407 2.9588454035230707 3.699388531207124
44600.0 3.248055 9.816857 4.091063046257368 3.5340199361702553 3.4765216329046322
44700.0 4.308037 10.399164 4.6699193552584966 4.445074028650812 3.4743898608263195
44800.0 2.761858 5.837549 3.35807059756186 2.8721910066027543 3.4094063859925923
44900.0 3.958097 13.123693 4.4706112773621465 3.950107105442393 3.57084046814831
45000.0 3.105640 7.225425 3.6418542599746755 3.2261046724742064 3.677089774535735
45100.0 3.029715 10.056994 3.852207650857754 3.291363728437237 3.3346133392784685
45200.0 2.979875 8.329816 3.69638261446325 3.16107692864438 3.601978904073783
45300.0 4.082065 9.851434 4.66028281763507 4.17885495846392 3.473191153562394
45400.0 3.675756 10.992225 4.380045571303795 3.8053969487869876 3.2476138186287966
45500.0 4.413985 11.276881 4.656889730108736 4.218938309084211 3.7544173749915113
45600.0 3.972236 8.733400 4.448747156770456 4.025701742503855 3.6768999063642496
45700.0 3.742503 9.395540 4.405403368050153 3.7727359894089556 3.3355824638874196
45800.0 3.211598 8.755669 4.130462349386551 3.418621459827201 3.8117418967259393
45900.0 3.644119 8.905568 4.250450319037483 3.664531753399203 3.5542500806754918
46000.0 3.632790 12.362448 4.587386260580551 3.7681259178728386 3.5747642883446487
46100.0 2.362368 4.222928 3.196771751392933 2.609798918028544 3.747377676036848
46200.0 3.249077 9.467888 4.01207233151167 3.3819959511004423 3.687434265237321
46300.0 3.222615 7.871951 4.256863685159394 3.5104763613799674 3.246507114897321
46400.0 3.606697 10.086497 4.560591695115438 3.795484006558113 3.367813685189356
46500.0 3.618626 9.153510 4.524551245689284 3.8787923521677743 3.798582187435415
46600.0 3.798560 9.965208 4.291701864549486 3.896537662592426 3.2613110089879993
46700.0 2.383080 4.139736 3.3294709049343303 2.699223148020556 3.954626630672804
46800.0 2.804215 6.202948 3.412736865992834 2.821110634774134 3.3531214062320447
46900.0 3.448565 10.127415 4.125941635860773 3.538722997518847 3.5329600376617205
47000.0 3.454411 10.682369 3.9238924716101526 3.4961102988132637 3.692438852651445
47100.0 3.271795 7.776411 3.919172963484823 3.393424158210123 3.6463808030039826
47200.0 4.240057 10.424900 4.238199675722317 4.023949554308362 3.324498259933566
47300.0 3.785934 11.198418 4.918381044136455 4.063454930543852 3.297589042446829
47400.0 3.284480 7.522175 4.341929224409361 3.5804365124116098 3.598190288381007
47500.0 3.854698 8.949819 3.791270264232699 3.6907388185100847 3.451912160969959
47600.0 3.179848 6.143314 3.8822976347133036 3.3555320299514366 3.529099104348288
47700.0 2.408307 4.042077 3.1835445731770577 2.719760075621704 3.725434665405305
47800.0 3.114592 4.459058 4.195944924461927 3.5201149398733738 3.716769987779167
47900.0 3.348325 9.037212 4.101743640073813 3.562880006021081 3.2913881377799536
48000.0 5.174417 15.272065 5.071534171391685 4.861523564637805 2.7509325285468296
48100.0 2.556715 4.105834 3.504750312378991 2.8017764458658876 3.80177992939638
48200.0 3.116398 9.245612 3.5038215190933806 3.038329251446698 3.873990235054087
48300.0 3.034649 7.373739 3.6176696263409625 3.1346515971784368 3.388351743346337
48400.0 3.352973 9.989224 3.898890827755118 3.4054200854502907 3.5360598773668053
48500.0 2.257282 5.549388 3.3898915592768013 2.586955895305472 3.6224331668154575
48600.0 3.597546 9.383419 4.490163687154029 3.768204214480471 3.9133655165868775
48700.0 3.646000 11.110212 4.356839450276154 3.8029609198145824 3.4867048405227776
48800.0 2.230720 2.996070 3.0066269221375195 2.5159226051639787 3.6027844430223315
48900.0 2.676165 4.108333 3.33408027447533 2.9172249307000877 3.4716571469332265
49000.0 2.544078 4.054612 3.555815087872558 2.8313782067388114 3.706420762218887
49100.0 3.786725 9.551803 4.448004022655738 3.9971249242696105 3.256881200784538
49200.0 3.281957 8.334773 4.442718265619871 3.6502210112907356 3.0137131685183736
49300.0 3.666446 11.663601 4.271274902730532 3.6215282308431522 3.500958960084594
49400.0 3.124756 8.103063 3.6069637982454417 3.229044179673168 3.291799020981673
49500.0 3.187190 9.416176 3.7703412424579428 3.390869192739225 3.046074675971782
49600.0 3.716396 12.899086 4.46197784908068 3.752359659848227 2.994951722859073
49700.0 3.540812 6.985018 3.981904433707003 3.644461850392406 3.7695280285964103
49800.0 3.808008 7.841019 4.196016759250249 3.863135245517352 4.167862062206931
49900.0 3.519190 8.649019 4.160984104567957 3.6141503522083136 3.5705097242725103
50000.0 3.309266 5.655756 3.785536855039794 3.4282624048738395 3.1535695859754656
50100.0 3.745611 3.772298 3.8449759945560738 3.6019752593302408 3.2591881566412773
50200.0 3.652979 12.428947 4.480218668112214 3.8329063825127987 4.407835487490171
50300.0 4.245911 11.835557 4.713381258384076 4.272793069074304 3.696848299562936
50400.0 3.200706 9.240903 4.151420117176125 3.4553240703988135 3.5803690465653313
50500.0 2.515041 1.558855 3.2150855597191055 2.6697104668948213 3.4399380425096977
50600.0 2.783466 8.174003 3.8094160006496143 3.111278163481418 3.762467201095866
50700.0 2.402624 6.449845 3.5897461907354677 2.7493687921831764 4.238944273834913
50800.0 2.598924 2.103793 3.406850765463802 2.831393151877996 3.6441893591883265
50900.0 2.569112 9.139141 3.740341454004616 2.887468215426996 3.6778579345706293
51000.0 4.175041 11.866413 4.330869838522752 4.0543416604429074 3.7374739112998077
51100.0 3.125337 8.506389 3.421011576608171 3.1342375520237535 3.1100314601654246
51200.0 2.452082 8.392602 3.623130885772409 2.7805506550617447 4.156217858648167
51300.0 2.487006 4.358142 3.450746581211625 2.744418018116792 3.5010655846466405
51400.0 2.856795 7.217334 3.6443715555746965 3.096716967404168 3.5764529034298578
51500.0 3.462245 6.824642 4.237284661487908 3.5469414487802506 3.4958815637055936
51600.0 3.102585 5.720708 4.189095582175473 3.414772773351461 3.5995533620276103
51700.0 4.021255 9.442254 4.736402840810123 4.146151221750115 3.505077586719915
51800.0 4.654448 12.094128 4.745443061611656 4.509562128153468 3.247673358186691
51900.0 2.834862 7.952974 3.8266099834696923 3.1072378956702615 3.374235054012826
52000.0 3.034446 7.994829 3.9494740794112793 3.2223574601504694 3.3857251111186315
52100.0 3.494341 6.528351 3.800023469218474 3.49429486884971 3.742824756393093
52200.0 2.812659 2.555548 3.1556547267258472 2.81338636682331 3.5093157694333623
52300.0 2.151176 1.963433 3.476507891001622 2.6268206910364738 3.5289474528270945
52400.0 2.422296 3.491631 3.33180758900442 2.73788610489565 3.6267247095523842
52500.0 3.686635 10.113030 4.288484193598074 3.751419974433091 3.8414204728367527
52600.0 3.347889 7.234656 3.8044584165919533 3.4407513208456297 2.756086924946877
52700.0 3.003823 7.950162 3.799997391124365 3.2308619622816694 3.452776332508147
52800.0 2.386186 5.755101 3.5088587610366595 2.6940427100851236 4.028191296961559
52900.0 2.984731 6.492012 3.645605203816236 3.1671213429969702 3.4164742868164004
53000.0 3.960521 10.911907 4.679447409357446 4.200116093885468 3.3228465935429563
53100.0 2.431385 5.604311 3.4354589542144947 2.7658270806408876 3.8492781737181234
53200.0 2.516559 8.249779 3.6648092130758165 2.8919079265534577 3.7418864012409885
53300.0 3.373667 10.479905 3.9306972063257013 3.3704583067356078 3.2534526769041507
53400.0 3.328047 6.796145 4.415389922256236 3.718995517769795 2.873832655701328
53500.0 2.903044 8.503508 3.4749889333025052 2.9674435423838514 3.524741129686224
53600.0 3.167433 7.202122 3.7846540696347346 3.4197827383485153 3.0024295162090198
53700.0 3.168720 7.856345 3.828264900565022 3.3494379270454138 3.470022165861312
53800.0 3.599090 10.573716 4.212638366640308 3.744058313231139 3.1908343987723433
53900.0 3.153850 8.236192 3.915569968498458 3.334399929926068 3.6683412480541224
54000.0 2.699978 7.542793 3.568917000499008 2.892434380522279 3.654345625944567
54100.0 2.515622 4.926367 3.5719376655745747 2.8634509414934866 3.290811589253558
54200.0 2.939844 7.763803 3.085627018588878 2.9551634684578922 3.2822443595212603
54300.0 2.532264 5.329377 3.5002661170954457 2.8275852756281292 4.142404959576999
54400.0 2.723878 6.500600 3.1908530737583654 2.7377194408975516 3.2560614294448955
54500.0 2.808917 7.034927 3.4101283597709378 2.96016466802754 3.42074574884311
54600.0 3.894505 12.693251 4.57586768564106 3.888746034580047 2.9903986059570924
54700.0 2.509298 6.052662 3.3789787016368864 2.7679161489982564 4.07603953890477
54800.0 2.552469 7.095294 3.3785673218922105 2.856214659602498 3.8176025156570867
54900.0 2.390072 5.266191 3.216026945872154 2.5941846877855532 3.681277359479184
55000.0 3.232459 8.654894 3.722087708377028 3.3685786340574513 3.8292257330402153
55100.0 3.380908 8.011222 3.6151845722086593 3.374650533397122 3.477369585534857
55200.0 2.412382 6.728159 3.356024233568489 2.7112184276408575 3.5059646937566744
55300.0 2.674600 6.756255 3.48930023212409 2.897388732807239 3.6783353722677514
55400.0 2.477741 5.482637 3.457954961766303 2.7905580736105167 3.009391415531246
55500.0 2.731461 6.423780 3.335426317876447 2.8419763611227675 3.4834072724312635
55600.0 3.111260 7.907952 3.531180760967958 3.150762829716226 3.2171458486758104
55700.0 3.221386 7.644215 3.775181082891232 3.2953924888890405 3.8900887366436137
55800.0 3.038348 7.980604 3.8178736675856997 3.275073617777979 3.6316977170442573
55900.0 3.983137 11.877122 4.514159508469325 3.982650943718275 3.2500937091967206
56000.0 3.120591 7.362100 3.813521504356246 3.2892046910782895 3.8049787713841763
56100.0 3.010684 9.780816 3.830279322159501 3.256366303118362 3.8116834472139436
56200.0 4.606895 14.244931 5.292119429988538 4.609356712925949 3.2116107507995713
56300.0 4.014615 13.028649 4.480979251217549 3.907338414362662 3.8249510042101784
56400.0 3.810806 9.025102 4.729216494880303 4.092690548216685 3.6529968943370905
56500.0 4.683413 15.054320 5.127051173833634 4.5007088888106015 3.4340474787117765
56600.0 3.585106 7.541130 4.1206248482696655 3.6534888364057925 3.467727640975825
56700.0 3.577315 8.954680 4.267189199414739 3.721345170117793 3.3276038506561396
56800.0 2.839667 7.333799 4.15112200046589 3.22826712442874 3.50411327448642
56900.0 2.390578 5.153787 3.2481053651889042 2.6574132358389875 3.5198649573533887
57000.0 2.430835 4.104945 3.417796723137219 2.6897929038116644 3.9382473677066465
57100.0 2.642078 4.664161 3.760134618254796 3.0077677759040427 3.3247897900889187
57200.0 3.355997 9.931751 3.9161849094039103 3.416106488057935 3.2937857802022354
57300.0 2.307700 2.394924 2.984771801928733 2.5212168467014 2.9497646487760067
57400.0 3.258765 6.030497 3.7427620902520866 3.3075231882995753 3.1105064936369327
57500.0 3.635001 9.418039 4.030422307112667 3.5963899229901655 3.5008326240283387
57600.0 2.278457 4.136609 3.1811743974116773 2.616131428851417 3.638495206626753
57700.0 2.924631 6.245937 3.7113539816320658 3.1465853075056707 3.617684687625207
57800.0 3.895805 8.830194 4.5796105016845114 4.109597432620204 3.4729526919486986
57900.0 3.109519 7.034635 4.130470952831083 3.6240209789621995 3.1656072463228564
58000.0 2.860373 2.791618 3.534296661162614 3.0473369519345526 3.7540224962949456
58100.0 2.399959 5.785800 3.514820458584961 2.8002770464346334 3.462794876108391
58200.0 2.889577 7.449738 3.554700119794717 3.047822391527066 3.175878679592557
58300.0 4.252749 12.056552 4.76499581160355 4.253350591569223 3.5280144820598736
58400.0 3.136781 8.336192 4.0454936397641434 3.3560272492550127 3.3715446147109516
58500.0 2.788231 6.127789 3.304995767192619 3.0194447665979043 3.640461270123355
58600.0 2.187703 4.420989 3.2347011405216533 2.5651587558046534 3.4027270151690576
58700.0 2.905077 6.600112 3.7025771399032656 3.162982429336361 3.520087183106396
58800.0 3.488517 8.885521 4.178628757130312 3.6796016378997747 3.191080184070161
58900.0 2.724486 3.948995 3.801518165546511 3.1124012826947167 3.502592680815075
59000.0 2.422172 5.852865 3.5317252206250225 2.8125028130560574 3.4106966643615704
59100.0 3.175433 10.807557 3.902369852264346 3.1977397544926927 3.3417044207481603
59200.0 2.474420 5.310519 3.309768391492239 2.730340723243056 3.5626834502791
59300.0 4.213786 13.055349 4.044057224404411 4.055778781748249 3.247348252857721
59400.0 3.085872 6.043717 4.08494453662059 3.4148589866968204 3.21601938171433
59500.0 2.746380 6.116250 3.7136510356773194 3.03536617287677 3.4753627416626327
59600.0 4.412961 9.896202 4.676719336891011 4.371233240030866 3.892257843329919
59700.0 5.323655 15.698273 5.509646629396432 5.095189875405986 3.453580582447841
59800.0 4.863264 14.058438 5.099367151495264 4.756466329799487 3.650465973703105
59900.0 2.659159 4.494862 3.50357933955196 2.87695851720145 3.5485573366184084
60000.0 2.366938 2.239991 3.2558564704698254 2.692687201637415 3.8698842848579877
60100.0 2.528850 3.301277 3.2857413835707256 2.7685474686071294 3.6049425226920286
60200.0 2.299769 2.268777 3.1988484227361482 2.5244359127248734 3.651017923761607
60300.0 2.140054 3.521512 3.3430003445202137 2.5250606129975943 3.936286778159543
60400.0 2.315568 1.982971 3.295316249077361 2.600901579797153 3.3032085028700604
60500.0 2.588357 3.265461 3.046807301390727 2.690133900096451 3.3968203594812247
60600.0 3.631629 10.937654 3.9902358328200846 3.572160969421889 3.3674635017730927
60700.0 3.766762 9.046863 4.391363924245201 3.9174093273804202 3.676894322792443
60800.0 2.647718 7.022653 3.086711191611519 2.7689799720255737 3.270361615120675
60900.0 2.242710 6.314343 3.082391615768346 2.5396710743709314 3.4741154667570577
61000.0 3.334309 6.573801 4.041253893383077 3.5415986529320955 3.582376316416279
61100.0 2.998404 8.553676 3.8440592671571765 3.125521697814063 3.2684125771602273
61200.0 4.371302 12.247303 4.535691827754404 4.392433271598133 3.5775278537540065
61300.0 3.771488 10.295921 4.556175860758757 4.024546558155322 3.1272853941118086
61400.0 2.860323 5.364698 3.8107622430200925 3.1986849780734334 3.5589576010912243
61500.0 2.870521 5.644655 3.5745731685310913 3.0436053986930798 3.5793257551576243
61600.0 3.440086 9.028061 3.8602879267169956 3.420633848235889 3.3695576574681447
61700.0 3.480797 10.087133 4.15259991197502 3.6613899824414573 3.504794383975032
61800.0 4.616891 11.335209 4.970778069615423 4.633694380018629 2.8118584304017116
61900.0 3.041714 10.071141 3.9839768855728246 3.3748017670263293 2.7682362285905553
62000.0 3.430017 9.226640 3.815148524318723 3.30576968580613 3.5313419642714097
62100.0 4.944621 13.755908 5.284417778257213 4.911464100529695 3.454744175464248
62200.0 4.106707 12.150416 4.393760075615086 3.9750826272577333 3.809893305042861
62300.0 3.128933 9.212954 3.8965364951045154 3.365841129013297 3.587650179988819
62400.0 2.633634 4.360470 3.4494291012658844 2.8944046180210803 3.9315733346828625
62500.0 3.643662 12.578261 4.025457500468954 3.6469747676743274 3.7537175201424664
62600.0 2.875501 5.295237 3.51276374518469 3.068634391597049 3.0349922278135506
62700.0 3.068618 7.431022 3.8215429954801534 3.2798089559981745 3.2141465049355036
62800.0 2.297611 2.105931 3.3173136083204886 2.6716681418959976 3.2868498952425567
62900.0 2.724557 6.072842 3.823426714737108 3.0470292382003725 3.599959666227892
63000.0 2.304086 5.043178 3.373167841399315 2.6295379571253923 4.501297557841326
63100.0 2.374315 3.601723 3.454857931256169 2.788151642154339 3.166017817486723
63200.0 2.610733 8.101112 3.952434767817968 3.056751351495783 3.871990492953316
63300.0 3.031401 7.418145 3.7025510555405514 3.240979808702977 3.484538151754538
63400.0 2.627594 7.061204 3.56912645175892 2.8705097306102343 3.4143945772757283
63500.0 2.206133 6.188452 3.7538532895532284 2.7776319043543554 3.8768340698467503
63600.0 2.263911 6.275178 3.279477129405622 2.6572953610962573 3.282292549462588
63700.0 2.497128 6.023250 3.614236568830212 2.83418076891084 3.8477711206905005
63800.0 2.688598 6.123746 3.7172401329628677 3.0146712110830243 3.1490189936034576
63900.0 3.948442 7.972955 4.436021590169451 3.9265571796092607 3.8616314770241758
64000.0 3.135706 7.705187 3.8550532118414553 3.3319103064917943 3.5417209252832014
64100.0 2.221927 4.438822 3.4236619478853427 2.633690798635951 3.5425156451372257
64200.0 2.326274 7.562404 3.49672877059404 2.7306175938003014 3.6172005690552274
64300.0 2.034279 4.083146 3.2115628519813013 2.4985687138385115 3.7457466659006733
64400.0 3.567144 7.611536 4.056492819848149 3.614465470528584 3.626369419964043
64500.0 2.897848 8.829659 3.7743887534316523 3.107700792567542 3.5639445446240616
64600.0 2.259197 3.544974 3.005801424415845 2.551979066381749 3.653604971236848
64700.0 2.899465 5.917101 3.6120149501515475 3.090790044438577 3.516523993890861
64800.0 2.912773 7.941611 4.002297738154155 3.2930283813674732 3.2643562307226603
64900.0 3.752216 8.577923 4.726700010141471 3.9854473528209766 3.84113447554082
65000.0 1.956619 5.193434 3.3299073969287276 2.516052055032031 3.5591705170469727
65100.0 3.631178 7.499614 4.38284057770291 3.8234969608007545 3.843142848864999
65200.0 2.071792 5.859844 3.1119652803719062 2.4776539534165702 3.689195808515922
65300.0 3.992304 10.324646 4.24684468924118 3.8091643525222594 3.5854202190081863
65400.0 3.830896 9.650183 4.413551623680308 3.9073762424516456 2.7734683838492886
65500.0 3.728152 9.358670 4.369147733738028 3.7649737700446573 3.225438687159692
65600.0 3.083994 7.649095 4.100796759723712 3.31210935275063 3.779364190234877
65700.0 3.711757 9.661723 4.602224601205241 4.0336405333159435 3.0520699684565447
65800.0 2.438861 5.265681 3.7087933687413353 2.851675013061143 3.2128066800056105
65900.0 2.654057 5.211957 3.186142541028331 2.770986109162418 3.4980487249273744
66000.0 2.260834 7.018538 3.5193095785930124 2.738259040456596 3.785358013498338
66100.0 2.393124 6.374976 3.298407567502088 2.712478022328647 3.0306598432363203
66200.0 2.462743 3.650247 3.1670266808685508 2.738614761087965 3.257885454869203
66300.0 3.371564 8.250127 3.8125835022104084 3.4298792911136777 3.383576671026197
66400.0 3.746240 10.439439 4.448191317941289 3.839866146067166 3.4665834448001265
66500.0 4.281640 9.631882 4.762674843573273 4.359079489522574 3.3677232073570065
66600.0 3.286392 8.228915 3.620580061403131 3.2359069948370025 3.0558015443287094
66700.0 3.537812 9.086818 4.17466824430601 3.6447478099518102 3.7582134685692057
66800.0 3.549556 10.548500 4.017306942135243 3.5342539491052625 3.410746842117729
66900.0 4.412340 14.373820 4.904277786739737 4.463067853379312 3.75400254933811
67000.0 3.435021 6.962408 4.176261107832501 3.6418912452741363 4.007231422532888
67100.0 2.874377 5.144157 4.169216077605867 3.3335314373015525 3.1981656442390434
67200.0 4.087723 10.872194 4.721445644359711 4.146116002767771 3.58888012810372
67300.0 3.304368 7.341026 3.949665346697783 3.401029506982831 3.412803817804951
67400.0 3.980553 9.477846 4.745369103896695 4.100788258214896 3.2965245071030598
67500.0 3.632683 9.138235 4.071354718351902 3.6326475588677405 3.441804361573686
67600.0 2.857556 6.486828 3.5801929223685836 3.098716835200997 3.217291994327452
67700.0 3.080892 9.902406 4.233439554655942 3.3895336527697317 3.8506958837105447
67800.0 4.066193 11.402385 4.068987148066304 3.94878344677533 3.0673298406830103
67900.0 2.425212 4.974600 3.414386470177913 2.787762370644656 3.176411332796009
68000.0 2.023416 2.175230 3.0914752434094144 2.4138444130747576 3.3886597839214025
68100.0 2.681870 4.973033 3.658929877811816 3.0357137851707923 3.6740540306311074
68200.0 3.274664 7.820561 4.32312991109484 3.583087383250056 3.4648816900975272
68300.0 3.464988 7.328776 4.147263310013422 3.612912409577835 3.8439840551595696
68400.0 4.277482 13.274606 4.889957122566929 4.200739771284694 3.7727534736561594
68500.0 3.581637 10.344094 3.95559750825675 3.6266781737596534 3.2271351141646587
68600.0 3.345991 6.952358 3.995969426278551 3.4774610094089646 3.3833621930023003
68700.0 2.630364 7.534078 3.5562599634252656 2.912393491106333 4.144386967399667
68800.0 2.127351 2.012062 3.4114210572911183 2.5768522353910583 3.5572534608751547
68900.0 3.068768 5.296806 3.8141778231961836 3.2639604661100172 3.4657711728594425
69000.0 3.841866 9.179580 4.332614272779823 3.8357179379490414 3.4263676875746176
69100.0 4.155584 11.769843 4.915933804913763 4.331292457107226 3.283586181266906
69200.0 3.828540 11.045187 4.4174732119253655 3.9395447003756794 3.4259897237013246
69300.0 4.264377 12.208740 4.592454614850853 4.29276956002969 3.839929930476954
69400.0 3.127582 6.270915 3.5509882295209687 3.2417883736381485 3.6597867120473495
69500.0 1.886854 2.338899 2.9737004134588902 2.338323345155808 3.3701718242574
69600.0 1.886274 2.714155 3.3973474959867755 2.425211287381534 3.35285474401037
69700.0 2.391000 5.977003 3.3786945985530754 2.763845885387472 3.72859248219013
69800.0 3.944089 11.479625 4.788262570383392 4.147396011809693 3.6252354367629636
69900.0 3.013842 6.805404 3.8759989324668545 3.225187837539786 3.2579699125811064
70000.0 3.634265 7.079655 4.062946939425582 3.6192031536054796 3.251542098217419
70100.0 3.421003 10.096585 4.655829354705938 3.8408153436528325 3.6026299632098264
70200.0 3.252072 8.963855 3.7099477762292112 3.2908628452116817 3.674553523689742
70300.0 4.122652 11.921775 4.722044306778293 4.128851689016219 3.1875168161815015
70400.0 3.590076 10.437893 4.143768782716975 3.707029338279296 3.3638521227839377
70500.0 3.823447 9.360982 4.416339293121799 3.9311968622973317 3.0883719210501073
70600.0 2.762855 5.709402 3.7113048429752515 3.0632815026788 3.2359174856213415
70700.0 3.325781 8.375748 3.5709460795704673 3.3742332889779303 2.928380094877945
70800.0 3.147724 9.605773 3.809623255869733 3.30048665239672 3.8126916675489775
70900.0 3.562135 8.083912 4.270345442253658 3.688808976249459 3.671441362441248
71000.0 1.975393 3.713355 3.3347020233211326 2.49810925204216 3.8819497376270653
71100.0 2.205767 5.600642 3.35244118762024 2.6812042704718695 3.544419170661916
71200.0 3.102503 2.919184 3.7573131978556935 3.2640876224390807 3.4671522377641657
71300.0 3.019436 5.264995 3.808926978643004 3.134324830405813 3.4889824021508966
71400.0 2.800371 5.688545 3.8453065493387983 3.098004087361781 4.218435923200868
71500.0 3.451777 10.949489 4.277335442244978 3.661006033547694 3.7682458746500966
71600.0 3.090787 7.716345 3.5285674117796546 3.159516525815092 3.301902153514602
71700.0 2.695698 3.044446 3.745499017538357 2.9895827562172514 3.6919044838282824
71800.0 2.744461 8.265102 3.5030229818044076 2.903543780107215 3.7584330187334625
71900.0 3.884500 11.487070 4.398206496790393 3.9632961347914266 4.044890918826706
72000.0 3.217210 5.919618 3.5093762894873217 3.275794379921044 3.1498540054076813
72100.0 2.389497 5.516163 3.3367701058165142 2.7111372369079243 3.223863839399087
72200.0 2.168194 3.038791 3.4986168401686237 2.5997309652617986 4.059119449361685
72300.0 2.536247 6.246681 3.6261585794221403 2.861535300474214 3.526112465103441
72400.0 2.972942 5.761426 3.5437585025413023 3.1269450253302957 3.0360672616021063
72500.0 3.450585 9.079959 4.3649958901532235 3.6708548336288636 3.355011374199542
72600.0 3.990358 11.140001 4.198470064231042 3.8505279240600725 3.1434049466607457
72700.0 3.294175 8.034358 3.717638132335674 3.3670186534057565 3.6531852027064127
72800.0 4.478374 13.165858 4.6126993721772775 4.379090245825624 3.4219599895940473
72900.0 3.117598 11.415036 3.637976831273595 3.157590269753886 3.5919245269237616
73000.0 3.405295 8.585594 3.9681058146572976 3.5405672204759253 3.761368208690105
73100.0 4.276641 12.874586 4.613496531999272 4.244870759157612 3.4511803958098306
73200.0 3.181860 8.612743 4.182947579605258 3.442847948295784 3.1517464022986217
73300.0 2.701768 7.631931 3.2843974918165646 2.8770599340741696 3.4854934065203804
73400.0 2.493515 5.937387 3.201486650859834 2.7181789663880696 3.960100321880358
73500.0 3.417284 9.162526 4.255117255025831 3.7025214269517366 3.4468292090081922
73600.0 2.416885 5.443855 3.504095533797975 2.784560868333218 3.887900570997355
73700.0 2.293036 5.316997 3.4864921978937575 2.7105797908070364 3.700818589017784
73800.0 2.831871 4.556287 3.5800927799209252 3.063378625660474 3.285700665835456
73900.0 2.337005 4.395607 3.4769056742329942 2.703025916792121 3.9287020835023574
74000.0 2.576857 6.590697 3.2528425390092193 2.7973496730106646 3.52081229002628
74100.0 2.858802 4.869180 3.538303187942776 3.0614462436209267 3.473601569788059
74200.0 2.722942 7.135797 3.70560035098687 3.0157116373794484 3.7875126895179485
74300.0 3.099539 6.205550 4.119778749443541 3.459557657825079 3.943724360313695
74400.0 4.035125 10.496143 5.046822684079992 4.342712987984248 3.7626179408613303
74500.0 3.532854 11.192013 4.196626124085517 3.6254459937954504 3.613091147729792
74600.0 3.351505 7.455065 4.038949427573232 3.53614722071194 3.401439305052621
74700.0 3.139048 6.953036 4.109214789564118 3.3818113660904587 3.995359147342565
74800.0 3.785939 8.412195 4.081893687609997 3.787758792971643 3.2951494926057476
74900.0 3.580257 10.090228 4.062447006486382 3.676011255154862 3.1585607404411724
75000.0 3.367925 7.360636 4.461612568683082 3.7224359225876937 3.6721136887165704
75100.0 4.750734 13.247493 4.457034141352785 4.326904859677065 2.9723695592106694
75200.0 3.691226 7.078046 3.9827763223850825 3.732667897329408 3.3122225473623486
75300.0 3.851158 7.765105 4.0655737344672245 3.7308270485185298 3.381027649338243
75400.0 3.757299 9.176210 4.30102096607212 3.903044751741097 3.1097909324675994
75500.0 3.022154 7.848533 4.1726462559182105 3.3443324652201896 3.7596793931769272
75600.0 3.831876 11.868810 4.6661274886285975 3.9582298242518266 3.5897166547032193
75700.0 2.487546 5.292768 3.531520266558098 2.8363081237212753 3.7517937912059027
75800.0 2.603908 4.305520 3.677602715260802 2.956890951235092 3.629862819763138
75900.0 2.865087 9.209057 3.3788916816555234 2.924201531437563 3.0704960782469906
76000.0 2.467997 6.622952 3.3544356997169515 2.770909528855894 3.6834631160837046
76100.0 2.467162 4.371856 3.4213180852775738 2.781836936313895 3.1970574697631617
76200.0 4.039221 12.660039 4.635681761654306 4.131824289212419 3.861351786268693
76300.0 2.733311 7.692435 3.7524698966662364 3.0220456104004696 4.011109394483453
76400.0 3.160300 8.434689 3.9253395676849303 3.264753105058121 3.5406558028247814
76500.0 3.168925 8.766036 3.9743690366202657 3.4101635646839052 3.39547311904909
76600.0 2.641833 6.754142 3.7403738285318724 3.079070099385972 3.7349275995454883
76700.0 3.188677 9.293306 3.5020776681172676 3.204068748728094 3.264184971541951
76800.0 2.516222 4.128937 3.502155850843378 2.8024477949955897 3.633584688275049
76900.0 3.396847 8.153757 4.107485719268777 3.522959498975617 3.8598233264872084
77000.0 3.236966 10.414849 3.596758084097149 3.224239191006984 3.3781435932633843
77100.0 3.812015 10.434439 4.396741495090503 3.8704149198284328 3.313636461845414
77200.0 4.338635 10.691029 4.820515154044665 4.329184823196517 3.1648216511635967
77300.0 2.316129 2.149219 3.2672316757246236 2.6098054212467483 3.167448467019852
77400.0 2.445132 5.346441 3.1786287595129026 2.691222524595716 3.109129556883132
77500.0 2.618793 5.014847 3.457188999848235 2.8114582192347024 3.075533672979374
77600.0 3.614026 10.542067 4.368386685212104 3.717625555163722 3.823549397260186
77700.0 2.705173 4.757222 3.7440024759527666 2.9969751933105075 3.777085844117838
77800.0 2.256917 4.784885 3.1377090119382753 2.529070257250496 3.5159729971059184
77900.0 2.908834 4.741563 4.041970441400091 3.236282586608461 3.6837786701474187
78000.0 2.470688 8.239886 3.209093138301504 2.7535231131393823 3.3443678552151295
78100.0 3.780581 9.801340 4.199738787324593 3.6941200839923916 3.4555656587677586
78200.0 4.042851 11.494924 4.288025682982109 3.9356993404237612 4.003108316762091
78300.0 2.684791 7.117299 3.5873636929703325 2.9877994872034197 3.5411749977371816
78400.0 3.114842 7.307390 3.791299527108408 3.3456664504538307 3.5803449555826203
78500.0 3.043568 5.064707 3.773197886649795 3.120762694742625 3.8096179442731626
78600.0 3.539715 9.432330 4.129891555399889 3.6261087061081714 3.38576125979445
78700.0 3.752302 7.816967 3.8113559368836083 3.624861791452213 3.4057246523505404
78800.0 4.188384 13.322732 4.836026003594672 4.208885759031713 3.4595862183159385
78900.0 3.211406 9.694590 4.158250534682114 3.445144332220358 3.601331403925234
79000.0 3.347885 11.283463 4.225817151356276 3.5762592366999466 3.226490870815544
79100.0 2.935919 6.700209 3.702015742740821 3.172565506800753 3.638552968664684
79200.0 3.031407 7.734163 3.8183434503768456 3.191117598085809 3.575775255036518
79300.0 2.710628 7.597983 3.267126982203422 2.829097624823117 3.302994334664755
79400.0 3.660492 9.058161 4.373660825397269 3.794619800709754 3.438854272530827
79500.0 4.106112 10.288442 4.312115979311936 3.940669547832464 4.0049166192076076
79600.0 3.698267 10.696278 4.628496307529308 3.8771692124617236 4.208665793166302
79700.0 3.220908 10.079030 4.325382947353915 3.527974157546207 3.77578399613166
79800.0 4.355559 11.882301 4.492904189043218 4.3094123483041775 3.6107535288232055
79900.0 2.976753 8.399274 3.5066053674271584 3.0872477084921153 3.523134861954448
80000.0 3.443135 9.905483 3.660065373603414 3.3501501129633695 3.6378129284322593
80100.0 2.541315 5.844943 3.668320103140693 2.9294058652472783 3.744730664791777
80200.0 3.741215 11.794147 4.647809809601048 3.9343988194727193 3.5633219027370586
80300.0 2.616379 3.650288 3.536080794656791 3.0095138696680297 4.045077794023455
80400.0 3.128218 5.925348 3.4150676975759238 3.2346996997176176 3.3009194204898438
80500.0 2.902569 5.443311 3.293885294957361 2.9596634237732977 3.1263373649082333
80600.0 3.943862 9.213629 4.123132628332849 3.8857870263622494 3.350054999938093
80700.0 4.626807 12.902764 4.910041142406533 4.500459793481142 3.7636737405783065
80800.0 3.670657 9.314604 4.471661465903548 3.8409938236394767 3.7691424663104476
80900.0 3.540852 8.745112 4.507382501803758 3.7772096306410146 3.629380614728331
81000.0 3.634976 10.480706 4.367887212924419 3.7612842667925337 3.4564335988051114
81100.0 2.239330 5.772144 3.2256344962621224 2.5599294230731897 3.5797560544410496
81200.0 3.042548 5.729633 3.4814590606665905 3.115218177743163 3.2347078750344957
81300.0 3.024694 10.213250 3.943374343685803 3.3123337034243776 3.3036262979149513
81400.0 2.144817 3.486523 3.3364775064067964 2.6261306621299587 3.523406537469716
81500.0 2.166979 5.584556 3.4657239884115154 2.626938468834682 3.6216987038053507
81600.0 2.209040 2.368413 3.513941909050294 2.6492128748563655 3.681714016889302
81700.0 2.640962 8.332271 3.45798143095241 2.892125916246866 3.4871776074843126
81800.0 2.717991 7.486987 3.1464497041048443 2.8395789594254266 2.9444118979348843
81900.0 2.659756 7.059571 3.9237053488487708 3.0200290307641477 4.01589350019056
82000.0 2.382391 6.839149 3.451975065738797 2.7080252984985713 3.544779964847882
82100.0 2.816638 5.230028 3.63578743343027 3.1177753667077814 3.480759223144882
82200.0 3.311409 8.193582 3.859237529304182 3.4155031202944186 3.2905035094017223
82300.0 2.494727 4.968882 3.816446641745304 2.961588773169961 3.9934170596577685
82400.0 3.414270 9.078350 4.009495117304307 3.568644836554251 3.2874434013297957
82500.0 4.935702 14.543013 5.469140658212337 4.952843249996903 3.6510310378965682
82600.0 4.158200 8.552323 4.865152842559287 4.224157586210472 3.4857509994298415
82700.0 3.742430 9.627999 4.476299532318522 3.926661075593087 3.6667249036750245
82800.0 3.980981 8.862462 4.400572435306353 3.8652597519370264 3.409672304436181
82900.0 2.827904 6.177107 3.5118234931906387 3.034812016170894 3.6048405046308676
83000.0 1.972629 3.621615 3.07908994147259 2.4218396571563963 3.5256074273924964
83100.0 2.333993 5.401037 3.4827613400470083 2.699557178590313 3.929393924438261
83200.0 2.318690 4.549100 3.587332211928065 2.7708204618708776 3.901087323629785
83300.0 2.827244 7.726417 3.70997776055137 3.1081281341941094 4.010035190584479
83400.0 2.372098 3.160008 3.3940854873872435 2.6995056226587737 3.1353858647049133
83500.0 2.063236 3.810786 3.326449408030874 2.4779242806345896 3.9071192170851674
83600.0 2.258998 4.059676 3.1919871817207315 2.5778426680375945 3.7877192100184014
83700.0 3.666236 8.055405 4.502387326481081 3.91246228029603 3.291653654465399
83800.0 2.644089 7.386499 3.784417075685127 3.0719906254791343 3.235881094196151
83900.0 3.544393 8.232587 4.34916549884815 3.7408909851246337 3.1253856081562263
84000.0 3.588568 10.836768 4.294084847601827 3.7375871807009937 3.521783406915324
84100.0 3.005221 8.075302 3.5561523590699413 3.1076498897219142 3.574191695047746
84200.0 3.788599 11.046576 4.263159956430586 3.8674565213301375 3.492418506530977
84300.0 2.863615 8.269703 3.5347302833185044 3.0655119064663805 3.1857195411190093
84400.0 2.911766 2.402275 3.397579019311639 2.9495933557329552 3.8974439511171086
84500.0 2.789571 5.010082 3.7290102193481194 3.0631823376965883 3.719411190796552
84600.0 3.927608 9.037185 4.934276003342575 4.234992121102158 3.4310275988964727
84700.0 3.753749 7.956340 3.6420165234829724 3.5164944318184324 3.4165206295745203
84800.0 3.787918 12.189116 4.297429137556575 3.8249312713809274 3.9669669852279745
84900.0 3.298293 10.717282 4.115984928169293 3.4651793013616063 3.3604271620063297
85000.0 3.160031 9.390537 3.871905167077598 3.3037231371644364 3.1722902026822046
85100.0 2.801809 7.077070 3.6809510982435136 3.077532666333786 3.638436093587164
85200.0 3.981057 9.217022 4.308485148944476 3.8731255380812373 3.612926655976599
85300.0 3.112220 9.608387 3.594626657719766 3.1449354169643304 3.894749997345902
85400.0 3.569720 8.018170 3.8911853275457573 3.5277560419142793 3.488543562468046
85500.0 3.331789 8.609104 3.9029690888738995 3.426643442885871 3.5553339956691334
85600.0 3.087408 9.893796 3.948794183872604 3.296581584960714 3.950723543057039
85700.0 3.110384 9.126198 4.265759973875031 3.4252356877238705 3.824900953054907
85800.0 3.427210 8.716130 4.456578572488029 3.7032077729056514 3.916866005673535
85900.0 3.521711 11.040958 4.564910142022549 3.8009830740714876 3.364383687367035
86000.0 2.276924 4.902199 3.2267702248122934 2.638438544607675 4.138694335792058
86100.0 2.585816 6.515587 3.4115067119896576 2.852355804669282 3.544820435403481
86200.0 2.633500 6.093316 3.3188194941472497 2.7892625191717624 3.5134264817749568
86300.0 3.913607 7.409713 4.32148643077624 3.879337010340234 3.362759826972996
86400.0 3.772126 10.186895 4.2502573162976525 3.898103392313571 3.85827351135773
86500.0 3.967833 13.440035 4.580665789034525 4.0855338919551425 3.503195066884056
86600.0 3.133192 6.695874 4.019202241458037 3.301805295678444 3.5704895034548767
86700.0 2.441114 5.124826 3.408972214842525 2.7829976535056886 3.7372150670390356
86800.0 3.115496 8.316952 3.6037978869325427 3.1055060776859924 3.792573941652417
86900.0 2.654911 5.555235 4.131989880904223 3.1756545155907334 3.912070856408122
87000.0 2.749859 7.931237 3.670817847051195 3.000878343627724 3.5525885417134053
87100.0 2.963663 4.736932 3.8423466181026575 3.238487911189365 3.585104271454961
87200.0 2.685754 1.540679 3.7626579596517162 3.021087139347176 4.216944018993785
87300.0 3.156119 8.342401 3.5300877448442183 3.172816175482876 3.452409797287939
87400.0 3.451001 9.450804 3.8335429172198663 3.322610598942695 3.189128799148858
87500.0 2.365699 6.618723 3.370060133589555 2.6511846878911247 3.896201408727586
87600.0 4.575695 11.047549 5.005862618050957 4.580680156455941 3.5818303905630136
87700.0 2.871786 9.499510 3.571467957483437 3.022329369321393 3.8025393231270006
87800.0 4.105196 9.951139 4.7658160442656055 4.149880136175999 3.6672599897410367
87900.0 3.138475 6.439485 3.4152909405301495 3.159805111728761 2.880157826738372
88000.0 4.006250 12.458633 4.816967128781284 4.14076769925818 3.5904352914961626
88100.0 4.666584 11.893452 5.116547585717935 4.771143079388808 3.3301395045079185
88200.0 3.316809 8.551127 3.9416855719986748 3.4676172997585684 3.3810925027954286
88300.0 3.061518 7.085049 3.6868346154962173 3.191742092375082 3.531138730842037
88400.0 3.608452 6.819599 3.8835453194708824 3.5591999428566177 3.4345949544387233
88500.0 3.261834 6.440411 3.92940001312487 3.4510508167483946 3.211738939449105
88600.0 3.151483 7.958042 3.812110178737847 3.2819096905805556 3.470045032825018
88700.0 4.162346 12.234936 4.707757415386572 4.182564059967547 3.7488664041514546
88800.0 3.465514 8.692982 4.476107896261696 3.763405999859299 3.689284725156618
88900.0 2.746155 4.082854 3.5748169226967894 2.9200839150319657 3.5395335206061556
89000.0 3.148782 8.063460 3.9025597115784216 3.323040284222695 3.541784290871322
89100.0 2.606816 6.666939 3.634827114018673 2.9585306574336356 3.726328080285141
89200.0 2.166894 4.550721 3.1458666049879334 2.550464031452128 3.506766938474637
89300.0 2.643737 4.218395 3.5772151621711665 2.9526992014158253 3.3446320201921513
89400.0 3.002998 8.829932 3.64364879225911 3.075844929286745 3.3508794068922843
89500.0 3.611000 10.506230 4.036817102698931 3.647127642373802 2.9929475115959927
89600.0 4.642986 10.224380 5.107159063587575 4.600775080343845 3.226895948675113
89700.0 3.712837 8.901498 4.528137574618648 3.855987054892818 3.7303029038687425
89800.0 2.392994 6.089760 3.5138464727611067 2.7999835053646405 3.643933467273551
89900.0 3.048170 6.807772 3.878137970144337 3.231252336967462 3.7949717117469843
90000.0 3.386082 9.462843 4.110317833456745 3.5442058806911394 3.4083837976913474
90100.0 2.588068 7.113568 3.742153918715982 2.9094310302562767 3.6247442204899945
90200.0 2.160328 2.841069 3.1535979324185095 2.53005745784754 3.6818435840412884
90300.0 2.715334 6.891731 3.472836510953709 2.8647859087794156 3.4036328710532664
90400.0 3.033484 7.876265 3.4805631408694078 3.09135685652104 3.419929690777065
90500.0 2.677692 5.628356 3.3878304312593857 2.918907099534436 3.028645648350848
90600.0 3.146369 9.455955 3.786670376355515 3.274697619581255 3.5323738536665155
90700.0 3.345667 9.369219 3.823845071457807 3.3652330102324495 3.475891421041923
90800.0 4.246160 11.493308 4.4923115722164315 4.343163307572037 3.335256240341375
90900.0 3.110268 6.881496 3.6295443595645716 3.211890946752797 3.4805342648359336
91000.0 2.842709 7.782945 3.653141354559768 3.228228736415909 3.441939317077756
91100.0 3.210947 8.392283 4.125680003766159 3.452258996648426 3.84704487602139
91200.0 2.472798 2.342981 3.090290749026024 2.664359677105988 3.3819895992988616
91300.0 2.246014 1.816917 3.679668599981238 2.729467012718329 3.59534916721786
91400.0 2.072153 1.370289 3.054165127619585 2.5199807276743496 3.361630598304053
91500.0 2.116142 5.655332 3.3253997490795375 2.610405298329317 3.568936697235961
91600.0 3.680831 10.633324 3.925233370048765 3.7354832089604013 3.447717541946312
91700.0 3.791495 8.755803 4.503002188029068 3.8989419590525594 3.207434710405725
91800.0 2.754023 6.947105 3.5933042634105163 3.047574531271559 3.5588961340282266
91900.0 2.869920 7.532298 3.870330297838661 3.163348941815381 3.3124696370075974
92000.0 2.416132 4.012907 3.5466075115725904 2.76023496683111 3.7016908505565764
92100.0 2.665523 6.769013 2.993868659310978 2.6982243244682915 3.2324951054490327
92200.0 2.202576 5.731210 3.407334559848731 2.6319121359960818 3.4997597827766738
92300.0 2.660077 5.678672 3.5407799892818743 2.889183588727904 3.6466686806970126
92400.0 2.358752 4.027939 3.1947855685299125 2.6654442424148415 3.3150131881461093
92500.0 2.920233 8.513636 3.853913017991728 3.1408488607148195 3.5244082252503466
92600.0 2.865955 8.097111 3.513427068855211 3.1129618061938515 3.7174288270177187
92700.0 2.888184 4.744754 3.4292194716807156 2.983165726184736 3.5293666189096915
92800.0 2.313091 3.535174 3.341073559240953 2.588764038742761 3.596342698916362
92900.0 3.599999 7.867922 4.478709677505403 3.820223951647961 3.081451886839535
93000.0 3.451154 8.099680 4.106060143972852 3.627433692384507 3.378517477651946
93100.0 2.347781 5.850134 3.3345253359596483 2.76017780536945 3.0436997239866375
93200.0 2.601511 6.846568 3.403895799266761 2.7998251692694645 3.6942460720100008
93300.0 2.302564 3.367484 3.0975363741323507 2.517259207388586 3.9143483930871628
93400.0 2.420888 4.653524 3.320626030077042 2.705804783800638 3.4180867084022624
93500.0 2.831926 5.265935 3.6049435087204724 3.0518630133171665 3.4162386735191492
93600.0 2.760277 5.117600 3.555901087679083 2.959846374036087 3.2885331158191944
93700.0 2.417831 5.355924 3.4473250070957984 2.671044516470431 3.3558638566909127
93800.0 2.188855 3.056463 3.296297002659579 2.593052553745264 3.821647789821547
93900.0 2.606100 3.620324 3.6572788668870673 2.872386842298938 3.289556229584187
94000.0 3.005529 7.272875 3.8872725294836883 3.2716142932590433 3.4641885658097995
94100.0 4.011752 10.476038 4.53849648849998 4.119729688696859 3.2512642415298183
94200.0 2.752233 7.685504 3.4580154274194044 2.8990077613751337 3.4843156882130284
94300.0 3.879010 10.482729 4.7791211235755595 4.147384792640249 3.7844762333222715
94400.0 3.181299 9.701144 4.078058839701894 3.356843315683599 3.633685909832146
94500.0 3.019615 6.346476 3.285409560710262 2.97280984962883 3.3895724259960485
94600.0 2.245921 6.233189 3.380061453393243 2.682842557885316 3.4226098220026193
94700.0 2.159692 4.931834 3.5150157586538264 2.66740744468911 3.6234407252647243
94800.0 2.457041 3.507454 3.32968359603668 2.7642182766150407 3.8404892702772098
94900.0 2.262344 3.881910 3.3045802071266777 2.676209060455888 3.660353810735933
95000.0 2.856584 3.788143 3.8588768778697444 3.1374010008379845 3.477841621915478
95100.0 2.439338 4.792726 3.4961081155125444 2.854655927308618 3.2536817798207514
95200.0 2.305705 5.212119 3.253237487053832 2.547187908515291 3.7716098585904216
95300.0 3.108540 8.105320 3.7133653955090082 3.246207738789812 3.45646718997299
95400.0 3.207148 9.078777 3.938543575119902 3.392247148106448 3.5115670129516396
95500.0 3.820230 9.205990 4.582526672187234 4.031210477780109 3.1127982302410615
95600.0 3.509816 9.720130 4.399969438737029 3.7608628344826243 3.3777748127684686
95700.0 4.323029 13.526200 4.9269874698197 4.37675042608261 3.2233196612716966
95800.0 3.007988 9.298856 3.6623529031920126 3.234398113135202 3.2412059773641175
95900.0 3.699374 10.198680 4.4776599343889165 3.869176187507122 3.155694602046553
96000.0 2.637847 7.150038 3.3010119683197603 2.8220176097045755 3.2492993651857174
96100.0 2.685819 1.976191 3.373690673365854 2.8063513975045957 3.5077610674031505
96200.0 2.300021 3.008923 3.381814968603605 2.612213010324155 3.5654907111903618
96300.0 3.195155 7.285880 3.8920150331503987 3.3897249181908524 3.177273574120826
96400.0 2.727300 7.187105 3.9565812182778943 3.097277791937232 3.0308791432213784
96500.0 2.116732 3.219106 3.2679654809029772 2.5873984869766815 3.240597036495317
96600.0 2.832963 5.203414 3.892072488133259 3.1429110785415237 3.7947718924823253
96700.0 2.420951 4.025582 3.375463133395221 2.681295468431918 3.770259242908511
96800.0 3.211655 7.743845 3.900916916858138 3.261318715270885 3.328991684635587
96900.0 3.250096 6.823603 3.8427052416020624 3.4531013201715766 3.5741286045500273
97000.0 4.246169 12.129040 4.539751772870192 4.159261030290363 3.6315013464450296
97100.0 2.461404 2.596231 3.4014457354539402 2.7445720268231657 3.5467011611772628
97200.0 2.120539 4.951971 3.4948872731920084 2.638810563921694 3.628415288036114
97300.0 3.557951 9.354318 4.079920571602233 3.6360437404581036 3.084692554324083
97400.0 4.070518 10.136439 4.363552018368234 3.9822256527099578 3.514885322114404
97500.0 3.258318 9.021578 4.386785042014022 3.5748811922290264 3.9088869271132722
97600.0 3.047647 6.537761 3.755426008935248 3.300294586993827 3.7061482401747523
97700.0 2.444706 5.180783 3.5316029318508315 2.784438178814592 3.7483583139981445
97800.0 3.447842 6.193509 3.620685034546907 3.407419327853109 3.5158258590186575
97900.0 3.791749 7.703055 4.698631601849113 4.050465432482747 3.3503575117994853
98000.0 3.847192 7.933561 4.10709529782359 3.8749578752500726 3.5316674231668896
98100.0 3.455603 9.174577 4.305219300751247 3.653874980454332 4.334575040160425
98200.0 4.584215 12.504327 5.134757378386015 4.540071736701812 3.8392677439522243
98300.0 3.742516 8.488664 4.521450377208 3.919198429948516 3.679522620425698
98400.0 2.683724 6.855114 3.9547637359769214 3.1283362253441864 3.4952140387234647
98500.0 2.347334 4.099180 3.3999921518385463 2.709417532027374 3.1450372668017863
98600.0 3.477679 9.632901 4.193763283261572 3.732502341550417 3.3798300582735337
98700.0 2.378362 1.813164 3.33965447106145 2.6700154114823644 3.5553397447201953
98800.0 2.235755 3.556599 3.4206588247009293 2.632813351322281 3.1627447012560146
98900.0 2.026698 6.702239 3.1810482685882917 2.518791949994876 3.538797132130185
99000.0 2.431299 3.893283 3.5134833818103135 2.7480885610298453 4.335735210488151
99100.0 3.064419 4.755258 3.5366128602954343 3.1449303922171254 2.9087349172993013
99200.0 3.088300 7.995687 3.7736997149119245 3.2009014338819957 3.3204247686655632
99300.0 2.512151 8.276526 3.618422796407252 2.781736575459095 3.126684012500932
99400.0 4.258521 12.070128 4.740315140655409 4.304187825460071 3.2916537220221627
99500.0 2.711296 8.800401 3.773075177176801 3.065062619917045 3.7232012557500718
99600.0 2.769032 7.230132 3.806814051841729 3.0729477207520106 3.6356245574478803
99700.0 2.730835 6.303936 3.543979784909562 2.9818109810209688 3.4382055952327755
99800.0 2.450723 2.080006 3.206484973894653 2.734971919749349 3.4741705066199318
99900.0 2.496853 8.081814 3.4857191622659895 2.7428479366297864 3.5019160192912633
100000.0 2.631793 5.580508 3.578096134651766 2.94778095934275 3.3608628545864243
