# t rg re s3 s4 s6
100.0 5.055801 13.600223 4.784145585083316 4.6850255953600906 2.4704295460891577
200.0 3.554093 10.491452 3.7846993363127774 3.449192618614874 2.374596051332626
300.0 4.315575 12.914050 4.121962292970906 4.001840498784726 2.4019164588709665
400.0 4.552531 13.879222 4.479365872312084 4.295897565778919 2.387765631160202
500.0 3.741954 11.076191 3.909841670369193 3.631843901335668 2.305149769367859
600.0 3.839907 9.614171 3.917412130713589 3.752944258654852 2.1998586275065253
700.0 4.604234 13.575832 4.5985832493814724 4.364674012989777 2.437087250810682
800.0 3.676785 10.830973 3.6269198008080528 3.409568435944537 2.525626684200203
900.0 3.107495 7.197506 3.331485537762363 3.1118285483034254 2.25669491083602
1000.0 3.923676 11.549190 3.808180912029495 3.6546034321738996 2.428918653406656
1100.0 4.151629 9.985823 4.252709745236665 4.0505133198082115 2.4751120307720678
1200.0 3.037173 6.432395 3.1231584317406824 2.9553476446784974 2.6251460820436066
1300.0 3.343549 7.957928 3.639730291694853 3.35333682702712 2.2096056307552048
1400.0 3.995557 10.570769 4.008793897877214 3.8487232999624355 2.3832089215673737
1500.0 4.860705 13.688470 4.82780944627006 4.568020546598158 2.34820517113877
1600.0 5.162664 16.639907 4.94536756781779 4.82040003469883 2.2114782399773683
1700.0 4.463398 10.861204 4.413120373254683 4.2516591782513595 2.4630169748140007
1800.0 4.106702 11.861595 4.194328032511685 3.8952809344122183 2.3651345727374835
1900.0 4.140910 12.406484 4.352395731092798 4.021706743415322 2.643639472372143
2000.0 4.284837 11.024928 4.450462170930821 4.1472400072973725 2.4074349845168705
2100.0 4.315589 11.544854 4.28557927970343 4.1364485182975335 2.444450547903594
2200.0 3.430500 5.531249 3.7548919638712066 3.4573546028050526 2.4647329921586363
2300.0 3.826735 9.141142 4.315706269753352 3.897861258465311 2.4879049492746828
2400.0 4.470331 14.517560 4.246569676929833 4.1334832771970635 2.4606796284479953
2500.0 4.812173 14.236540 4.5035895541117545 4.436669666463398 2.372171389336186
2600.0 5.752452 18.524214 5.523717258700806 5.311695240986761 2.4410053644826832
2700.0 3.568179 8.869845 3.8373345836766037 3.4778254073464776 2.53440946258355
2800.0 3.190519 9.210135 3.4738507249392505 3.1696653177662593 2.1352084291340163
2900.0 2.877004 7.095823 3.1441961168509853 2.8491834284818536 2.36907382208887
3000.0 3.841046 6.826447 3.8802981255490008 3.738395126447836 2.261095806651104
3100.0 3.531060 9.005834 3.631183025491424 3.4292410092129466 2.56361264204529
3200.0 4.314605 10.903499 4.054657863952372 4.029101063126193 2.471179955296081
3300.0 2.867621 7.175212 3.176488448723515 2.8612635652861944 2.3979073065048007
3400.0 4.548896 13.036111 4.788180719855732 4.444442097351802 2.5803164816676563
3500.0 5.539879 16.920939 5.607223668572854 5.278325056444007 2.4491544060480237
3600.0 5.012544 16.835858 4.9607415851731735 4.575073506972134 2.279861020064549
3700.0 4.343089 10.760483 4.621149536169663 4.240985820614215 2.165730459193357
3800.0 3.300595 7.650516 3.637325891029093 3.2613143876785773 2.694162724265678
3900.0 4.137312 10.850867 4.316217761944536 4.006555031841844 2.4340130124240433
4000.0 4.107910 10.044364 3.9687535893333714 3.8660659389274152 2.4002207482383286
4100.0 4.006792 12.618249 4.039306526931634 3.773053685666676 2.3274561175424635
4200.0 3.748508 9.857694 3.7030509361632387 3.6096945177648654 2.3408956209316183
4300.0 4.039382 9.538810 4.0941145577867 3.865158532085314 2.2139968837768014
4400.0 3.469237 10.950052 3.4855530560537242 3.3515353875417406 2.3955000757756792
4500.0 4.027953 11.796090 4.013492350650206 3.830401465584978 2.412241850751276
4600.0 4.932818 15.373690 4.771317541949052 4.629916529941342 2.4097083249031885
4700.0 3.531558 5.462401 3.358556774608104 3.3434776613177264 2.231705923983425
4800.0 3.761072 8.731100 3.869151184478396 3.6007706951768843 2.344242469225519
4900.0 4.770574 14.964037 4.686225778449565 4.410726761447221 2.3876199757706362
5000.0 4.218722 9.295612 4.407722379264716 4.177930828122372 2.318573677270861
5100.0 4.323143 12.005785 4.4577938316563825 4.15948846428854 2.5747410837940397
5200.0 5.688610 17.219882 5.741491122207508 5.312738014642573 2.3422152072968765
5300.0 4.599215 13.666901 4.58722246794399 4.3503732635792405 2.4710074245814204
5400.0 4.087021 8.997300 4.284934642802275 3.9180589524589244 2.441148272689701
5500.0 4.362016 10.725684 4.455430573991822 4.227459912103424 2.2050800951264247
5600.0 4.980633 13.497075 4.948717775874274 4.715980186051749 2.6037500582778406
5700.0 3.993257 9.823346 3.9599915054009873 3.8466748892542157 2.367631811277121
5800.0 4.174454 10.708964 4.729398811680683 4.251357257039206 2.348257275872782
5900.0 5.696860 18.751975 5.355023031548731 5.119089144366177 2.2671708904651675
6000.0 5.223171 16.013344 4.986123079036579 4.723240473994405 2.334643560987094
6100.0 3.750565 12.127051 3.756062511310219 3.4736065023525655 2.4488762792770715
6200.0 4.376839 12.250993 4.389273326507135 4.169133272159451 2.2546769308846217
6300.0 4.178010 8.580667 4.275844344198623 4.037383181044877 2.441669421275539
6400.0 3.671356 8.240867 4.054736082238964 3.6850059900145644 2.292432366201049
6500.0 3.454930 5.849602 4.078192738020151 3.61366492460346 2.213618481738315
6600.0 4.487061 10.305376 4.665094195034507 4.382045967708449 2.4274312067687345
6700.0 4.206327 13.656391 4.272852026290284 3.933271984846872 2.1367412650176836
6800.0 4.802749 13.089719 4.57608027517122 4.470186335922194 2.4160596838034682
6900.0 3.378212 8.199556 3.664260183240213 3.399735538522949 2.467778606411908
7000.0 4.512231 11.235005 4.608575083341412 4.362875886101064 2.352987281897649
7100.0 5.544992 15.227794 5.395764043713785 5.194499646931414 2.2931319188984656
7200.0 4.848406 14.055052 4.738868341054421 4.5679539633784545 2.3252819301448246
7300.0 4.384390 11.210571 4.264291201204039 4.105221226739553 2.3888966648713414
7400.0 4.986195 15.111743 4.867002936734473 4.6554348430594175 2.2620839792936076
7500.0 4.219844 7.171961 4.2978439771013415 4.173146307312559 2.4077585647253565
7600.0 4.258243 12.209602 4.503077838543389 4.18681695604472 2.604071084195363
7700.0 4.168920 8.838026 4.297594564959969 4.035923712558068 2.434890170693055
7800.0 4.034745 10.781261 4.188921567415903 3.9078116989399407 2.400089778738819
7900.0 4.061593 7.680376 4.1323551654081845 3.9642855411608022 2.1282760593746373
8000.0 4.779436 10.490061 4.8224439379521815 4.546165682398649 2.511005743378858
8100.0 5.110623 15.962902 4.957156867641385 4.726584004867123 2.60292209553086
8200.0 3.279767 5.856543 3.5110297077548314 3.3191589731598437 2.4915850695040382
8300.0 4.692590 13.243519 4.7321524875652115 4.498160799113091 2.3606062676672406
8400.0 4.441339 11.157330 4.477356707937302 4.261282493935055 2.2304133688619667
8500.0 4.012920 8.991703 4.1066193425778765 3.8464746697954943 2.4375972064320135
8600.0 4.490543 13.985711 4.52536230971412 4.226937537503962 2.3870084422727005
8700.0 5.025988 14.869202 4.822271689487053 4.694441338629902 2.300695816036536
8800.0 4.357137 11.312644 4.157011343773437 4.067354437580805 2.5251027154635057
8900.0 3.807497 11.192302 4.016975455401069 3.684672348394349 2.4986797448754836
9000.0 3.830236 11.510036 3.950359905337862 3.5997668815943973 2.474335571180739
9100.0 3.709810 6.826075 3.986076881377956 3.6943060240673526 2.504878894255081
9200.0 3.722646 10.489543 3.646624982995517 3.5060582086151557 2.4033025257274776
9300.0 4.217498 12.586285 4.281735804322117 4.078155463456384 2.492116843510909
9400.0 5.132240 14.898891 5.124421534064025 4.790808375743549 2.2768621729599703
9500.0 3.520256 9.730606 3.7601018803504282 3.475528774231177 2.556383696880315
9600.0 3.795606 9.391965 3.7373982040794074 3.5892383487890505 2.7906785632863658
9700.0 3.945901 9.818518 4.031245297190528 3.8708982888502335 2.5212875888510693
9800.0 3.950926 9.665428 3.8681182841001474 3.705790015687974 2.371040730063736
9900.0 3.724553 10.767201 3.600102592978337 3.526316983237824 2.3015578225979896
10000.0 3.850313 8.581324 3.812920087332815 3.700706240634884 2.3494361331164435
10100.0 3.155206 9.699145 3.4453631757557517 3.1381140242587398 2.421553861988964
10200.0 4.983958 16.081710 4.994877688638453 4.601966560364784 2.4651356622097182
10300.0 4.043319 10.314668 4.049180980867011 3.8728527389839593 2.4133897958243904
10400.0 4.543113 13.629256 4.548535146993954 4.371310036961022 2.379593735966466
10500.0 4.207527 13.164563 4.13898355325539 3.9132642790217265 2.6234522517064955
10600.0 5.224989 14.112534 4.999380383972562 4.88175329177241 2.5572628865289486
10700.0 4.445219 11.429723 4.704443668985538 4.415606671527444 2.4172995696233377
10800.0 3.444574 7.627685 3.5690577110930044 3.3877455090470416 2.6163475265986653
10900.0 3.632921 6.318589 3.6816391626928597 3.4516911621336837 2.4424416710626766
11000.0 4.100292 12.916703 4.291589982499892 3.948288417781616 2.6781771465372635
11100.0 4.493209 10.187281 4.4746379751697125 4.315953768197546 2.548590475651003
11200.0 4.327266 14.506890 4.344972509964331 4.048212884310049 2.622376199945667
11300.0 3.856676 11.161242 3.9425377274718416 3.745410477170079 2.2851099834102584
11400.0 4.007309 11.035101 4.148129657080047 3.8302756136041447 2.362972846336874
11500.0 3.976910 12.690854 3.928801109710238 3.670871165942194 2.426977941697318
11600.0 3.726375 9.903070 3.915470349020483 3.6465793177169497 2.3340753433191757
11700.0 4.163546 10.653341 4.221841627641356 3.9995845262827414 2.4442449839916094
11800.0 3.325861 7.172526 3.631419514033182 3.3321648881670716 2.6431353184474604
11900.0 3.906498 10.925974 4.206037846989377 3.840940751910373 2.2892092577721344
12000.0 4.358782 13.666382 4.692933751385313 4.306885530557773 2.621658962914766
12100.0 3.699119 10.764127 3.5536322794634856 3.507984603465061 2.423926961451667
12200.0 5.122175 15.279343 4.7598923370462565 4.668726783196609 2.405760146990537
12300.0 4.744409 14.618398 4.31920716705259 4.2883214705502555 2.247991776903172
12400.0 3.936658 8.618514 4.123296500846096 3.814921292162597 2.371125303283344
12500.0 4.333597 13.635456 4.430849741641275 4.119184489058589 2.6228817656432124
12600.0 4.347721 11.974479 4.3189292845624605 4.103401857923027 2.4927271384550944
12700.0 5.970663 17.559062 5.626736817922764 5.4084249443642385 2.3586325460151114
12800.0 3.824611 10.559291 3.95151680877511 3.7817767158678284 2.596171938480843
12900.0 4.791468 14.912482 4.937107596337076 4.613036598523734 2.504332565058959
13000.0 3.513434 9.197176 3.5694653459570844 3.35591371021456 2.4310054513699324
13100.0 4.350923 12.063678 4.222003424822473 4.114007804085801 2.599933097299314
13200.0 4.994809 14.267393 4.772447001221426 4.666433854869284 2.355584925092999
13300.0 4.421644 10.309405 4.319017017454596 4.171167119217276 2.270723308653482
13400.0 4.207478 13.082561 4.282017794994658 4.022498593822321 2.4474266599066907
13500.0 4.564491 12.488630 4.498565742678572 4.256266497919036 2.6256694187767136
13600.0 4.740251 14.680296 4.511066359184483 4.393584627691985 2.346990708923525
13700.0 3.199574 4.785277 3.2806892699561216 3.1403844837060806 2.0740637451692945
13800.0 4.140695 12.555974 4.229567276816488 3.9733914994599853 2.611187709384727
13900.0 3.910548 10.392833 4.067294909568318 3.8116869532756685 2.3735175187115414
14000.0 3.897189 11.546567 4.03490001484819 3.740871193947269 2.6570454355241107
14100.0 4.285168 10.238772 4.360823863478351 4.16102938333823 2.4707526121282517
14200.0 4.319436 11.089925 4.22805808952528 4.099864803973332 2.2982502225605517
14300.0 4.227168 13.690792 4.238542536344318 3.956963380438391 2.5136699406715763
14400.0 4.668031 12.047507 4.633216221242307 4.403324797420344 2.273247905144625
14500.0 4.251639 11.721035 4.234391731839078 4.019736637809669 2.4839364173581466
14600.0 4.252537 10.542860 4.426340737785421 4.164824937675603 2.338709875247871
14700.0 5.119425 16.100219 4.87638500339737 4.721607727138143 2.394344510111725
14800.0 4.368901 13.031323 4.374041888481795 4.046603699049055 2.542196724816289
14900.0 3.439194 8.087226 3.7388566603610194 3.4244883268357555 2.598386584123573
15000.0 5.087193 14.416263 4.767907231764909 4.695947280089636 2.4808418714211653
15100.0 5.024197 13.453232 4.91244218917985 4.721357524579798 2.4429938914859606
15200.0 4.715961 10.458954 4.822952643744049 4.645565023500993 2.389406970751152
15300.0 4.537166 11.947166 4.59288789723143 4.290359947117708 2.4053590946990924
15400.0 4.137409 13.814291 4.007723928374351 3.771305043073076 2.4269132387399894
15500.0 4.072926 9.982947 4.0535979905295845 3.8719318514657894 2.5036763325359828
15600.0 4.159046 11.339237 3.9693805173628416 3.8464573319147517 2.449802011504581
15700.0 4.287915 10.692887 4.161302904706129 4.04578679447026 2.65342988894868
15800.0 4.111449 8.746124 4.364518161056161 4.126682443394872 2.3054185880685636
15900.0 3.959499 9.333655 3.8982130585626655 3.848187335171345 2.4041443134369707
16000.0 3.767539 11.807645 3.964109278073771 3.5768753657202907 2.707608656741206
16100.0 4.997938 12.010364 4.909622497639732 4.778721407237833 2.432247002608782
16200.0 4.191579 11.635393 4.186960931677809 3.9723395756448197 2.354457156533941
16300.0 4.759946 11.694536 4.6656194739512085 4.438401312370511 2.3695281287982346
16400.0 4.824099 16.360245 4.6152063655561 4.3642611732376615 2.4171008684161683
16500.0 3.808558 7.790172 3.8465643630552115 3.7393916297360446 2.4677661001142477
16600.0 4.556062 9.623881 4.864051341532883 4.501054117609354 2.482862107751173
16700.0 4.339136 13.408022 4.39761719840957 4.122763293665031 2.357946309537318
16800.0 4.134256 11.117467 4.065869426519086 3.941780297745807 2.3101767654820073
16900.0 4.872487 12.950357 4.722196853076926 4.630315682833502 2.1141598853978683
17000.0 4.417705 14.264069 4.571411646623716 4.109780814631667 2.4340584383421886
17100.0 4.887049 15.437207 5.1226426106283585 4.6297289111202335 2.4211276377043496
17200.0 3.912948 9.108859 3.760784933250496 3.646591942845963 2.366727207293772
17300.0 5.144312 14.331760 4.956693748528922 4.777617071780727 2.4220014042955116
17400.0 4.426280 11.588794 4.344409588649581 4.214833950938873 2.3649328486480337
17500.0 3.876990 9.908590 3.9775714027009177 3.732351333924776 2.414435626574178
17600.0 3.635261 11.061535 3.6147750628947772 3.4763065122477643 2.522344922105975
17700.0 5.351980 14.911091 5.005865265003644 4.871781833331675 2.270798383488602
17800.0 4.373992 12.839699 4.311371926029332 4.194880850611554 2.5194567458097867
17900.0 4.441260 13.693395 4.574386399124993 4.293990135229369 2.48859707396874
18000.0 4.558132 13.640790 4.396267678238667 4.210453855289767 2.529375206607208
18100.0 4.724852 13.404470 4.583517227580566 4.3892832184158035 2.1525988131152105
18200.0 4.100723 10.114996 4.171577655497336 3.957509374802689 2.167791527153193
18300.0 4.079980 10.535393 4.162167347995708 3.9405203037718444 2.2057586375575737
18400.0 4.081732 11.882687 4.223753738656242 3.9255985477168736 2.3955513743282313
18500.0 4.043202 9.228713 4.163766944905794 3.959844161474542 2.3432487049220803
18600.0 4.675459 13.967490 4.398268707295848 4.339255486211879 2.492594380507596
18700.0 3.823960 11.217197 3.9436459718540617 3.6441844742660208 2.408562365766042
18800.0 4.085113 11.805990 4.3196328998917215 3.96781096307734 2.3568422279949344
18900.0 4.441202 11.752695 4.293680648382781 4.214543364236229 2.2987426249835345
19000.0 3.283561 7.129608 3.5597706131580535 3.310773272933666 2.607241686611934
19100.0 4.046621 12.754460 3.8411672701011987 3.6324967789300664 2.3492541483992446
19200.0 4.629481 13.214564 4.6206800174496 4.436607012048025 2.343546452990766
19300.0 4.248397 11.820279 4.0998789967212605 4.014146852030632 2.176970527631804
19400.0 3.316470 9.518773 3.5246250503845307 3.255915818525035 2.654137619880181
19500.0 3.972496 9.909841 3.695070345393792 3.750802302226489 2.2274153103140484
19600.0 4.578198 13.500271 4.559324500420189 4.30119399310383 2.5353007901262203
19700.0 4.178788 11.771646 4.133705039608354 3.932432769834537 2.5903996333581256
19800.0 4.726830 13.090029 4.646255706660724 4.437885476736924 2.4304491643895383
19900.0 3.631902 6.850426 3.712630272823892 3.522575477305736 2.224125034237395
20000.0 4.671897 14.323334 4.6091444784607525 4.368282726564911 2.655619718602596
20100.0 4.512109 10.213214 4.71975315860951 4.380051744670532 2.422446434612627
20200.0 4.157704 12.274431 3.8450083400559225 3.7985902226117347 2.3746001386447686
20300.0 4.394592 10.410257 4.483744504622209 4.3187171146526016 2.4631283274995543
20400.0 4.023019 9.932975 3.9335546993412915 3.8482758349023505 2.4823736000676244
20500.0 3.902696 9.589729 3.9867889790486295 3.7907200309269187 2.520097627033769
20600.0 4.152500 12.325153 4.438311301795118 4.05830998639934 2.4641521339867003
20700.0 5.765671 19.194234 5.3764103049313565 5.217783547261309 2.3667651606721316
20800.0 4.032223 12.097928 4.427896752619709 3.98133176030199 2.1829252317446457
20900.0 4.784214 12.723737 4.666022245569848 4.546322847695531 2.647500489138106
21000.0 4.722547 16.122981 4.528210443456601 4.340815314372212 2.3593035834368448
21100.0 4.242633 11.706665 4.201971449490203 4.000287748745875 2.43814972682959
21200.0 3.910191 10.800885 3.8886237537648873 3.770374266244241 2.1050370965737386
21300.0 4.460825 12.119436 4.393538755485114 4.178252463086158 2.481407105964849
21400.0 5.093562 14.702529 4.946194365988915 4.817599515256597 2.4388401616621413
21500.0 4.347064 12.976723 4.034530697359994 4.015440673908324 2.325418471443093
21600.0 4.886758 13.633384 4.842358618383025 4.5991278572756435 2.3530580284974048
21700.0 4.410024 11.783829 4.51004263301051 4.274134172376467 2.327787462764007
21800.0 5.128681 15.248235 4.830888918876157 4.703129712576982 2.471737300756258
21900.0 3.901187 10.599712 3.9762472102068567 3.6668342422131697 2.314278282994216
22000.0 3.324691 7.480988 3.3339873525502974 3.225786904018165 2.585187418840125
22100.0 4.468384 8.577577 4.207317473792171 4.209782990943656 2.2884609517591388
22200.0 5.474589 17.702867 5.3190336701801275 4.980989188010019 2.426990773686742
22300.0 4.524803 12.788025 4.659160561589659 4.339136896528012 2.4477003159438526
22400.0 4.230647 9.449730 4.253921443319838 4.08319258519959 2.401927125616344
22500.0 4.758156 14.772032 4.80591197674208 4.580896172539579 2.648676175590807
22600.0 6.008224 16.876900 5.583684367130962 5.450951243737668 2.6091615583761834
22700.0 4.870495 12.414999 4.595669051846816 4.505439524713024 2.6047962545311067
22800.0 4.104026 10.870237 4.299371094672239 3.956967467639159 2.674769057473747
22900.0 5.141851 15.204430 4.953310810215062 4.776736920860519 2.145065647891816
23000.0 4.921837 14.567594 4.85521866629274 4.5597806876239595 2.426030724648263
23100.0 5.094063 14.100300 4.8786340541368345 4.764357541960847 2.1196755930706463
23200.0 5.039459 14.414956 4.6853749251129395 4.601382205397129 2.2930643092726206
23300.0 3.732802 9.452010 3.821437285806579 3.653483187942679 2.7273404719047725
23400.0 3.782264 10.489140 3.9624793058238383 3.693640382454399 2.291627368827849
23500.0 4.566954 13.993577 4.520397328331015 4.253402852280742 2.345789622084621
23600.0 5.133795 13.042302 5.07235752623737 4.904873018706865 2.497256444929138
23700.0 4.579219 12.708379 4.555443741716716 4.260768363004773 2.6005301065563065
23800.0 5.332272 14.823919 5.111467484069452 4.970822255061544 2.5385913539985006
23900.0 4.067598 9.708392 3.943337239442097 3.8455958875297758 2.381202025153683
24000.0 4.995234 15.740209 4.929773631694143 4.660495606811678 2.4721211849321256
24100.0 4.411079 11.733565 4.851681356273244 4.38233219131743 2.4761556658685135
24200.0 3.937589 13.646568 3.956322469094838 3.6761819552382504 2.4811531048385636
24300.0 4.271625 11.962981 4.393561461529218 4.109031831612638 2.2835175763934523
24400.0 3.753921 11.793743 3.7740064938961386 3.5425297821340274 2.574811452065193
24500.0 4.761177 12.278482 4.839038167926024 4.60104637444562 2.476269638254993
24600.0 5.196880 14.798586 4.876438618688981 4.760865547944769 2.273447330864103
24700.0 4.653564 15.453579 4.524096180094547 4.274176468255923 2.4167460844102076
24800.0 4.185432 10.317707 4.158115365181643 3.931110186170081 2.37909570516852
24900.0 4.609350 14.736096 4.373348331614337 4.221989912660792 2.3481418135499017
25000.0 4.227381 9.776870 4.245114645605093 4.01390053984929 2.44917446881629
25100.0 4.149639 11.373091 4.057241410081975 3.9542861162025678 2.6108262402624764
25200.0 5.113433 13.924474 5.149058288362112 4.875455536127641 2.495213904542464
25300.0 4.968779 14.716541 4.8567469861918875 4.672041434360217 2.3497364120438955
25400.0 3.996125 10.137367 4.018793209061909 3.86872266753793 2.34769526038861
25500.0 3.508456 11.557209 3.6655276869477813 3.395189476156689 2.479509241484283
25600.0 4.920891 13.232594 4.935904721260746 4.690599430657776 2.393295771743375
25700.0 5.365787 16.206203 5.3154435868429655 4.980167744272107 2.3570562031077524
25800.0 4.090460 10.892251 4.224749772560856 3.9506511449338246 2.376707663438142
25900.0 3.665928 10.637283 3.87020590609247 3.568608178476166 2.394903626853595
26000.0 5.018807 16.064862 4.963056686365365 4.696450689838782 2.4036969235944428
26100.0 3.363469 7.191897 3.60915847211639 3.3036223279487045 2.244152740345999
26200.0 3.552924 6.028186 3.7778607049404647 3.516083198749163 2.671697326694326
26300.0 4.470765 11.934004 4.615778522146107 4.28451062913838 2.681684952195523
26400.0 2.940949 5.748112 3.1404628573121074 2.904304169341232 2.6734209297175724
26500.0 4.252181 11.476018 4.247959343831441 4.002784637538334 2.225928855522204
26600.0 4.654815 14.445832 4.527019090122026 4.342412727055286 2.3632601017703387
26700.0 4.274788 12.351830 4.332682586882939 4.138415387313473 2.5300268428614694
26800.0 4.475665 14.373194 4.284133719127514 4.157478097705906 2.2745150754966277
26900.0 3.536667 9.418797 3.7147973327683297 3.438310867520549 2.476572235163849
27000.0 3.807391 9.101696 3.4720085484363854 3.5879012029219717 2.2741069330404633
27100.0 4.266152 13.933284 4.302621722731108 3.9936344012855 2.6719919216632655
27200.0 4.623205 10.323308 4.534650883503127 4.352549462300966 2.2899970496071544
27300.0 4.439052 13.686486 4.467441200808661 4.277418451619131 2.38015826704506
27400.0 4.496551 11.552397 4.647344288880434 4.39162149028966 2.610022135054359
27500.0 3.699100 10.154783 3.9748340595281997 3.679202747548253 2.41841129895608
27600.0 4.348435 9.627532 4.320865948204618 4.174312009104103 2.4440112773588822
27700.0 4.039045 12.822834 4.092847445362874 3.847057817590577 2.4752734484258174
27800.0 4.524855 13.691789 4.429178601723906 4.1427589843373775 2.2896322964166957
27900.0 3.496046 9.180497 3.6653557779614907 3.4469036083997255 2.758459852767551
28000.0 5.105703 15.168180 4.761863291837953 4.660616302126377 2.3254151020438423
28100.0 4.564982 12.093827 4.4572085839880575 4.248350130052421 2.5739804932140116
28200.0 4.711404 14.231231 4.870125069266863 4.493044059482359 2.383187912165791
28300.0 2.974089 7.577879 3.149691228826617 2.9320127797551394 2.145527733355233
28400.0 5.579438 14.820903 5.218555393590989 5.092332198419042 2.371440454690494
28500.0 3.836794 9.484072 3.9179390887478935 3.6629822712009226 2.4855819741308878
28600.0 3.673626 8.098963 3.829171904771115 3.6149914072117713 2.4376398419197876
28700.0 4.072956 11.230749 4.021030518204953 3.879583729726565 2.380631622229346
28800.0 4.488526 12.123713 4.545489162209975 4.243543281068094 2.3260426618520973
28900.0 4.414045 12.533660 4.139011128672728 4.084049276579121 2.5398343767449294
29000.0 5.472774 15.202505 5.32372385303523 5.01119958293323 2.3244960335256795
29100.0 4.623111 11.384298 4.60879850177586 4.426822043578323 2.3771687499988445
29200.0 4.272216 11.961407 4.29057913307209 3.9997850790924145 2.4393362557015688
29300.0 4.358118 14.092554 4.159404004833342 3.933303367292616 2.4237522515635264
29400.0 4.011564 5.521234 3.996437517585016 3.897348354333086 2.525631561911164
29500.0 5.729200 16.547838 5.5407588327276045 5.3785022226850465 2.5367836833317403
29600.0 4.762660 14.151405 4.697131687322433 4.436300410879977 2.425559774366859
29700.0 3.565263 7.353686 3.7968342162774515 3.531528399402131 2.315025916422031
29800.0 4.016594 9.997996 4.265812515361211 4.0273376559475285 2.1538609522269665
29900.0 4.613232 13.520342 4.4498810571139655 4.238703169220517 2.3008563454465665
30000.0 3.657578 9.375125 3.671039005913391 3.524808061383958 2.250239070757675
30100.0 3.640104 11.586150 3.909577213968401 3.54351988059568 2.365317163081544
30200.0 4.719872 12.259345 4.903072612380699 4.509139107167067 2.4829679262040503
30300.0 4.468368 12.650736 4.468859883953891 4.225366772124403 2.3331139013602535
30400.0 4.405335 11.149189 4.227006400153502 4.174276432221903 2.274369022147576
30500.0 4.554686 13.495491 4.599529136005563 4.315999509236389 2.2108718506212734
30600.0 5.889597 17.947903 5.599743599524915 5.377042125307641 2.534886460628139
30700.0 4.659508 12.406977 4.647856428956636 4.418776434131325 2.62695256821258
30800.0 4.531322 13.831534 4.216461571059405 4.125109107635561 2.361859730239593
30900.0 4.579327 11.350764 4.743540785360356 4.4104225011162725 2.558998413996973
31000.0 4.315098 11.226014 4.151056644028369 4.001145205947539 2.327581634402748
31100.0 4.716273 14.387896 4.596578460243774 4.305956310651079 2.449008907814153
31200.0 4.830628 14.229387 4.419027086982952 4.396247978720313 2.389185702925535
31300.0 3.510409 9.161924 3.7344362412315726 3.3795551299163997 2.524219141624956
31400.0 5.447498 16.339823 5.30127505182313 5.064754755034298 2.3947210392929392
31500.0 4.740797 12.321744 4.689522932396016 4.48899831831001 2.450056515132866
31600.0 5.043544 15.201715 4.8350450640951195 4.698909920325101 2.2588860846872
31700.0 5.823566 18.805152 5.393979508903129 5.240599193410532 2.5474586825626186
31800.0 4.052886 11.093362 3.965881662988681 3.7950882196102116 2.370948088400479
31900.0 5.228389 16.122884 4.994259662380673 4.815319569674466 2.4490971718063865
32000.0 4.099046 8.619702 4.22367605856357 3.90584150410755 2.345958136388644
32100.0 3.217397 4.860961 3.4923300190794078 3.1612347596217694 2.3214553538163014
32200.0 4.955965 16.262141 4.684854357585226 4.555412290645676 2.5172562740113285
32300.0 4.075791 11.672302 4.1296579906071225 3.868521649029712 2.544946709430269
32400.0 4.295778 12.008168 4.259496501806137 4.1113245488706855 2.243994009280606
32500.0 3.983713 8.260733 3.8121378575330995 3.786334276569442 2.513039262992857
32600.0 3.390682 10.100581 3.7637375553996484 3.3801858537418465 2.6074778163775205
32700.0 4.964018 14.451806 4.903624174781951 4.631674570730363 2.36711858868697
32800.0 5.491587 17.477584 5.365568034036782 5.082733522722992 2.3479944937273847
32900.0 5.443954 14.459160 5.294542037254004 5.011660887802391 2.4782540213394344
33000.0 4.901244 13.960232 4.6234518918564005 4.5071579182491 2.3791550519842644
33100.0 4.509538 12.801305 4.4340616139430535 4.284942070119053 2.3101288432310176
33200.0 4.454817 13.820161 4.229906413441998 4.121078230474381 2.5642656681638862
33300.0 4.976288 14.686638 4.93823368966893 4.661706619878672 2.3479137691512073
33400.0 4.306640 10.376125 4.345802707342895 4.128520590183933 2.1749333307363536
33500.0 4.260764 11.724869 4.341729439184632 4.049371315517116 2.407810858342282
33600.0 3.910672 10.873444 4.031743244893861 3.796837009106323 2.2532065436695943
33700.0 3.551122 10.790014 3.4582710647955928 3.3517303659275846 2.0464850521997477
33800.0 4.355189 11.752927 4.127505603585327 4.07131454870329 2.4457732826816896
33900.0 3.451509 10.250862 3.6632412748211873 3.355694505123859 2.1210022722345125
34000.0 4.510234 14.151940 4.630497911094456 4.243886963003264 2.5626189164673687
34100.0 3.836936 6.781823 3.8977478909997956 3.7862845880109 2.4501860056644515
34200.0 4.221978 9.298064 4.392426562614036 4.137917326921696 2.376544163900515
34300.0 5.461764 15.750899 5.43294696475755 5.168370950701825 2.214085774554155
34400.0 4.626122 12.876891 4.4797618853517 4.363386702118152 2.4814780775899505
34500.0 4.794605 15.560445 4.479950531473957 4.343425984965661 2.672012065113789
34600.0 4.141382 12.060196 4.120252173109385 3.8556871872859344 2.273603463142045
34700.0 4.839531 14.998609 4.756677791766749 4.5299362327543 2.5591983211963245
34800.0 4.292331 12.432343 4.25473859464026 4.053181856640714 2.248266071808889
34900.0 3.718330 8.875988 3.8874485383993544 3.595304331796028 2.4081355074701274
35000.0 4.154233 13.496579 4.346127399910793 3.985189141846296 2.4552699238731606
35100.0 3.565897 8.485973 3.6957876958713247 3.435452780788787 2.461888281938823
35200.0 4.596403 14.705937 4.38668888044799 4.226452280128167 2.4024906390445033
35300.0 4.895291 15.289148 4.844302444867057 4.529596442123978 2.476726217155736
35400.0 4.646191 11.562394 4.61428229956628 4.4400723737349885 2.2601299231002536
35500.0 4.580174 13.808973 4.584535212156198 4.363458846419545 2.1198441211650674
35600.0 4.353172 12.471986 4.14690566163324 4.002744051963196 2.2129303067609754
35700.0 5.676483 17.294684 5.314029047755045 5.170848086512609 2.477661355483914
35800.0 5.192567 15.340628 4.930130377472611 4.833986327931102 2.2873592012008914
35900.0 3.707006 8.682973 3.6773766821146037 3.5016728876263765 2.3378900667761586
36000.0 4.245090 12.243176 4.1859230111886205 4.034718369938815 2.3278760589631355
36100.0 4.684125 12.702653 4.465164673708146 4.341008833578738 2.2233687757384617
36200.0 4.064931 10.590248 4.0119862787285285 3.8220054714237937 2.362931310872158
36300.0 5.395510 14.938586 5.004213905407601 4.93032632162032 2.523239604764549
36400.0 3.902000 10.337070 4.143267811010356 3.8663670802660803 2.601401690785907
36500.0 3.775573 9.673034 3.6905930756929486 3.616992403449442 2.35881995537365
36600.0 4.262817 12.012755 4.1991897779031575 4.0642284519118315 2.4748656847121477
36700.0 4.376457 13.064748 4.557489027782679 4.1884000783336575 2.536280386262389
36800.0 4.503781 10.691246 4.342066907363258 4.245800723471621 2.3743835876587536
36900.0 4.226392 12.220664 3.750111085813708 3.8921168586873796 2.2011205235949367
37000.0 5.108799 14.224657 4.706675244679794 4.671954902279655 2.513750058328239
37100.0 4.657514 14.245788 4.7817824803903894 4.417548221109522 2.233934473286491
37200.0 4.559881 11.501962 4.459687040674093 4.283378082795101 2.180496432452548
37300.0 3.315850 5.239535 3.582453717336916 3.2770757554790135 2.50446908468561
37400.0 4.572710 13.580577 4.645956739227257 4.27693687328573 2.4318271151874336
37500.0 5.095557 15.042219 4.8503927409122145 4.649523391118887 2.4702356673828634
37600.0 3.868126 11.607642 4.119921723356176 3.7348321220209124 2.2977173377010516
37700.0 5.035053 16.554065 4.793434531578258 4.576768256085659 2.312557016195364
37800.0 3.653039 6.160179 3.988952853154873 3.691506607877945 2.3919788672685076
37900.0 4.702694 13.665518 4.405444491759397 4.361840358867073 2.2521221965955176
38000.0 4.637625 13.670909 4.79682132032191 4.402321453707692 2.47704078388795
38100.0 3.989217 9.657883 4.155709252374917 3.9077710625782025 2.4939106846757944
38200.0 3.595634 8.365961 3.776694600062726 3.5258130494281863 2.387914903690278
38300.0 4.651272 14.425430 4.6843535007624135 4.444957585175934 2.57589591248363
38400.0 4.023960 8.184465 4.125717393278628 3.8969513308246486 2.5848061910497067
38500.0 4.268765 11.099711 4.191507985924633 4.06209235866947 2.2568586320877553
38600.0 4.546928 10.915117 4.519553329985397 4.30036166872471 2.398542667275908
38700.0 4.129213 9.289416 4.266696461435144 4.076088749383519 2.1864510494314993
38800.0 5.622487 14.370453 5.625922781245012 5.33226456072792 2.225241481273592
38900.0 3.877358 12.027811 4.063618671624833 3.787121028623231 2.242290552473172
39000.0 3.665835 7.865665 4.000708053800658 3.6951190273330634 2.405375518414771
39100.0 3.618894 12.156517 3.8557678548159484 3.476599585210214 2.203022342842835
39200.0 3.957344 7.277692 4.1799859760907045 3.9418911088535786 2.1148071774679726
39300.0 5.288934 12.936952 5.187385401220563 4.930035688197136 2.2261564895042345
39400.0 5.155802 16.549632 4.948028060552743 4.737827532747528 2.3429418044199206
39500.0 5.408950 17.353490 5.214245640752133 4.9800818025177875 2.568629454305283
39600.0 3.811431 9.875709 4.099034296755025 3.8124631940372353 2.4734021274156945
39700.0 4.811902 12.434806 4.77480882559006 4.609364319778019 2.3551742189426013
39800.0 4.722908 11.775564 4.703635881617409 4.508924469168864 2.3196708646234425
39900.0 4.399513 13.409410 4.193120262331232 4.068275972517662 2.409137213026924
40000.0 4.808447 13.801081 4.5952648420483655 4.446064535389533 2.431534300574309
40100.0 4.726643 12.395297 4.648392074148351 4.49518509757338 2.5334595326182128
40200.0 3.345563 8.838390 3.478062286311547 3.270066894404238 2.3329420097805493
40300.0 3.891904 9.247725 4.034894358676472 3.7949771630063345 2.722574974888325
40400.0 4.606327 11.710609 4.591389478442659 4.388302547363313 2.231350221980923
40500.0 4.529932 13.165234 4.527200247828967 4.187244186797999 2.5649597084400964
40600.0 4.152434 13.427528 4.197628031852884 3.9205066853911714 2.539820962755227
40700.0 5.259670 15.514022 5.366633972927266 4.9395202453475235 2.2234710378987463
40800.0 3.867292 12.844131 3.9486503991510764 3.652028894841326 2.4088193005560115
40900.0 3.811434 8.361423 3.9625460302055897 3.720828069663158 2.5511870187004573
41000.0 4.409555 11.950350 4.199808160643583 4.128596233257526 2.19631764095052
41100.0 4.542254 12.392653 4.241157238495169 4.143747288047881 2.3238480646998645
41200.0 4.995935 12.379345 4.772373753809593 4.803138652423218 2.344925276018879
41300.0 4.783602 13.657953 4.653232044361057 4.51617016633255 2.3453539605792515
41400.0 4.631285 12.975933 4.734375229724954 4.416902536231451 2.37610761657758
41500.0 4.519052 12.887827 4.458714150976112 4.264415195733009 2.2920515278297757
41600.0 5.024526 13.535279 5.19600539112583 4.879566730669153 2.177206803699425
41700.0 5.184551 15.576876 5.004876298287833 4.793296438119441 2.6339100274858605
41800.0 3.400488 9.058900 3.7674744477799726 3.4325895858994135 2.4744369046760033
41900.0 3.163291 7.453603 3.427720833623957 3.1743997001107966 2.5720232117053445
42000.0 3.437987 8.247711 3.579870796124107 3.33254172204076 2.4652805111510796
42100.0 4.713717 14.514205 4.863463721586661 4.56140769454587 2.498543371777244
42200.0 3.854083 7.110908 3.9601381277714394 3.759320701077946 2.355365299849849
42300.0 5.038231 12.554534 4.91822336640382 4.670051566621647 2.232887648319798
42400.0 4.470363 11.859152 4.4475223700963875 4.18559269342257 2.436502718274559
42500.0 3.747017 8.980223 3.6330284819587435 3.6082256360459706 2.4310738700558194
42600.0 5.188734 16.836372 4.957359992847997 4.739821576750797 2.281698970747888
42700.0 4.076093 11.321670 4.073985123519073 3.8445050298822836 2.4135543157614268
42800.0 4.269612 8.896929 4.219159934377851 4.130200904046262 2.415499547350125
42900.0 4.198128 9.243052 4.0923439201611345 3.9754631718664726 2.4663171902685295
43000.0 3.711996 9.950120 3.796940601253725 3.5596535036753156 2.423025404192821
43100.0 4.645447 8.600929 4.741951986353773 4.520714851559636 2.4467351193974256
43200.0 5.114839 14.235740 5.061395867125027 4.827256776610911 2.336169194951821
43300.0 3.399011 11.719210 3.3742362291896173 3.162071453615089 2.382815065477747
43400.0 4.723917 11.166035 4.547028161320588 4.4436822029460865 2.364647187566211
43500.0 3.671262 9.403139 3.710642643781032 3.532734668668928 2.258148146569164
43600.0 3.591929 7.938569 3.706393177758511 3.481604997525345 2.587926923257283
43700.0 4.145523 10.606876 4.2243399050415755 4.022913696794781 2.5091632411987828
43800.0 4.854069 13.893045 4.508892915741028 4.474874352024721 2.376331656775719
43900.0 4.328313 12.325606 4.146370593169882 4.03929990703629 2.4421128328008193
44000.0 3.903865 7.309341 3.990468097972472 3.760833186784888 2.383158624086694
44100.0 4.953913 12.937091 4.718990363545317 4.683624374740148 2.3204357123528507
44200.0 4.676400 14.029189 4.841961538160793 4.555773022895924 2.59830030882529
44300.0 4.942925 14.555558 4.853669961703986 4.612690426866921 2.4355634312624086
44400.0 3.264266 8.210791 3.445032698555558 3.1931740490598925 2.372809842002932
44500.0 3.776055 9.895333 3.778765215602652 3.5992671463967065 2.3147440001895023
44600.0 3.464153 6.391461 3.6964426293146313 3.4366674456294373 2.3540712413179223
44700.0 5.753208 15.976551 5.584818159190176 5.341235396649335 2.276423092411332
44800.0 4.824311 13.279290 4.726507989491125 4.495500486731992 2.312306812484724
44900.0 4.592874 14.411758 4.402059211722329 4.2408069602328275 2.525766509045472
45000.0 4.757296 14.643087 4.493089346531815 4.438790058135049 2.3883303490277514
45100.0 4.210470 8.174898 4.2914721373907945 4.013303208409798 2.4017413817093365
45200.0 4.567585 11.639239 4.618324986828743 4.364222134398414 2.4673846402707316
45300.0 4.510121 13.484405 4.6215888230428055 4.336542613321035 2.3929529453094256
45400.0 4.265212 13.308854 4.2560859614792115 4.04681740778922 2.6444740037344143
45500.0 4.364952 12.702226 4.433129499316539 4.180080277792194 2.524872195971641
45600.0 5.145626 13.238174 4.916192345473315 4.725885529787979 2.488320638698221
45700.0 5.084399 13.265853 4.977496416137511 4.732191287840435 2.3529018632815815
45800.0 4.399509 10.236291 4.404415818649639 4.228527638544164 2.197411484173062
45900.0 3.527552 7.402844 3.771779037989318 3.5241319995477673 2.3215657121541833
46000.0 3.770916 6.586066 4.077488613249352 3.7913806956513785 2.2711963858641426
46100.0 4.098952 11.657282 4.074126198195162 3.897831543950205 2.3932063221160353
46200.0 4.724061 13.610058 4.740814763828304 4.535256934578064 2.2378480317345653
46300.0 3.934969 10.348229 4.097974204900343 3.84134272163655 2.5140641826167665
46400.0 3.430569 7.586392 3.6149795312675623 3.432512852377258 2.264238722081085
46500.0 4.341614 10.271793 4.521322325211627 4.283452350882911 2.373733219543706
46600.0 3.790597 8.510007 3.9233288863773144 3.623271441762853 2.542982046252311
46700.0 3.528030 6.342899 3.8019506511625125 3.538502428914912 2.472451566620875
46800.0 4.832904 12.769993 4.641606437567367 4.589856816660998 2.214045341273468
46900.0 3.593637 11.050879 3.852465681182709 3.516528837763312 2.499520612856323
47000.0 3.981375 8.137818 4.022677933734931 3.817370967408365 2.3900066829660447
47100.0 5.684455 16.023187 5.67574437045603 5.394884897749658 2.3077332779418365
47200.0 5.076349 16.449420 5.004533624789861 4.733162255154075 2.163671980795978
47300.0 4.372109 14.713998 4.0835970962248584 3.891804698948064 2.502361555643362
47400.0 3.760442 9.664831 3.9798947658624013 3.688911470186438 2.530916849653311
47500.0 4.748213 15.477442 4.5788210769912885 4.371255517988213 2.4801974191913994
47600.0 5.665610 17.245861 5.401467917742678 5.2120996966621345 2.227143288298196
47700.0 5.404428 15.206599 5.188629370018326 4.999566358185562 2.4840665470501104
47800.0 3.985327 9.723604 4.074482005397061 3.919537270235922 2.364899245437992
47900.0 4.322261 11.255597 4.56045945534303 4.252445563820876 2.4695230227269716
48000.0 5.308378 17.040937 5.123983817741583 4.928835050626419 2.5038626741279804
48100.0 4.108128 11.235724 3.960143725216563 3.9530600631702586 2.5436979918495317
48200.0 5.253928 15.391522 4.966149832484625 4.873751890624914 2.471104541666506
48300.0 4.032989 9.617601 4.030063383323387 3.864003903267758 2.5817133340255576
48400.0 5.057218 14.253106 4.808718501037888 4.604119720369017 2.5177123419423575
48500.0 3.789770 8.543906 3.9132839851969847 3.7374934793645576 2.4839517308068912
48600.0 4.193473 12.945095 4.121228707454751 3.911970474722636 2.50514529282439
48700.0 4.669304 14.869726 4.820293485627002 4.497749008515445 2.4375413056757553
48800.0 3.410437 9.792439 3.658136540317555 3.3826491443093505 2.391333950376599
48900.0 5.380008 16.727981 5.2475354148037585 5.028719642460309 2.2986963705037087
49000.0 3.981192 12.561452 4.268531696713792 3.8927752810950165 2.2603131554064464
49100.0 3.252817 7.233884 3.1797738696396833 3.035080892593295 2.3533675464241566
49200.0 4.350667 11.619621 4.360608502659364 4.056536926037352 2.4002445513051445
49300.0 5.024952 15.929305 4.884437609245722 4.671579849085195 2.44360995302151
49400.0 4.916632 13.749786 5.01494820137319 4.684571394099199 2.4087689889056643
49500.0 4.255361 11.799384 4.308667265193258 4.15499576826559 2.4175136852046735
49600.0 4.785410 13.992757 5.034223052285661 4.660166965420118 2.3741847583221785
49700.0 2.961400 7.745818 3.387533947003438 3.0099187218514705 2.4111287496479283
49800.0 4.481265 12.113455 4.2326573798276526 4.1367788742729985 2.3645186755158973
49900.0 4.723594 13.094230 4.77100600426376 4.493681362653093 2.1882456069823513
50000.0 4.009296 10.394420 3.9246311182367553 3.8081319364911694 2.434082489602577
50100.0 4.592280 13.299166 4.430956763620083 4.2870357016679295 2.5431060631195734
50200.0 3.303013 6.526622 3.453399726344837 3.2372596634255277 2.33167982824404
50300.0 5.216037 14.801589 4.98352555627705 4.799294044427247 2.575639965538467
50400.0 4.935677 13.836851 4.846788300231442 4.616842422540068 2.5949565313244647
50500.0 4.140842 9.066371 4.247488875182339 4.003002196886087 2.529894797178691
50600.0 3.946553 8.604882 4.125663832453793 3.9426566838389494 2.4848938599008865
50700.0 4.577866 10.763464 4.2886249542686565 4.267640333794838 2.5686334145587604
50800.0 4.922262 14.270108 5.002197212631847 4.660439972653443 2.3736271583056996
50900.0 4.267709 12.100770 4.430858588606506 4.097014640454958 2.1298353114597828
51000.0 4.528689 13.468729 4.6599318179883005 4.310761880316631 2.124483620919156
51100.0 4.384770 11.223544 4.131080301136868 4.068209068829282 2.1646105513185483
51200.0 4.628349 13.384392 4.487168060130927 4.275407739132613 2.666508044417507
51300.0 4.416532 13.066572 4.685177318332151 4.39406319571518 2.3986572041567302
51400.0 3.784860 8.381234 3.8785776951455233 3.6832751731819053 2.3978237321366573
51500.0 4.377116 12.520414 4.311735643587176 4.073323034601775 2.5285278887099962
51600.0 4.869532 13.126163 4.794803722424218 4.605181413402444 2.5191555816719076
51700.0 5.160687 15.534189 4.84532419706276 4.720515499350635 2.4049484594972426
51800.0 3.857991 10.931490 3.9745112305287944 3.7520714821590873 2.2824348874077964
51900.0 4.746193 14.522496 4.52623754137483 4.40668379225139 2.264425143840175
52000.0 4.914830 16.482470 4.605141869910061 4.507547485646608 2.394006156597982
52100.0 4.202830 12.001760 3.8547710104318655 3.8725787855518563 2.267297061769045
52200.0 4.178800 10.925659 4.008936866810093 3.8529807468864052 2.371997358033923
52300.0 4.651387 12.823231 4.638851554345607 4.36902851459457 2.3530555437565384
52400.0 4.270511 10.750942 4.272762207081219 4.1375924695039386 2.3743823709900505
52500.0 3.837361 10.858483 3.831363379288542 3.658427520609753 2.423607354614592
52600.0 3.685293 8.355672 3.907093325484107 3.677090671052188 2.799457817817973
52700.0 4.831936 14.160310 4.562273988116947 4.493679823551429 2.514398039927043
52800.0 4.037401 13.296872 4.079709725530863 3.7973521419664196 2.444629284381696
52900.0 4.111123 11.764574 4.028539272026864 3.8598979180482953 2.06127921307874
53000.0 3.773407 6.932684 3.9433255593005367 3.7359447706246693 2.4945770900568913
53100.0 5.437554 15.921895 5.492204163687357 5.141997190123942 2.416581029576064
53200.0 5.087587 14.625137 5.00901901523311 4.88325459595017 2.4800092839720715
53300.0 5.494503 16.510566 5.219945372002993 5.034770683881617 2.546312518443034
53400.0 4.664960 12.333122 4.4730458726749225 4.322160410202359 2.1724197970170054
53500.0 5.470663 14.974302 5.4360845051671 5.069400587896056 2.6521440238199974
53600.0 4.917756 13.908461 4.9105210408283275 4.701478275643212 2.4019128485628296
53700.0 4.163368 11.018239 4.144347508078542 3.995343371408627 2.5678834491563824
53800.0 3.911727 10.427004 4.209037586391513 3.917863283591328 2.3448308032735268
53900.0 3.673521 7.854643 3.790801661123102 3.5687075040350145 2.2548268397484974
54000.0 3.543053 8.533155 3.611342127245986 3.3278627190220322 2.54231074530974
54100.0 4.643220 11.421328 4.497812056930357 4.379072086051655 2.380994948286937
54200.0 4.353907 13.215811 4.125294830194227 4.038903749360918 2.3943463026863445
54300.0 4.004952 10.957346 4.037312099060095 3.784861307022199 2.5681455371628843
54400.0 3.635436 8.301614 3.901670660241216 3.613863275420182 2.339957224732141
54500.0 5.476990 18.506284 5.016660644065461 4.823229157407714 2.3471993998853526
54600.0 3.965396 10.466859 3.9783443266070626 3.8423602058000936 2.2699313459308077
54700.0 5.043310 15.428521 4.949816610397777 4.773221183631781 2.4573214332419218
54800.0 5.085396 17.887396 4.9075693855729 4.619097154789137 2.389696609157719
54900.0 4.111410 11.840870 4.293734936741603 3.8732379902409444 2.3094519157995865
55000.0 4.043803 9.656799 4.094097596052146 3.86281445611582 2.3336155893985833
55100.0 4.469428 12.403827 4.387957879092101 4.286100800178687 2.472755418304035
55200.0 4.408498 9.737307 4.613444015822392 4.282311789229692 2.472356130011038
55300.0 4.459865 12.298787 4.4391957992513 4.257615303576321 2.440227241895402
55400.0 4.395359 11.030077 4.533406193588703 4.291691878208874 2.6157877557801967
55500.0 4.594406 14.315250 4.534923661465203 4.304589254019257 2.3701679031393845
55600.0 4.794194 13.980413 4.857287423851517 4.6006774964049955 2.3182839779781546
55700.0 4.613182 15.414975 4.71427665207276 4.3295833988455135 2.574615816873522
55800.0 3.766904 12.109386 3.954592192911901 3.6279617106991795 2.1313189827718277
55900.0 4.545883 12.758416 4.71954174236336 4.307739798785928 2.3148139801016563
56000.0 4.268001 13.323282 4.344786942794421 4.10139743718132 2.5683492218545
56100.0 3.446586 9.453556 3.8246143101193315 3.452677132324346 2.321042574125995
56200.0 3.635183 7.947069 3.859516641253372 3.5935348095979527 2.338410999839118
56300.0 5.160223 15.737310 5.200974286583591 4.832031458842779 2.5099953661288956
56400.0 4.747249 13.665476 4.669170094295251 4.385478809932436 2.330120423148952
56500.0 3.394324 6.837086 3.2258951447617985 3.2439517420602013 2.3252596409302453
56600.0 4.070698 11.460329 3.983614032879549 3.838781364869146 2.4458389148607242
56700.0 3.821477 8.711496 4.056331873443866 3.8118109095876034 2.4335002904633547
56800.0 5.104082 13.163801 5.012518362559849 4.733943363955838 2.3613491365699253
56900.0 4.518427 12.442566 4.569396437386627 4.399556617773517 2.4450925795441334
57000.0 4.850324 13.788307 4.523116562300642 4.472146441380877 2.379170258526306
57100.0 3.368564 9.252786 3.539879611883085 3.252447262738743 2.1341067463845556
57200.0 4.706593 14.107478 4.552216383028746 4.342484614435345 2.160188674268868
57300.0 5.259105 16.894131 5.1252346867009235 4.844548777883772 2.34124176319059
57400.0 4.122719 12.386960 3.980270228088701 3.8887239786394447 2.353306318267436
57500.0 4.958104 15.850486 4.946443576317973 4.602533443170389 2.456008042327313
57600.0 4.295627 13.128205 4.24514860512148 3.9857490834397535 2.397167575374588
57700.0 3.882945 8.382093 4.223718016515214 3.93499695592745 2.3429741455658077
57800.0 3.594639 6.785384 3.7744734634378627 3.537816391676464 2.508928208742833
57900.0 4.368371 13.513346 4.633168776528847 4.175398017486648 2.5450820776314953
58000.0 3.751132 10.810468 3.822643766209612 3.5607638139591145 2.3779266985361884
58100.0 3.676083 10.687798 3.697447135715525 3.411590486808331 2.5092289176095384
58200.0 2.816465 4.861018 3.097157608871774 2.7513972020892647 2.391356838666574
58300.0 4.994468 14.986226 4.622471757956201 4.551353246209749 2.346623362912175
58400.0 5.384765 16.106862 4.72934630893633 4.824875288772145 2.321713593404643
58500.0 4.104698 11.346056 4.447792615803547 4.084318594434275 2.457995100403833
58600.0 4.248850 11.671291 4.2371890805251065 3.964677103873569 2.3285036741574605
58700.0 4.461378 13.011097 4.267723142967125 4.0965660114220075 2.5483883679963832
58800.0 4.661172 13.645503 4.7910218522774874 4.52639381499354 2.183404939271709
58900.0 4.588699 11.947223 4.6408552687221984 4.400168969241076 2.4742489034530455
59000.0 4.240750 11.807279 4.387754124584852 4.081503210873377 2.2654300719691647
59100.0 4.631671 14.958994 4.409740931611465 4.3305389203911515 2.604618534326357
59200.0 4.221805 14.425411 3.960777586861776 3.844325834540118 2.733973009740865
59300.0 3.826233 9.129517 3.723856325217863 3.5712258346189185 2.4489308633943163
59400.0 4.668275 11.295077 4.6756030424919075 4.499677338872677 2.5594454892701446
59500.0 4.297900 11.611314 4.117323016572837 3.993716824726669 2.370235954914124
59600.0 4.578933 10.354512 4.687692109744698 4.502939493807627 2.5386127738415842
59700.0 4.001777 9.742253 4.1234286037834185 3.9077482151438656 2.5389533272346916
59800.0 5.543043 15.253882 5.169789748712436 5.016100692107887 2.160679201361265
59900.0 3.482100 9.000786 3.456037838432409 3.300413982757209 2.3164258814113134
60000.0 4.284312 8.401130 4.367620272603274 4.205943137289604 2.407164299708347
60100.0 5.467133 16.253060 5.1462726981632425 4.995752827408509 2.2859283886452504
60200.0 4.657048 11.545548 4.545877719522856 4.386478546288277 2.27371803276754
60300.0 4.802826 13.161508 4.701273739373993 4.531956046782902 2.255759306876826
60400.0 3.517703 11.346827 3.611301739181114 3.3770746283216355 2.338456872672173
60500.0 4.987624 14.647644 4.882657986822151 4.687840544494712 2.5640147837165697
60600.0 4.696114 15.262564 4.621252804535921 4.41106654750817 2.501258219011709
60700.0 4.671233 13.228712 4.767853556916831 4.443272879042192 2.4462035439539798
60800.0 4.263737 11.223215 4.33411232998776 4.05160630675051 2.4053994305472135
60900.0 5.097197 13.178082 5.087725099463388 4.836382162314728 2.207788330475267
61000.0 4.314836 8.485847 4.323877605852406 4.167432781800764 2.3012101152291353
61100.0 3.299112 6.600060 3.596694808881508 3.3294434442975054 2.3488560380634476
61200.0 4.329312 12.468625 4.045854102645182 4.030211009969367 2.4163602483138384
61300.0 4.068025 8.995031 4.382482646068987 4.071358196158665 2.382893733479511
61400.0 3.037914 5.950481 3.2164021882841967 2.969355258952288 2.372096554805677
61500.0 4.024450 11.236865 4.058541864035562 3.789115156918316 2.280702240283639
61600.0 4.117907 9.453877 4.164692707179287 4.00642447189586 2.5152587079088735
61700.0 4.139337 12.508742 4.153610684916979 3.929623428395049 2.3744492718508896
61800.0 3.418751 9.599356 3.549545569108314 3.2992445688262757 2.521027512889951
61900.0 4.338456 13.421482 4.347830531720508 4.137983692943446 2.3540754584353984
62000.0 5.174284 15.210531 5.371566099052929 4.982832970345653 2.308768887561463
62100.0 3.964996 11.243711 4.222571963311281 3.8781597692441796 2.2301351113390115
62200.0 4.120905 11.810658 3.9554809937087105 3.801904348091481 2.3708864542015204
62300.0 3.865374 11.555289 3.817468973526239 3.6358204230949847 2.4189738533233385
62400.0 3.800605 7.972565 4.038996630281449 3.734814962881819 2.3437100489355682
62500.0 4.394773 11.420440 4.37523708155155 4.139210839801695 2.632962773916753
62600.0 5.297722 15.236950 4.9698561758452255 4.86356734052717 2.55597494352406
62700.0 4.152568 11.317584 4.132336779158504 3.974596958289354 2.3150985456959323
62800.0 4.320182 10.119566 4.559197170757675 4.283898571454558 2.2889626740339986
62900.0 5.293354 17.680974 5.040651160460061 4.829701023704322 2.440030305145413
63000.0 4.618554 15.897099 4.549806170000074 4.241980170602595 2.09999289523888
63100.0 4.914229 16.415418 4.829131877549902 4.5006222551694925 2.349545269638466
63200.0 4.332040 7.891507 4.444628061538575 4.238647612524798 2.288474908622049
63300.0 3.792231 10.823439 3.7805754777232465 3.622762081338493 2.55938847059971
63400.0 3.829457 9.746993 3.990349255813376 3.645673031037775 2.5286174009600013
63500.0 4.394900 10.313848 4.221162411252266 4.114206928861001 2.328063209587261
63600.0 5.277114 14.234462 5.129244327154751 4.961435110087478 2.542572826020425
63700.0 5.867893 19.455306 5.375611151573307 5.259547724924931 2.4834811542335102
63800.0 4.334276 12.412652 3.9288228269875085 3.9276566590634294 2.395130230092037
63900.0 4.553694 12.931136 4.453699437066643 4.275615310979017 2.372536374823047
64000.0 3.502127 9.985089 3.76215100464574 3.463979693937781 2.6505161887335613
64100.0 4.206941 9.850654 4.239004233050314 4.029425922630652 2.414351997906816
64200.0 4.995493 14.432132 5.00011323703165 4.733296408161547 2.2971837318216526
64300.0 4.945577 15.012708 4.685475217595185 4.459773384496898 2.3017921712541494
64400.0 4.498712 10.835935 4.2949798406141095 4.13836111623299 2.3350242873088956
64500.0 4.297323 11.832945 4.34535795294084 4.0919291582885835 2.4316861656418967
64600.0 5.152494 13.859528 4.761897192916792 4.713511910824238 2.198553070834516
64700.0 5.474147 15.918026 5.421113737052384 5.1346374472853915 2.342496195922419
64800.0 4.764335 14.630799 4.63920387639679 4.369866275980503 2.3367063475116363
64900.0 4.689874 12.618968 4.806236859277837 4.474220770003297 2.4614314652974243
65000.0 5.586166 15.824258 5.508006455688551 5.184453416415759 2.3363824344372275
65100.0 4.072001 10.049221 4.400500464440069 4.075531605091528 2.5715709432036244
65200.0 3.847189 11.749978 3.7662969593052416 3.5517312858651833 2.5953661842501767
65300.0 4.042790 10.665475 4.052729631060505 3.9294897640803983 2.4252855895703154
65400.0 3.494216 7.223935 3.8129379062807387 3.455111540721423 2.438453682541288
65500.0 4.311902 11.893680 4.176575295005064 4.039586175788218 2.6477579729522613
65600.0 4.611525 14.171670 4.411929277753105 4.3138479465100215 2.4585727458834623
65700.0 4.546426 13.518673 4.432039229299891 4.189354194593804 2.483407878106732
65800.0 3.628747 5.862294 3.5964282410365818 3.4750642214265968 2.283977493913718
65900.0 4.434102 10.819756 4.555024012420911 4.339301343374801 2.515829750306038
66000.0 3.929029 10.357652 4.091460162016383 3.83746570392852 2.6258353001413264
66100.0 4.193531 12.002732 4.353356474997906 4.1235609393511545 2.3389031473072204
66200.0 3.995712 10.183429 3.9197153014867974 3.726482358081408 2.5691308925493703
66300.0 5.015575 14.427022 4.843919247201035 4.672564004675406 2.3553504156881377
66400.0 4.420524 12.346036 4.59930901779859 4.2505938037922855 2.455607074345841
66500.0 5.016121 14.697712 5.051502823276848 4.761665835511384 2.7796141165961683
66600.0 5.276119 13.257471 5.395527616006149 5.0774212676107515 2.1858796255106636
66700.0 4.567664 13.848248 4.361178235768455 4.304678282599439 2.491493958310989
66800.0 5.186066 13.901246 5.081479587063141 4.863088380379151 2.4472162369026456
66900.0 3.854034 11.367661 3.962038524672111 3.6478629908699998 2.44139680977123
67000.0 2.699182 7.720714 2.8549915861213537 2.683530143823167 2.5156481200450513
67100.0 3.594040 6.483605 3.5303812637539527 3.407348673751483 2.3933686032438
67200.0 5.294259 14.651700 4.883550737159489 4.838862530323503 2.2412613229680702
67300.0 4.347596 11.999234 4.457163520752851 4.143897163864126 2.5007926427682494
67400.0 3.660131 9.192203 3.5104986151815996 3.4693381282724656 2.0575122465702678
67500.0 4.147752 12.954088 3.750760644891616 3.7107286029599225 2.330856707063353
67600.0 4.572001 13.572982 4.719927881930948 4.439718925713632 2.284110365128758
67700.0 3.953254 10.665672 3.9162638537204204 3.707795549570741 2.339505282374103
67800.0 4.221271 11.629960 4.435024926554394 4.078961728328681 2.3164312431363943
67900.0 3.462887 9.878961 3.5054151436865544 3.313125224537443 2.518835927238174
68000.0 3.202404 8.825850 3.404809641212446 3.143060538187154 2.475011000792651
68100.0 3.474503 7.802802 3.5095150086703497 3.3363118512813292 2.3726302479414283
68200.0 4.386167 13.478794 4.30929824590825 4.160853204224018 2.418356134717769
68300.0 5.485493 15.181831 5.41154942110667 5.214510029045502 2.4026508674958142
68400.0 4.241239 12.084729 3.9838557350129196 3.900464912472198 2.3061605466656347
68500.0 5.215622 15.519507 4.813369215982128 4.815675516926425 2.3093788375694766
68600.0 2.794363 7.332895 3.1090114031848004 2.7612292495237183 2.2551706779952783
68700.0 3.222467 5.590042 3.317146395820539 3.2163333062127992 2.504002048711304
68800.0 3.930471 10.862655 3.9995085882625867 3.689893533935427 2.6248063294236825
68900.0 3.926742 11.541388 4.214957637908347 3.848618280489239 2.3983866146268507
69000.0 5.385471 16.959488 5.2869183460620555 5.000485688153965 2.496226006520044
69100.0 5.354314 16.510064 4.899316746297453 4.862950890678508 2.2536516394424035
69200.0 3.751483 10.687136 3.664980382049609 3.461212077631472 2.3976474636448586
69300.0 4.817771 12.380656 4.85665596017869 4.580478435472943 2.17185867638678
69400.0 5.062639 16.636347 4.649546164792059 4.573230960983578 2.422899005649995
69500.0 4.635143 15.004367 4.398694071359216 4.225297687011682 2.226111943030578
69600.0 4.818443 13.319375 4.657090465239355 4.532196642051189 2.3751687190889785
69700.0 3.955077 12.614952 4.085994005517611 3.780906291574289 2.679787714876229
69800.0 5.129668 16.287432 4.962233409095406 4.762984422964618 2.3052054919356997
69900.0 4.151714 10.977584 4.419806418955962 4.153767803673885 2.6291495579403112
70000.0 4.595822 10.829323 4.393532636883813 4.263219788561983 2.3325877487908806
70100.0 5.031306 12.559713 4.999637232748587 4.772960253708361 2.374773534063818
70200.0 4.660226 15.627716 4.469490911694923 4.271387378914441 2.383393310279805
70300.0 3.712696 10.343867 3.800965320268973 3.5414773548479994 2.3514514830782787
70400.0 3.571574 9.655882 3.725953746535142 3.507285078402907 2.42811222512271
70500.0 4.566771 13.491408 4.5195265639408 4.243203758843576 2.583492776227398
70600.0 2.984144 4.884910 3.306793403353489 3.0569568245120133 2.5664326438404688
70700.0 4.252660 10.623481 4.225108354459524 4.0109175750609785 2.4671658660450024
70800.0 5.021880 12.450435 4.859026039294514 4.746166627618227 2.3382754171995512
70900.0 5.170015 13.694923 4.8600306503284445 4.736661840414507 2.294940479323827
71000.0 5.046492 13.844169 5.038737565543959 4.766637488156321 2.330265438944403
71100.0 4.323008 11.691661 4.125667523921328 4.097655293588115 2.3802621742918797
71200.0 3.371564 8.318752 3.455650997757388 3.288102128741204 2.1924048625193397
71300.0 4.627771 10.248707 4.797646270483826 4.510162577793188 2.5003724022885216
71400.0 4.282685 12.898510 4.355204210208907 4.073454553133235 2.289694760059485
71500.0 4.534756 12.450166 4.602959193474218 4.386320279039155 2.38607015094211
71600.0 4.387156 10.063370 4.095339697167815 4.074397401840717 2.3337548994036172
71700.0 4.276062 11.773105 4.290287393059077 4.07596142637235 2.4628470846905146
71800.0 4.400827 10.757586 4.588365136244524 4.3708595441304 2.3798244015079755
71900.0 3.810456 6.618961 3.7805777463677606 3.669651500587457 2.2560264470327858
72000.0 3.792726 6.164743 4.0817443981828845 3.8138703376930922 2.388208864459506
72100.0 4.324025 11.753193 4.261996130113796 4.06871045359814 2.6409978050478276
72200.0 3.873534 10.821931 3.8681446022606574 3.6673366116028356 2.526256404807051
72300.0 3.179730 9.010443 3.329014084681295 3.1218478296214496 2.4782064688469427
72400.0 4.874412 14.106774 4.889908359067452 4.61739615752992 2.39354010964883
72500.0 4.287624 12.072729 4.218587819390514 4.008800073421291 2.584594040370362
72600.0 4.187458 12.471835 4.030486017162018 3.9070517798112183 2.7151611233908617
72700.0 4.844635 15.970040 4.9408273095830575 4.573802639955434 2.526818391207691
72800.0 4.326395 11.680437 4.232931591250078 4.1135365408597835 2.4128783584079176
72900.0 4.906307 14.778396 4.7027190983009906 4.5095164473700216 2.556223427034275
73000.0 3.400452 7.059246 3.5258817215655442 3.3610959771046316 2.575693773518819
73100.0 4.225334 11.405867 4.457571906040159 4.027181180758034 2.4239075715004685
73200.0 4.663074 11.751685 4.218282630068035 4.270672332165127 2.276366737324101
73300.0 3.967289 10.172411 4.1382939883670105 3.902626641034013 2.371070823763891
73400.0 3.777261 9.651598 3.815534144267488 3.7103083602101665 2.307965847908449
73500.0 3.819131 9.633030 3.9422599846855335 3.750174432417883 2.5106982699454963
73600.0 5.317881 14.803322 5.346449138409782 5.00058668879552 2.3157128241833016
73700.0 4.861652 12.857139 5.0588647053184435 4.684990919437133 2.3283068770025817
73800.0 5.279633 16.173688 5.40211488491971 4.9787552485115585 2.305175829129253
73900.0 4.132173 11.967542 4.1147655057197 3.952055311992158 2.4413771854505506
74000.0 4.549657 13.521601 4.568273378907364 4.378446173834361 2.558094382292317
74100.0 4.209269 12.442540 4.178827951674201 4.013402579070049 2.6095868234395763
74200.0 5.230851 16.458459 4.833610569684001 4.66894140559922 2.4466315313820717
74300.0 4.438241 12.841707 4.597732327825785 4.355816470384753 2.4260939678275486
74400.0 3.175705 6.133132 3.495436756676552 3.1904415857198605 2.4967017444761845
74500.0 4.006155 11.452400 3.9074819918118116 3.7360877274027593 2.408802688822716
74600.0 3.336173 9.763731 3.349401403934333 3.202971858439251 2.333019560052911
74700.0 4.008571 10.179265 4.040769727691168 3.8496828046975846 2.374190795596864
74800.0 4.198795 13.368697 4.431315844322918 4.057914292306877 2.3600581565285337
74900.0 4.932201 12.490347 4.827240751774111 4.679784935569629 2.583874897098856
75000.0 4.548553 14.435344 4.414817004347473 4.2585814515315015 2.3700908196083534
75100.0 4.230089 13.438126 4.446290028694464 4.05716113384838 2.312151852522571
75200.0 4.316986 11.891391 4.23018658081476 4.050141796821527 2.460433369581927
75300.0 5.360916 16.201225 5.254125188279133 5.032314291060859 2.377037987032943
75400.0 3.688881 11.160110 3.965537545571549 3.625970848994086 2.2059332747076947
75500.0 4.652785 10.216014 4.722627769726686 4.563803699909313 2.7128519179151116
75600.0 5.029057 16.684692 4.8567627405313845 4.6578049725174 2.324188981154323
75700.0 3.109479 6.906094 3.1003524352925416 2.945042367319396 2.4777308909153253
75800.0 3.754867 7.152140 3.9620160441224126 3.747795021308218 2.2861156006509527
75900.0 5.366102 15.283537 5.064253609460153 4.97482804296811 2.2938817680203396
76000.0 4.586813 13.183324 4.610838846365873 4.438042939635875 2.285223908999597
76100.0 3.983067 11.631785 4.098266220414771 3.910728984724346 2.3650633546142763
76200.0 4.851055 11.921698 4.783945237452433 4.578021687852534 2.5672598029950664
76300.0 4.737999 13.248904 4.918644608674828 4.563792796768736 2.177204094317601
76400.0 4.407208 12.821262 4.549745410530082 4.274809432752643 2.617885434097886
76500.0 4.723225 12.282774 4.660073290790895 4.382756082884746 2.4405690641165196
76600.0 4.864419 15.784106 4.937623235497218 4.5862299116549305 2.039428235524951
76700.0 4.469610 12.112269 4.743955185663753 4.353650992173852 2.4003351936178787
76800.0 4.765046 12.525965 4.656399313587608 4.4710371271796445 2.208385959665213
76900.0 3.431043 8.560339 3.8136374657045335 3.4637684584328934 2.0354072183604845
77000.0 5.207434 15.450857 5.227645751379638 4.957714751431652 2.318972006823486
77100.0 4.451912 9.861670 4.357010638840064 4.231187888960435 2.461096304296866
77200.0 4.383866 14.655671 4.435752201597028 4.098172881092629 2.373828654565499
77300.0 3.883789 9.469347 4.019999208159153 3.810239792745187 2.3819016679535086
77400.0 3.938190 11.496248 3.829951703241317 3.6955376165678175 2.597018772199952
77500.0 5.132094 14.560709 4.8796260577230495 4.724609611328687 2.3386510823389273
77600.0 4.987790 16.302126 4.844989547049545 4.511991938482568 2.171386116348333
77700.0 3.472473 8.631161 3.6702673618043473 3.376024170640958 2.3525941524679634
77800.0 3.412799 8.556430 3.5898359784273524 3.3765684993343243 2.3948748049648354
77900.0 4.453945 12.068552 4.2861713766912874 4.145871767195447 2.1772077305808795
78000.0 3.388290 8.605144 3.6095943322653365 3.3233073629269088 2.511982199972929
78100.0 3.336550 6.113289 3.302434142882897 3.1864746928878844 2.4163469208411588
78200.0 4.130087 10.638845 4.355685448656209 4.063260367658742 2.54185723004067
78300.0 3.324345 9.066977 3.530493687567853 3.216079632015252 2.1117637046674997
78400.0 4.207998 12.720828 4.391057790436477 4.066556835532627 2.3294817291558716
78500.0 4.882579 14.819477 4.65932293828374 4.580914331642039 2.4443960039650885
78600.0 3.650099 10.111959 3.850264427635316 3.5349467932438285 2.4840426726041804
78700.0 3.923404 14.097178 3.854210391278515 3.5566396759487473 2.524357527527687
78800.0 4.150097 12.592538 4.218551089305191 3.870699381342495 2.5002780550874424
78900.0 3.634770 9.243433 3.596648283356459 3.478738762071321 2.4358931847593515
79000.0 4.987209 15.218488 5.032910665544782 4.67071046101501 2.3662919542476013
79100.0 4.767062 16.109363 4.684341177736256 4.365318096394251 2.4736513557694044
79200.0 4.353872 12.337362 4.501551826794288 4.240571963214683 2.319225048872143
79300.0 4.809786 12.270470 4.8259925510670465 4.68631245443163 2.46310396716093
79400.0 5.772183 16.186638 5.61448991695132 5.388763628561341 2.351562507206651
79500.0 3.672779 10.191877 3.8198526042840717 3.510411259449965 2.2827441660255348
79600.0 3.689071 10.941366 3.390367591841475 3.4015848957602857 2.3451130689065014
79700.0 4.042158 10.782204 3.980308580864598 3.887605634125339 2.2854620133892287
79800.0 2.985540 6.962899 3.2776837272926045 3.0012750502308583 2.23664846454483
79900.0 3.691454 9.722188 3.7838618005599596 3.58474987869396 2.5481374062212865
80000.0 4.835143 14.207283 4.685562213837977 4.475880255322451 2.54314384877039
80100.0 3.856995 11.819828 4.036382628546145 3.678884658367858 2.3063276827846093
80200.0 5.294488 16.874807 5.1560604377509165 4.926530177820189 2.473239543764532
80300.0 5.477960 17.204458 5.391097109442 5.137992183100118 2.304107633948691
80400.0 3.828033 11.459360 3.8582929891026105 3.60104419101587 2.5312714760723534
80500.0 5.079492 13.608954 4.792667982862838 4.718177386823014 2.305716190234201
80600.0 3.919921 11.343172 3.993468776241409 3.763207621954051 2.6246856837057595
80700.0 4.484926 11.650001 4.418797478649294 4.212868133267842 2.3625187347043743
80800.0 5.344163 16.584197 5.165961058576995 4.936192487314228 2.364530745112073
80900.0 4.097027 12.616644 4.165736711374103 3.9377047873650417 2.3402534334081944
81000.0 4.370719 10.478944 4.150783460590455 4.036293219444539 2.519371633503535
81100.0 5.298274 17.345654 5.0509469602025865 4.841953059391673 2.5397132587882814
81200.0 4.247733 9.820977 4.362067914474658 4.07650555057721 2.4576657151960695
81300.0 3.691295 11.434526 3.667599395328676 3.4931375903458974 2.309946502793044
81400.0 4.131931 12.709685 4.0165512603601154 3.869767613813999 2.2854867015146145
81500.0 4.302282 11.619439 4.331677834173486 4.0224856856441065 2.497558309280927
81600.0 3.361093 8.765919 3.554755816610841 3.3331092532251145 2.478673084433053
81700.0 5.173966 15.939006 5.358306719137579 4.991493640180152 2.4091113771710138
81800.0 4.013805 11.969658 3.932140266519072 3.8394505503038423 2.3055377672377397
81900.0 4.933550 15.396521 4.823703155399216 4.582721187974131 2.2024904079150427
82000.0 3.348298 6.965390 3.703126829935199 3.4085045805700513 2.382734293285315
82100.0 3.580062 10.078055 3.728646950486758 3.482828176921905 2.482370196027538
82200.0 4.542931 13.118916 4.4454563380245204 4.200915845626183 2.5560070039265805
82300.0 4.822375 14.821343 4.802931752944497 4.513808927275293 2.332368477993131
82400.0 5.021432 11.612197 5.048379763883213 4.905448795371442 2.4353802005422716
82500.0 3.780543 13.621574 3.831103281090037 3.5023318115787214 2.529277083424338
82600.0 4.935190 12.999648 4.675404441004637 4.631493522003114 2.4306913014797558
82700.0 3.941141 12.920008 3.833676509197207 3.6794547651303904 2.5400521572225543
82800.0 3.802326 11.025682 3.8435754479610993 3.5988378091510227 2.5422177924866762
82900.0 4.496370 14.976499 4.373599962128834 4.178564813626028 2.3888285601236703
83000.0 5.026653 14.565429 4.860081058270154 4.641684627379295 2.2951572262212143
83100.0 4.188946 10.107294 4.4181590336362895 4.145165335824754 2.5508891133640517
83200.0 4.087962 11.543156 3.9351184388287894 3.8534696634765497 2.5506757913403515
83300.0 4.998013 13.391270 5.045289388549694 4.715006184793068 2.4470413983733983
83400.0 4.777656 13.237577 4.668648187406289 4.471443586374466 2.479970619606228
83500.0 4.522703 14.667001 4.545653109285751 4.141073296047191 2.4421873631568443
83600.0 4.662221 15.471537 4.273795636815441 4.212251971356328 2.5396470241401006
83700.0 4.298644 11.849908 4.293129802127307 4.141299463366207 2.3975794323262662
83800.0 3.288241 9.359861 3.509139530733974 3.206437479309152 2.3836739251175163
83900.0 5.254010 14.977466 5.280414061968594 4.982046070137691 2.6938218824567195
84000.0 4.099208 12.387234 4.102531887063133 3.945698008317086 2.1577281884184476
84100.0 3.884637 11.154200 4.1660733406324475 3.8494989429434607 2.55867000329273
84200.0 5.218016 15.833744 5.02730151603505 4.788522306881534 2.4671001900233955
84300.0 3.416081 10.673791 3.6485390505791977 3.3328194170062404 2.562097811408558
84400.0 4.326543 9.024236 4.283982490641357 4.103972957123541 2.262680362545137
84500.0 4.284073 12.056902 4.120914216213876 3.86109160237182 2.7648190719414907
84600.0 4.941590 15.750930 5.035613445825519 4.702197799407184 2.4287139841589864
84700.0 4.397115 13.264336 4.478839079768437 4.193031685749921 2.5459388612694527
84800.0 4.485979 9.738434 4.543960298209611 4.340351960638461 2.539628424446706
84900.0 4.293594 10.632811 4.440734531831174 4.20954309872383 2.5361008868089625
85000.0 5.693368 16.830324 5.626435383485154 5.334320044850128 2.3678158467986634
85100.0 4.488986 12.005680 4.395205445829707 4.231037079554986 2.610835377017159
85200.0 4.976900 13.872198 4.761742605661689 4.645692897346266 2.480434871354733
85300.0 4.570406 10.783129 4.487072022286933 4.337960701395613 2.370638100909677
85400.0 3.700477 9.863329 3.899989636835439 3.6997409693258874 2.1918716346950493
85500.0 3.828941 12.150386 3.7575547971525594 3.56567160491407 2.1298014635049096
85600.0 4.079056 10.467530 4.06292604335593 3.8709863340171586 2.3962167795753726
85700.0 4.325744 11.767796 4.53125750947018 4.236809653411028 2.1495303627766256
85800.0 3.943746 9.041945 3.8184341814246796 3.7256597404044633 2.2555809813724834
85900.0 4.589840 12.864415 4.563956739682336 4.349234021406419 2.446088804064552
86000.0 3.761845 12.716824 3.767879734716795 3.5015206503103014 2.5136728706513596
86100.0 3.677013 8.580748 4.04507582116425 3.6403465005048687 2.263361425706278
86200.0 3.342364 7.357297 3.6260783335670297 3.3083040509631956 2.35707792661262
86300.0 5.302961 15.788399 4.918400368259892 4.796537643458086 2.4043504151561614
86400.0 4.042470 10.299374 4.051949263313522 3.8440921294752766 2.490540254614935
86500.0 5.308449 16.699781 5.202775693378214 4.951174954077105 2.406163463009466
86600.0 4.849742 13.743116 4.735212519719477 4.530287406525619 2.3619949952171857
86700.0 4.324657 12.288205 4.239409913217095 4.050173331681833 2.248028172100929
86800.0 3.036224 6.651815 3.229832836351185 3.017134565172901 2.341099416455841
86900.0 4.396368 13.164002 4.123362732635306 4.0470110102415155 2.2865298159881484
87000.0 4.647916 9.906110 4.551004880139393 4.475318849247518 2.4075621058687147
87100.0 3.303195 8.737857 3.6742014964497103 3.327933121168072 2.375507591003973
87200.0 3.733411 6.684519 3.6781686413382104 3.5198977626573824 2.0590372563283377
87300.0 4.654798 12.591021 4.638045111248477 4.360282429878017 2.6811396581906664
87400.0 4.135546 8.229811 4.1455153099318265 3.9930154549288153 2.2495171790754425
87500.0 4.732255 14.846956 4.77594110830368 4.394707762529437 2.4735103169431265
87600.0 4.443734 10.513377 4.329499303311905 4.1277745386626945 2.531493419216011
87700.0 4.974624 14.602898 4.778289295225612 4.636387174766071 2.4744424677410537
87800.0 4.937517 16.054409 4.632845045371029 4.493159913065996 2.213650714640691
87900.0 3.765564 11.666658 3.9822200947677993 3.626264378780832 2.1567608805293075
88000.0 4.874764 14.721061 4.800707567101361 4.532152128399323 2.336382028021849
88100.0 3.764897 7.800512 3.9552600194109475 3.772816364275709 2.306516890820347
88200.0 3.354414 5.985854 3.700566279735842 3.409250758219751 2.2269504914669245
88300.0 4.795389 14.365526 4.547091028715454 4.3876201636616665 2.1438377315777735
88400.0 4.729744 13.900181 4.350871382592589 4.249333178901512 2.4243035704372717
88500.0 4.982889 14.290132 4.725149766285211 4.656108274136238 2.449011875330266
88600.0 4.406032 14.425386 4.423533258271079 4.156111287582851 2.3807518941840415
88700.0 5.007368 13.619363 4.848023107109844 4.6825903058300185 2.347482488375685
88800.0 3.477178 10.870062 3.66708367362941 3.31861713515085 2.3909580802555377
88900.0 5.187752 16.155962 4.796184764251898 4.718468163718555 2.363285829783196
89000.0 4.108696 9.127748 4.230494417536697 3.9701757829434525 2.3321175808416297
89100.0 4.669646 14.039337 4.774712792402744 4.49176255366236 2.695049413506738
89200.0 4.164488 8.148265 4.187205575734185 4.072795446474788 2.3886523926514367
89300.0 4.001733 12.512749 4.1073857539286855 3.787579778577738 2.5361699576920835
89400.0 3.202978 7.131649 3.602952292291541 3.2820432468551157 2.342432393753456
89500.0 4.635393 11.471949 4.753265068437483 4.548888874776363 2.5056251182910407
89600.0 4.149639 9.925431 4.229610831625122 3.9847816946776358 2.281616485360024
89700.0 4.786455 13.921695 4.823500767937527 4.52279093629055 2.279347907821067
89800.0 4.640852 12.645796 4.50631708868223 4.362214305532665 2.700892928447594
89900.0 4.554190 13.498930 4.22807133595428 4.171725930060567 2.3931419401632135
90000.0 4.310295 10.439290 4.309514952957326 4.076840249886323 2.208695792917039
90100.0 5.790438 16.881077 5.821157919169008 5.446822447220712 2.4042373957647025
90200.0 3.649773 10.003336 4.066095660630357 3.680708630064116 2.233521747200792
90300.0 4.807565 13.215725 4.942515607938096 4.659306798055368 2.330784461309884
90400.0 5.365135 16.969418 5.3701859993411265 5.045876194248411 2.6819274091166023
90500.0 4.626120 11.090451 4.469621337578262 4.467928099098346 2.3967928568797814
90600.0 5.788368 18.268407 5.52256820117271 5.345776467808964 2.4783780577071326
90700.0 4.865206 14.497460 4.886419617370697 4.58158627012396 2.259330261199243
90800.0 4.552959 12.743348 4.4674442913180545 4.287357643657519 2.1491151695933293
90900.0 3.900778 8.029813 3.746474558877241 3.6743498975847264 2.117181572069671
91000.0 3.341836 9.453500 3.4810957573375374 3.247205663161554 2.4801100985945137
91100.0 4.044434 9.586365 3.9457381154354216 3.8808565533964576 2.259519496757352
91200.0 5.082242 13.750863 4.9263530793491626 4.753284997428151 2.3256270795977017
91300.0 4.092497 9.877237 4.074305083736751 3.9518473118765454 2.3964412212617625
91400.0 3.570859 4.114673 3.938934983179291 3.6292691530965207 2.4064371703734655
91500.0 3.874351 10.788430 4.22313904078866 3.870692611558498 2.396693139387536
91600.0 3.664052 10.208792 3.776095182212502 3.5102350057596787 2.1977531970420707
91700.0 3.536978 8.468463 3.649119029758174 3.429839084172406 2.244101538874789
91800.0 4.514993 12.916657 4.713819771147677 4.3842660096146915 2.337349285395429
91900.0 4.296687 13.461478 4.165280461215262 3.9703190558718804 2.6590604912033546
92000.0 4.001429 9.710012 4.181893566858407 3.8673719660262402 2.250044262873516
92100.0 4.082171 8.316223 4.0494798725609 3.9513431013229816 2.3641672664759152
92200.0 3.328362 7.817065 3.46431574767132 3.2464184798699374 2.4593829182143976
92300.0 3.482893 9.747519 3.7169182451739307 3.3425751882965304 2.342064816841143
92400.0 3.059337 8.485334 3.390613181278802 3.045668974097307 2.337951688126965
92500.0 3.543043 6.673673 3.843011817867731 3.529318939457181 2.418035920896721
92600.0 4.228033 12.278638 4.56037657074463 4.184247144033205 2.348054817756596
92700.0 4.496960 13.899104 4.423232914309375 4.1639613551326855 2.216989078046184
92800.0 5.025875 12.171380 4.785935822240798 4.720325774208962 2.31457602035161
92900.0 4.030115 7.003345 4.352623444773483 4.068896980202981 2.3316152280993467
93000.0 3.166892 4.564201 3.464996285581309 3.22823288342221 2.7254285237584424
93100.0 5.000423 14.612438 4.69149875666774 4.575289380949971 2.3874396170859375
93200.0 4.754282 15.165795 4.778275350155736 4.479418661300764 2.5368730544228213
93300.0 4.089002 11.201228 4.100864319899858 3.899010724762367 2.545869182816658
93400.0 3.842715 10.436493 4.08161785009493 3.7202242262216045 2.440090271290159
93500.0 4.860735 14.499860 4.551430326455344 4.428400782270018 2.162572241047743
93600.0 4.116094 11.157155 4.071382401787393 3.816491712835968 2.460437118571896
93700.0 4.093256 11.428737 3.9955217615237153 3.852487982559139 2.187418039368923
93800.0 3.875439 5.118216 4.058116959964112 3.8690293093965886 2.529493287854862
93900.0 3.494795 9.364905 3.694113712023483 3.3784088094602467 2.539250288586328
94000.0 5.395154 16.245463 5.320550300914055 4.994013423291073 2.748044447727823
94100.0 5.314303 16.610476 5.03547621543323 4.870257901635969 2.456060523832905
94200.0 4.625438 12.042504 4.584300184655282 4.344298571533529 2.4047191418094505
94300.0 4.030084 9.620083 4.161678077565259 3.983041846310133 2.4877655133401704
94400.0 4.405698 14.823541 4.267876201539268 4.053619322635632 2.4310964826183254
94500.0 4.666291 11.002378 4.915223222598403 4.586599653656397 2.439863034704443
94600.0 5.202306 15.207456 5.0437661724766665 4.8252143193649655 2.31775562721561
94700.0 3.828692 8.672568 3.6640652502475732 3.5615168734759117 2.3640846352671065
94800.0 4.039000 11.542128 4.092968152232177 3.7979047652537856 2.741809517702478
94900.0 4.394439 11.979922 4.433200252279327 4.229719228549142 2.346833564079722
95000.0 4.753677 13.186298 4.884988871563047 4.54832187065258 2.205275665991871
95100.0 4.728792 11.647386 4.42388553850791 4.3405604369070865 2.6583606128525923
95200.0 5.207822 15.071846 5.072405415284744 4.7752661635361076 2.64012295346307
95300.0 5.338794 15.865875 4.82648936566814 4.8418951842614995 2.4294280442446916
95400.0 4.950444 14.727747 4.921112131497698 4.577698621875793 2.5060203442136886
95500.0 3.823854 8.380013 4.009114047925679 3.7733070253920955 2.3011338959272587
95600.0 3.038646 5.672279 3.3380369203095555 3.0146204853622796 2.329354691704659
95700.0 4.528015 13.004201 4.411108655804902 4.301643892758615 2.4388655547419806
95800.0 4.576322 14.083203 4.450212818889085 4.258024818496897 2.1509764257728947
95900.0 5.857896 16.448871 5.657325677113475 5.4078491548098135 2.3613853897172694
96000.0 3.567581 9.209058 3.54660358140268 3.3806704058732495 2.424874359371207
96100.0 4.348436 13.945839 4.549345645439226 4.206858371101593 2.41336914137135
96200.0 3.746859 7.860495 4.016893319759501 3.7568245379284466 2.322515504640658
96300.0 4.808865 13.973319 4.648637187544047 4.474664425101887 2.2616920101068883
96400.0 3.832714 8.100633 3.8799410016912614 3.644847277206076 2.488789269310722
96500.0 4.203807 13.735592 4.267855545608558 3.8984503352125275 2.6613225235485145
96600.0 3.990142 10.441899 4.102089417598738 3.8810508180446432 2.6597143963951178
96700.0 5.049188 16.169556 4.883865815734488 4.639448410168973 2.402272141372738
96800.0 4.417909 13.799921 4.217559845439515 4.095440910903899 2.1387978242866725
96900.0 4.873865 13.852091 4.531624597654053 4.427538679857336 2.18116083333483
97000.0 4.716629 13.515803 4.722160583300319 4.499745803371133 2.4675952930638463
97100.0 5.052547 15.090743 5.112276988458922 4.782133004332868 2.370547171785942
97200.0 3.858275 9.771106 3.979103773048382 3.72650099431043 2.354992645991666
97300.0 4.255793 7.505722 4.5529821726563515 4.242080230404216 2.545466508750386
97400.0 4.977456 12.582293 4.847185225877416 4.670694775669294 2.4549868242651853
97500.0 4.896383 13.472713 4.6595213151111 4.541222901131502 2.3846232182005522
97600.0 3.904232 11.248278 4.0916810664556635 3.809440499106519 2.316351581669572
97700.0 4.081257 11.130626 4.0647244202888295 3.9180742975848855 2.219944062571179
97800.0 4.875463 11.586638 4.961091771141129 4.692546153298052 2.498132622482221
97900.0 4.870732 14.155564 4.627093803523619 4.525770230496524 2.2250569698009324
98000.0 3.462086 9.985913 3.6148560669845105 3.3326695064700136 2.6350779882882605
98100.0 4.775597 13.523374 4.81386785721502 4.5998633937000255 2.450781619418105
98200.0 4.897760 11.765659 4.954374097439599 4.757067756386994 2.302229728343358
98300.0 4.479457 13.929587 4.332084129347607 4.177782015602462 2.4364087567484685
98400.0 4.311986 14.136321 4.271406261549478 4.080643509129846 2.139690761324284
98500.0 4.495124 14.495386 4.3138765219750805 4.174323694170788 2.1264132676584158
98600.0 4.086646 12.167721 4.097795957600866 3.843567880783819 2.278483373370812
98700.0 5.029004 15.516371 5.061089003464877 4.741075927157393 2.479870969412688
98800.0 5.575010 17.355046 5.289663951889698 5.115630015411447 2.0925595876874747
98900.0 4.360116 12.509755 4.390721778419026 4.202029326186502 2.5229072069378415
99000.0 3.571929 11.784039 3.7605254318629617 3.4247311650358725 2.2968022904749485
99100.0 4.396866 10.428779 4.357809395850447 4.181273701353664 2.3603754603957205
99200.0 3.673259 9.144212 3.619346400757977 3.48931724978369 2.3879497954419953
99300.0 4.293742 11.210135 4.42808036741606 4.2208680769167595 2.343692254855928
99400.0 5.281755 17.226938 5.036776925428212 4.810063305233766 2.39469045341898
99500.0 4.423156 13.787151 4.364065520619592 4.130614577639258 2.534865351866328
99600.0 4.622684 14.615125 4.442305715339817 4.254084010175469 2.1385014461766376
99700.0 4.344213 13.220286 4.12959379598317 4.047396894042412 2.367326297054378
99800.0 3.565878 12.309052 3.8486584147431224 3.4248727148636853 2.572242225915992
99900.0 3.893305 8.065779 3.864547164623319 3.714088338131933 2.491506450232377
100000.0 4.590636 12.717537 4.731957254267571 4.372539519849045 2.099117214734883
