# t rg re s3 s4 s6
100.0 3.673315 8.929152 4.1288114465827634 3.659899414739864 2.7875148655643924
200.0 4.782891 14.365691 5.092157900882073 4.675785937366189 2.895886521975916
300.0 4.865080 16.397695 4.94767583093923 4.56472024750654 3.186006206238645
400.0 4.677246 13.973297 4.9796808290485055 4.503325486260028 3.1549717120187553
500.0 4.903683 14.476197 4.991398963855771 4.617783372878541 3.087806028004331
600.0 4.324644 11.164395 4.579965992959412 4.282772386052776 3.026103092723272
700.0 3.366457 8.259953 3.81736484650791 3.3912515965453984 2.8073318197231014
800.0 4.620882 13.774308 5.050567524198907 4.644070992195907 3.0471694815229977
900.0 4.487086 13.804165 4.648651409771593 4.292882348886394 3.0078721960644677
1000.0 4.390431 11.303072 4.834771828892356 4.329776660790865 2.7745788575888715
1100.0 3.051099 9.403724 3.7631682071128485 3.1089941890482424 3.271302788025019
1200.0 3.825535 10.743591 4.048645343671339 3.804028789868221 2.8527178333977594
1300.0 4.735876 14.780805 5.1026131767982115 4.592311740223898 3.4289439216260296
1400.0 4.265031 12.671550 4.645750579948204 4.207483080374748 3.475764566048451
1500.0 4.858870 11.452333 4.957395641339232 4.783262882622931 3.2079706424615955
1600.0 4.254598 8.260339 4.675821155497272 4.241758790555462 2.9737395618023355
1700.0 4.429381 13.401914 4.301154070585691 4.160726871950606 2.9929590879562467
1800.0 3.639960 10.895341 4.097154972728237 3.581646283875673 3.3063762028860224
1900.0 3.837085 10.179885 4.242694188449906 3.824053642028194 2.8753128904024665
2000.0 3.560497 9.178198 4.115421783271339 3.73705794235957 2.9929864371749324
2100.0 3.711144 10.164162 3.9684831048358165 3.7164608716322416 2.9482261979034448
2200.0 5.078676 14.777021 5.135686937273955 4.790474157817259 3.3110645349510235
2300.0 3.135913 8.017772 3.8189022665093093 3.3020883114163015 3.0142572981956497
2400.0 3.543118 10.139039 4.204617327914091 3.667665447285152 3.185084988971522
2500.0 4.296117 12.286192 4.636318556029433 4.195077078231956 3.1133173701807766
2600.0 5.207116 14.986492 5.023450215390048 4.897919552752781 2.8511844684162715
2700.0 3.612383 9.911284 4.08543675282006 3.6853655512658885 2.813653965293091
2800.0 3.655308 9.792662 4.436592684528958 3.7817540029577272 2.8428279950265196
2900.0 3.948379 12.608578 4.593280618633626 4.057243114967114 3.047961933384896
3000.0 5.812286 16.139313 6.026934163842307 5.528975776327347 3.0031622941388125
3100.0 4.527892 13.210423 5.186556902050686 4.5514754611447055 2.8376029875526405
3200.0 4.739748 14.416807 4.882820356543569 4.599001023311382 2.898513105177762
3300.0 3.818996 8.744840 4.0126452467785185 3.680980011095588 3.4180790913362764
3400.0 3.767750 10.756521 4.095867258284219 3.754259878467902 3.591026333132647
3500.0 4.574412 14.417391 4.74488277817922 4.315519297625501 2.989939236374634
3600.0 5.218190 15.845230 5.250745556773518 4.913680616466759 3.093788037179701
3700.0 4.856683 13.748234 4.829519260914384 4.608980010757705 3.539044824585521
3800.0 4.457538 11.710142 4.358796725340854 4.239823978953575 3.3354349314832534
3900.0 4.882668 12.937335 5.3075917491982985 4.88598170404736 3.1938583903854325
4000.0 3.549146 9.083539 4.152114368609616 3.7073997580410265 2.9612899504017145
4100.0 4.042682 10.589973 4.202073372031505 3.975210565555511 3.2973623239395087
4200.0 3.744325 13.349512 3.8908914258686496 3.564290191195521 3.0465642476136114
4300.0 3.958973 10.557371 4.342471491849363 3.904401419714884 2.999649063188129
4400.0 4.005676 12.101443 4.352386405741057 4.017704529000602 3.063776898913089
4500.0 3.334922 5.991228 3.7890603821747244 3.3587043665333316 2.902467418540212
4600.0 3.802998 9.361471 4.046234618479212 3.7374876419517347 2.6641964960048354
4700.0 3.245622 8.794111 3.861660774939717 3.3159861800220574 2.655194035149449
4800.0 4.064735 11.337034 4.651439763025726 4.050705631637075 3.046507219766836
4900.0 4.732283 11.273428 4.673025458136651 4.429695457672447 3.2518911885891404
5000.0 3.998121 11.684624 4.301583490666502 3.873410312682195 3.0795667944295726
5100.0 4.546415 10.238003 4.5492529514124875 4.360452230431507 2.971243087951165
5200.0 3.418198 7.074619 4.1057675540390095 3.544186409241674 2.8581820517148837
5300.0 3.566891 11.095164 4.197630492675868 3.631853660824504 2.937288042426904
5400.0 5.026020 13.561111 5.3908326291955095 4.935528002021164 3.1866361387337183
5500.0 3.752459 9.881400 4.357132513640112 3.855830883082071 3.24288887037636
5600.0 4.053733 9.617496 4.511681608900838 4.059948164668188 3.2878785396651122
5700.0 4.413063 10.522144 4.617623291318643 4.323078694275811 3.343998789529936
5800.0 4.226967 10.138889 4.348875212360025 4.147982148490138 2.9012020408503285
5900.0 5.826031 16.886456 5.841651611909107 5.562457514825098 3.176135996547704
6000.0 5.433942 17.788765 5.3712388058221245 5.10098596681601 3.1553536842185395
6100.0 4.548296 15.707419 4.809617512378495 4.357095207949706 2.998372550151424
6200.0 4.446261 8.449240 4.517405083380316 4.25787914400881 3.3866607924512473
6300.0 4.303887 9.062628 4.388634543321316 4.17522119629196 3.1558804652632526
6400.0 3.911074 8.360217 4.575227087853938 4.099100403123723 2.8372893638760512
6500.0 4.106228 8.181522 4.5917894599461 4.111882995735415 3.1917468744541866
6600.0 3.159676 8.190878 3.6632785585546688 3.297614964711155 2.927819272712335
6700.0 4.574141 12.869232 4.943927693404607 4.521335541239973 3.2128500855704987
6800.0 4.156442 10.964407 4.496580388868181 4.119083705641123 3.0392897650936432
6900.0 2.795516 5.944914 3.2589785787943093 2.8765644413639944 3.3008287748609573
7000.0 3.769681 8.966572 4.392418315381744 3.952396326214809 3.066430629368637
7100.0 4.510951 13.659282 4.923315531431557 4.492523112930292 2.974929994989778
7200.0 4.064159 9.816795 4.34151833563019 4.056403247445475 3.571191042296514
7300.0 3.173215 10.199495 3.959830039995071 3.327619923943503 3.1077047173891743
7400.0 3.847533 12.129314 4.035749529639869 3.77440943441614 3.2905248633203232
7500.0 3.501434 7.591031 3.836396680857043 3.539270141506606 2.903835867471833
7600.0 4.178210 9.988247 4.5724742262947435 4.159616279507663 3.613752559507893
7700.0 4.154681 9.347827 4.416324126543782 4.121037344531943 3.0903104402196413
7800.0 4.275808 9.289183 4.893649329898971 4.33929929869776 3.1168139058575575
7900.0 4.935095 15.473416 5.154503674739258 4.753369905704003 3.0691895108963907
8000.0 3.573187 5.730772 3.6141678901245613 3.445347594569059 2.776767158880996
8100.0 4.747677 12.342436 4.884020703811374 4.540240631647525 3.0908993313645734
8200.0 3.728394 10.039750 4.25114364471308 3.7797641444511325 3.07949984776175
8300.0 4.513603 12.269997 4.85909554704467 4.5119812262622325 3.295921929732012
8400.0 5.255531 14.924506 5.670702503078354 5.2051948218511885 2.831368653053737
8500.0 5.092874 15.032488 5.260201445300679 4.864264020148628 3.059791791858863
8600.0 5.078289 14.596906 5.040650454635068 4.787930695994028 2.7033662171571438
8700.0 4.571093 11.384009 4.940125494844767 4.5624306518351645 3.0585363635079026
8800.0 3.718204 7.808418 4.419427321607067 3.8632030650147176 3.033882187388782
8900.0 3.777868 6.736843 4.320235283779712 3.890669808243348 3.265876138397181
9000.0 3.984566 10.481043 4.408257952217325 3.999292962151345 3.153848787920924
9100.0 4.594122 11.556907 4.511139451506352 4.3768149278748085 3.1296040890195864
9200.0 4.348360 14.709303 4.919088703029682 4.347363678149795 2.8868005860269554
9300.0 3.941359 10.673892 4.373393851737851 3.939203568731236 3.003568373375869
9400.0 3.812942 10.508691 4.196694221478627 3.752723606764426 3.0899070600938274
9500.0 5.466986 14.641954 5.2223668964815655 5.074489593562283 3.1481602136760025
9600.0 4.189828 10.611768 4.344047466352835 4.035094673059728 3.1611122472298736
9700.0 4.140436 12.664996 4.216220118686981 3.917160567017254 3.2051031194718536
9800.0 4.295406 12.508658 4.553422347361364 4.19989102638308 3.066036073559537
9900.0 3.358864 9.156551 3.795525843533809 3.417315563490336 3.6479750565526867
10000.0 4.163282 11.821701 4.137212305657275 4.008343661407127 3.058761571154329
10100.0 3.672371 8.897696 4.05669816406196 3.6898459383668842 3.3436728564745404
10200.0 3.461967 8.929784 3.7858904705560277 3.3575483888780657 3.3816198064076337
10300.0 4.597834 13.540365 4.897382286531101 4.5727895713620015 2.5370744148056485
10400.0 4.362828 11.423157 4.628140485681128 4.249013153898482 3.0772130239886395
10500.0 5.137928 15.863716 5.174914794157778 4.910628731637204 3.116052331221626
10600.0 3.489405 9.343918 3.776267731018514 3.43192899125095 3.1233785136566445
10700.0 2.731872 6.571558 3.630470275084864 3.027227545883684 3.256681514851141
10800.0 3.557374 10.046001 3.913725219123343 3.5374761703713204 3.204738145687497
10900.0 3.415936 6.969882 4.0520415911127206 3.6082562190830676 3.280512170481177
11000.0 3.819981 11.993361 4.091423583004652 3.7709345581460054 3.3017100758173816
11100.0 4.487270 13.515366 4.693905040931635 4.317657547653063 3.539289633849402
11200.0 4.293733 10.803055 4.739464758040239 4.378022762711899 2.781105075315367
11300.0 5.212463 14.799276 5.43988606268395 5.083669379108221 3.088734960050169
11400.0 5.994589 18.527888 6.078506914155482 5.7132485483022375 3.2020807011353862
11500.0 4.289509 13.674336 4.171601416059475 3.999882344654746 3.1286345533926303
11600.0 3.817704 11.370494 4.1937816631443985 3.8253072262788494 3.0457367542259486
11700.0 4.261775 12.949273 4.632676037165931 4.235804530300645 3.211973654726622
11800.0 3.698224 10.610668 4.064509074596076 3.664224533013224 2.914689572419318
11900.0 4.587031 12.812829 5.046084534798204 4.475420791682648 3.32743575875488
12000.0 4.914735 12.640000 5.479339804086875 4.948969904050372 2.8176760894452917
12100.0 4.077861 11.793124 4.313483770667298 3.927704978526274 3.269349634175134
12200.0 3.813951 9.246827 4.440382548816917 3.9272403372803533 2.9417467137300046
12300.0 4.808068 13.394850 5.283420441886152 4.727439205709361 3.0889138216594207
12400.0 4.809695 13.427039 5.084785601804901 4.717205441626554 3.17346594928775
12500.0 4.305173 12.890516 4.492820620850732 4.252267613074543 3.0399064639404023
12600.0 4.394376 13.991658 4.5931701702026055 4.211124108416335 3.394328246473616
12700.0 4.639639 14.997591 4.764106926351141 4.40903371516582 3.286017130947697
12800.0 3.951573 12.483363 4.206446502852428 3.820275005187042 3.069987679840192
12900.0 3.658236 11.790091 4.01658440985366 3.587533466276055 2.8668546774864323
13000.0 4.549512 14.644443 4.618346501433615 4.27795304366129 3.294650037047032
13100.0 4.798584 15.306968 4.907472369786764 4.46866089501095 2.840251722084248
13200.0 4.776561 12.008145 4.850628020073563 4.58041025758791 2.9291413851425507
13300.0 5.217256 15.183082 5.267160972827255 4.880519778227413 3.240165970764081
13400.0 4.541111 12.793970 4.972127214380285 4.424606932376139 3.1009946005392086
13500.0 3.608815 9.478602 4.306243846582932 3.812706401441194 2.8869259844969815
13600.0 3.760749 10.632438 4.211141361502178 3.7654689678833675 3.0924101969733147
13700.0 3.768018 11.769498 4.374820779563845 3.87455000832849 3.3900324359004355
13800.0 4.054189 11.067708 4.454318555466704 4.063892958695345 3.3974074771436173
13900.0 4.053093 8.688458 4.2258296023274005 4.0230178914372114 3.3125586644075145
14000.0 5.234016 15.019542 4.9680038900039625 4.809865646960676 2.9341552944262825
14100.0 4.555307 11.468529 4.927238198918799 4.483825370203952 3.1979718465469924
14200.0 4.298447 8.313866 4.643899861499627 4.386164686122198 3.220622294959464
14300.0 4.324189 12.242787 4.377105860588162 4.216721679514825 2.928829811355688
14400.0 4.420031 11.224467 4.96493745385577 4.508003418913096 2.84956045068523
14500.0 3.881744 12.077011 4.265173776296509 3.8581632089072198 2.9439410606283705
14600.0 4.492134 11.722572 4.710060642213467 4.3448664767527845 3.1836369410418923
14700.0 3.531757 10.276769 4.130224425156172 3.616229178884784 3.167501656349214
14800.0 3.382370 5.551547 3.7213153213032584 3.349776320609265 3.370315712893744
14900.0 3.989704 11.491075 4.269871343364939 3.916479045516288 2.6477605224466703
15000.0 4.110704 10.002550 4.423170799949929 4.132304109665155 2.9027941469014156
15100.0 4.224728 10.371377 4.473370964578519 4.16432232267596 3.3479973529008515
15200.0 3.073066 7.340558 3.9391821953216053 3.2906206457087137 3.2412111291208965
15300.0 3.627243 9.868380 4.493578171281029 3.8340160973967317 2.933582744529819
15400.0 2.786995 7.078228 3.007721068655274 2.7990208244064805 3.0687768535665683
15500.0 3.737405 7.891002 4.493144217754645 3.959992810107174 3.2338876138529415
15600.0 3.822086 9.053549 4.165784715688889 3.8135201022246665 3.3446652531685586
15700.0 3.918734 8.693741 4.579606183829502 4.084120296976227 3.0690204096197107
15800.0 4.428069 11.528216 4.81453455017063 4.425105436986111 3.415823505456635
15900.0 3.580634 10.432763 3.980008334083176 3.673073023236823 2.7475997724002443
16000.0 3.739651 8.428491 4.58326097864644 4.006741906958189 3.209145027946617
16100.0 3.152736 8.594529 3.6761507366786788 3.255605511751638 2.923590386744785
16200.0 4.272613 11.396297 4.624887896315163 4.198995406975046 3.2666245050492457
16300.0 4.254929 10.431268 4.735643208388857 4.24367148926262 2.779444799384995
16400.0 4.573318 12.012323 4.958197883674404 4.496036963531595 2.842994189496669
16500.0 3.503742 9.112266 4.163030143808492 3.7106530178753627 2.985990029319658
16600.0 4.112141 12.263348 4.570852622995154 4.079781802066683 2.885820619321376
16700.0 4.278403 12.366857 4.643168970884592 4.270317276413884 3.27159491940578
16800.0 4.684487 12.614691 5.231108452662996 4.7298221072608 3.257696850272167
16900.0 3.006058 9.060928 3.462881284833601 3.097951151087124 3.072991646899915
17000.0 3.885812 10.345898 4.209344706898313 3.884974279372734 2.832274907810518
17100.0 5.122537 13.768165 4.879621275414947 4.79271947508607 3.0846044396885732
17200.0 5.207458 14.717493 5.094361740187288 4.864360453662266 3.211441152318152
17300.0 4.116361 8.833999 4.006542574267083 3.894740228210016 3.1635984094575678
17400.0 4.151822 11.251941 4.4297187535777915 4.105912302235 2.984770281176029
17500.0 4.831390 13.722276 5.229095548732531 4.762291776152756 3.2431341739521957
17600.0 4.209707 10.888589 4.4566698130178635 4.077669159030276 3.145213921124502
17700.0 3.526490 8.656454 4.327647409906927 3.814518174320352 3.198904829630897
17800.0 4.565563 12.206462 4.52687942012653 4.323480724148001 2.869328726644519
17900.0 4.810230 13.785046 4.568837362598629 4.479388857949791 3.304323310175946
18000.0 3.528394 6.779839 3.823550996451741 3.5012167005255357 3.042099817890487
18100.0 4.765774 13.037842 4.99252211571291 4.5961127151142245 3.056371084655608
18200.0 4.192675 10.627016 4.745464325072752 4.140531503168937 3.3393244406661835
18300.0 3.964622 10.583459 4.305421564911911 3.9244842542765603 3.3672949400780814
18400.0 3.922759 9.941486 4.226869653682829 3.8591762489722177 2.9435348181104044
18500.0 3.797060 11.231480 4.109403511494036 3.741098237739376 3.174606156489787
18600.0 3.824154 11.934104 3.979102949333246 3.744755289525853 3.000097478048116
18700.0 4.895875 14.991585 5.100054313969587 4.656689356173311 3.0479391162447675
18800.0 5.105348 15.350421 5.3109926271515935 4.923526983941985 3.1742520108616863
18900.0 3.001503 3.915585 3.48857276762626 3.091634111250843 2.7912993321763158
19000.0 4.283137 13.521176 4.584665156494751 4.1626675238251565 3.198383847963007
19100.0 5.456009 17.217442 5.431729243984647 5.092919488661828 2.6447206834749606
19200.0 3.510284 9.351201 4.022632420220693 3.5689161603642363 3.180041913144838
19300.0 4.263349 11.319527 4.546022419327282 4.169228229907719 3.4905941121725634
19400.0 3.160998 9.328398 3.5661901833481657 3.1293026431809143 2.8454423600678553
19500.0 3.957696 9.624408 4.514117909529355 4.0282844449915105 2.9463057457220447
19600.0 3.521806 5.774591 4.21644361401313 3.7635481027167956 2.912705686324485
19700.0 5.370634 16.913777 5.349770785781911 5.024007617543066 2.7288728055344595
19800.0 5.241029 15.350998 5.202286895715908 4.937938689735172 3.212280388188547
19900.0 3.707218 10.098686 4.162672398501504 3.7188728728163594 3.0146706667215764
20000.0 3.890719 10.508490 4.4645041146761315 3.9047021098863737 2.876586765629307
20100.0 4.114586 11.228517 4.72790085263728 4.271409330604921 2.9037930034180954
20200.0 4.758058 13.410039 4.989048938215398 4.614648838180433 3.1386678797601926
20300.0 3.875621 10.462801 4.237950775548646 3.775217880015706 3.323123309365455
20400.0 3.376955 9.031003 3.7520700423240045 3.4441765509790145 3.0372790208389997
20500.0 3.557816 10.380972 4.145644568468638 3.639204357983832 3.5630793698297833
20600.0 3.959025 8.661952 4.416293585341724 4.009449215057251 2.963856359858575
20700.0 4.089203 10.837905 4.692281934440228 4.1245485489763745 3.2402115172722645
20800.0 5.041258 15.853132 5.145935263879977 4.815090539301188 3.2567522570609553
20900.0 5.437562 16.120704 5.5507961010400635 5.178512529926041 3.0779705486554527
21000.0 4.059301 7.768618 4.269093489077036 4.023612234485613 2.906841743388159
21100.0 4.026086 11.462009 4.057367196752772 3.8009757922174563 3.205747303100129
21200.0 4.322817 12.793943 4.506889600636035 4.149926608736837 3.184688757751891
21300.0 4.954374 14.020021 4.862996024702459 4.715386927504106 3.126447495764434
21400.0 3.882095 10.396595 3.919156414555398 3.801210989663695 3.12766126758151
21500.0 2.810960 6.620216 3.5510235825288405 2.9963491982634065 2.7926902445438304
21600.0 3.364149 10.044964 3.9179102091293116 3.435213553222717 2.990594561044111
21700.0 5.132835 15.976434 5.430912968841369 4.956626098937005 3.2860356881548687
21800.0 4.448770 11.607921 4.508813460640707 4.236440268534547 3.234256781682961
21900.0 4.244184 12.355038 4.846599569097036 4.198030429200049 2.8342931808556773
22000.0 3.871563 12.457174 4.296531312480456 3.807310851125634 3.233506625095516
22100.0 3.624071 10.897856 3.8401391356543058 3.491826358956623 3.03551438028841
22200.0 3.764386 11.875588 3.99538370630983 3.6600226447157835 3.1319098139424835
22300.0 4.379578 12.573466 4.570115880203996 4.198235735916378 3.048217525709096
22400.0 4.382053 12.005873 4.624401398875748 4.321255542255236 3.266565017674467
22500.0 5.038719 12.844502 5.059564201682208 4.80246442663547 3.1070872117110753
22600.0 4.435408 10.645129 4.523223071678531 4.183018639349816 3.316511203418697
22700.0 3.369791 9.236042 3.817107117327161 3.438806903799073 3.0987615615928976
22800.0 5.021720 12.206280 4.885418224538046 4.681652849517676 3.1656562394904615
22900.0 4.498590 12.942236 4.653492915100191 4.305869642599373 3.1014507508951947
23000.0 4.353748 11.479141 4.777228999761097 4.201322393121651 3.2724124958959253
23100.0 4.203881 11.957700 4.6794678316065 4.171056977648537 3.046707219833088
23200.0 4.141019 9.839371 4.627886941959703 4.246907972247795 2.885220442114866
23300.0 3.617070 7.287073 4.08176682973941 3.763389145310892 3.260952087072893
23400.0 3.655421 10.103586 3.969896651928671 3.5832055397038367 2.620217603158746
23500.0 3.992171 8.795014 3.982144667202417 3.8311685391021744 3.093292025204967
23600.0 4.829959 15.434072 4.980711418765558 4.627096552929139 3.090959692421232
23700.0 3.272252 7.831427 4.002102491022372 3.434791179691116 3.142881268421874
23800.0 4.580730 11.738992 4.847120543141204 4.437079943647291 2.7558048640100536
23900.0 3.889542 8.723644 4.041654334887464 3.797838964924267 3.047557695260107
24000.0 4.509976 13.026164 4.765067416949047 4.418443345967439 3.045261948572538
24100.0 3.629787 8.302476 4.395063593135751 3.823740090902983 3.1924564544841663
24200.0 3.729917 11.785892 4.158442427497184 3.6232415805375715 3.050328637992898
24300.0 3.474688 5.470759 4.01148000279283 3.5689349439710525 3.118905418752137
24400.0 3.279980 9.164587 3.887374357816135 3.2896960152252377 3.30085597906889
24500.0 3.914822 12.196823 4.171278812552863 3.8488242145307527 3.0840374129045576
24600.0 5.419124 16.221206 5.0494114051300425 4.945288283230514 2.831194397912951
24700.0 4.538570 13.729870 4.740455121971981 4.395485167233898 3.172061387574532
24800.0 3.163568 8.530980 3.688133879854152 3.271155202041627 3.3158599379146225
24900.0 4.590605 11.926581 4.733561391179022 4.491572216324677 3.109589488454366
25000.0 4.428337 10.174353 4.582162681460589 4.336222787485822 3.417845246517237
25100.0 4.670630 14.969056 5.185806256893316 4.503508043477333 3.168144890724934
25200.0 4.971347 14.280277 5.112726892627606 4.801456066471309 3.097426166609326
25300.0 3.729108 9.898141 4.163418950049206 3.678621947067366 3.3072985873957306
25400.0 4.539162 15.476773 4.613268747085071 4.248774665821489 3.3214692949207416
25500.0 4.885627 12.180618 5.279808484456671 4.747436969985105 3.1254844340846915
25600.0 3.822286 9.197053 4.034458404664284 3.7254378473772523 3.2848026213612105
25700.0 3.554536 8.567706 3.99794080116547 3.652768205556605 3.5211097518900436
25800.0 4.642485 8.480927 4.890912379231825 4.582632074448513 2.949221709919276
25900.0 4.483272 14.693289 4.735462790889712 4.277257798232684 3.0191912528401588
26000.0 4.652690 15.640164 4.853720577501759 4.463785776793641 3.1125396481265617
26100.0 3.512896 7.826960 4.207855463819438 3.667426474441815 3.3364169335957725
26200.0 3.122202 8.838545 3.6888763825991333 3.2539536161976774 3.213829179212752
26300.0 3.639639 9.227094 4.382769129627538 3.750989628676812 2.8575688089699702
26400.0 2.852045 6.444779 3.714878056051241 3.05175461090056 2.9543863089730364
26500.0 3.708335 9.364075 4.1225790572250816 3.7221239741614056 3.2830544667320933
26600.0 3.517099 8.456022 4.0972639822001415 3.55946017590323 2.7793059580403505
26700.0 4.464707 13.077421 4.8544038390443935 4.398370560911154 3.0180853702659722
26800.0 4.271086 12.628017 4.753087086143557 4.225370381695318 2.7562741590559456
26900.0 3.697728 9.657503 3.76049901451282 3.561931839022921 2.7839800399098493
27000.0 3.862255 10.689438 4.433926634133823 3.8922333365410045 3.1543319818498525
27100.0 4.524956 14.255907 4.914827243832223 4.527205351786972 2.6759475015047114
27200.0 4.780234 14.763871 5.239683254176447 4.715776130965628 3.2356072259137423
27300.0 3.276385 9.758081 3.8096480343560684 3.346605184893837 3.4790380500346973
27400.0 3.571132 8.298172 4.041802971031791 3.6709613062159065 3.131772492912991
27500.0 5.072535 15.504233 5.073915184286529 4.789092602474837 3.2730806297593684
27600.0 4.730624 13.834087 4.978600826515667 4.598007445011252 3.0653698978048403
27700.0 3.533598 6.566397 4.037331810620798 3.568730907651908 3.2080723851365187
27800.0 4.497818 10.653920 4.9637151849797885 4.591972945729887 3.178513724331009
27900.0 3.972082 12.097542 4.179863800311194 3.8392681849872994 2.811054889341896
28000.0 3.172868 6.063766 4.102409469390374 3.446663907781727 3.031251060567539
28100.0 4.465776 12.846026 5.00681736782024 4.456562258194803 2.601573178901227
28200.0 4.800572 15.318338 5.055187921523393 4.57946381797723 3.1634498773590254
28300.0 5.184296 15.880612 5.26268185016232 4.942993897680949 3.0557540689704115
28400.0 4.457703 11.815664 4.992958458860068 4.489007380034012 3.044970752196952
28500.0 4.400217 13.470325 4.9928400094379235 4.523004793767654 2.7878909873252753
28600.0 3.680857 7.881833 4.364384116425418 3.829119125527882 3.277721879492077
28700.0 2.988786 6.809791 3.56230359528925 3.0565070743007907 3.1360702926949804
28800.0 3.721984 9.512493 3.690362555045693 3.5802595864471707 2.8058350810780945
28900.0 3.805236 11.086157 4.098084858275627 3.748218563449768 3.0047919131870433
29000.0 4.220828 11.608559 4.4210632719225655 4.122422377043844 3.250452742770714
29100.0 4.644706 13.508250 4.59819595029985 4.405436281973673 3.111688436080712
29200.0 3.646106 11.007339 3.8955649572458184 3.530066739402139 3.349152052141609
29300.0 6.170385 18.342859 6.085535324881647 5.784583888276997 3.1916059385145648
29400.0 4.133566 11.353068 4.426622139589645 4.011518654110127 2.961615687128497
29500.0 4.660680 13.220811 5.0674073390955865 4.54962308093327 3.0353321581408355
29600.0 4.069163 12.124132 4.214011275141861 3.892964369696702 3.20349022171038
29700.0 3.884739 12.881482 4.520570490615968 3.918232800189695 3.345447086795011
29800.0 3.744780 7.701110 4.050593885646744 3.804283972845807 3.212339672150713
29900.0 3.871912 11.572277 4.2330753747216825 3.818360652177432 3.2683283026183045
30000.0 4.881007 14.369866 5.146800017340688 4.753979707477 3.0796892330152454
30100.0 5.198053 14.137883 5.1143264753014614 4.907260705406646 2.969949978513062
30200.0 4.108886 9.689892 4.440887175897011 4.086832835606459 2.895162182597874
30300.0 4.571814 13.063516 5.233211164460476 4.691203998569476 2.9566596379735435
30400.0 4.195433 12.982443 4.567371064396368 4.110750719875416 3.1433831519526896
30500.0 3.839786 8.733621 4.425084846565499 3.909179303074894 3.194530827936586
30600.0 3.508134 9.560898 4.122347657014835 3.6947211114911362 2.93099948729094
30700.0 3.749172 10.174129 4.279238566370279 3.827616495508852 2.9344414329910484
30800.0 3.382847 8.843101 3.9808774176823136 3.4191780162100747 2.897968957229958
30900.0 3.672784 10.888967 3.8551039550827713 3.587928366840892 2.976456692408586
31000.0 4.246012 11.478894 4.383408926736908 4.053039058202624 2.795046526285494
31100.0 4.693129 13.934170 4.790511789071807 4.4466958244840935 3.2414795759548936
31200.0 4.163642 9.419738 4.97888180056429 4.3603927230587685 2.829941295780479
31300.0 4.207975 12.595050 4.435301838113103 4.100085373171357 3.2447347629502152
31400.0 4.779395 10.064200 5.208846006596122 4.769862317492144 2.8940011991272256
31500.0 4.179173 12.937739 4.566147107306281 4.147397194818602 3.398249738059174
31600.0 4.859505 14.387320 5.289647636455272 4.8587421158225546 3.2564006448071603
31700.0 4.168785 13.149720 4.646941650059273 4.0449555379520294 3.5604551959701123
31800.0 4.594868 12.633783 4.799244864482656 4.457932124451645 3.096709238126056
31900.0 4.421182 14.073540 4.66823878947795 4.320135978685746 2.9659628676993233
32000.0 3.749692 11.181076 4.384210518585077 3.854103272892893 2.9765114853396755
32100.0 3.450638 11.369008 3.98704655371821 3.467525187140379 3.4181849337609784
32200.0 2.996188 9.774938 3.723602079602984 3.1556747451023663 3.1340796309858487
32300.0 4.087966 13.125632 4.694753831541808 4.1274575748128735 3.003311445814336
32400.0 4.364628 11.665411 4.873985871068424 4.333656543657478 2.852338384144068
32500.0 4.006838 10.300262 4.590084308564312 4.0838655093394305 3.0190742844728358
32600.0 3.354480 3.739576 4.028353928716655 3.6133402522750617 3.2335190687863995
32700.0 3.908671 9.307733 4.412545560908883 3.9472398673102296 3.273442369858318
32800.0 3.987886 9.307685 4.018013047718251 3.9109023356196535 2.702757635853212
32900.0 3.523413 10.545859 4.037523858181406 3.595274868415611 3.1386272234433847
33000.0 4.370077 13.972204 4.9027005230643415 4.377109565370796 2.668809652040914
33100.0 4.251886 12.997385 4.614733960733433 4.168107769622974 2.9512417528312245
33200.0 3.361128 9.622333 4.044004657684027 3.4100517044977168 3.023085086356123
33300.0 5.026288 15.142834 4.976080221994659 4.71812728272525 3.0706310147967786
33400.0 5.221678 15.209544 5.402886842619378 5.006847725042053 2.787637506769741
33500.0 3.770406 7.099399 3.9439618820924753 3.6519283345338414 3.233593337453109
33600.0 4.706208 12.013199 5.056859476721303 4.6212729101462475 3.1461200833905116
33700.0 4.132438 9.251516 4.46288445027395 4.151657602925771 3.080212152701078
33800.0 4.925189 14.082121 4.930179603620276 4.781468976387667 2.9127458305769864
33900.0 3.858530 11.187069 3.915766880613252 3.692633370707012 3.027653820247225
34000.0 5.539050 14.412729 5.854231389380361 5.418152934798078 2.7617308056453016
34100.0 5.294980 16.529306 5.2820224472705615 4.985509365715611 2.9965752964981127
34200.0 2.967086 5.862976 3.6249238582399137 3.1120806359541824 3.254130838736972
34300.0 3.244372 8.931921 3.7181850891567167 3.283356316177607 2.7358265541058913
34400.0 4.022486 11.008782 4.503909576759688 4.001518553509019 2.9382584250744523
34500.0 4.807543 13.348904 5.087771789855753 4.679669499647507 2.9330967293972066
34600.0 4.774071 15.960216 5.215534062657121 4.646225603921723 2.9998013917562028
34700.0 5.742134 16.798138 5.878742869431731 5.448849871149244 2.882313914418061
34800.0 5.145937 15.443229 5.337238566265734 4.965447685703288 2.9942860969906886
34900.0 4.218058 11.230807 4.147060522675435 4.078577453820573 2.8406073167317425
35000.0 3.861323 10.788293 4.452601427462714 3.8957329332577166 3.4681419665628477
35100.0 3.164360 7.712182 3.928285342724439 3.365359163240212 2.770128784427614
35200.0 3.152737 6.888028 3.765403027352198 3.316249474873197 3.221085629494766
35300.0 4.100843 11.119753 4.343522560548208 4.038058982454609 2.8065715465973455
35400.0 3.405541 8.754156 4.123597018461745 3.5580540526875835 2.9958899284016183
35500.0 3.430293 10.405487 3.9141593649045183 3.4391416169773774 3.3524012906369722
35600.0 2.745226 7.111169 3.65138352868687 3.005919714423246 3.160816142240041
35700.0 3.696017 9.503008 4.2851090972630255 3.8522625041644427 3.208968165589097
35800.0 4.706496 14.785511 5.071964074065358 4.577178215941081 3.161933921487592
35900.0 4.713015 12.064693 4.6747500888467295 4.374405303953025 2.9152179581787454
36000.0 4.076788 10.259044 4.233440572361182 3.8945994752925572 3.217365864832111
36100.0 5.319861 14.427331 5.40272543768606 5.12785747024437 3.022415305191049
36200.0 4.714961 12.342667 4.880104469160449 4.584765981577115 3.306476089964123
36300.0 4.178127 13.378903 4.4166141230327325 4.052724395388608 2.868192027907154
36400.0 3.606277 8.048533 3.9101315236125656 3.675591971745256 2.9354682407737642
36500.0 4.342495 10.909895 4.696471596905922 4.305087512640072 3.0979165290389874
36600.0 3.812304 9.299422 3.9826696978486744 3.8054303495204773 2.8311267232072113
36700.0 3.828459 12.707524 3.88543678041734 3.624255097190547 2.7472734728804014
36800.0 3.487838 9.587056 3.895099614605674 3.532469703460184 3.2215062504683583
36900.0 4.248240 10.692242 4.435839839909971 4.132293096231397 3.0412847037283184
37000.0 4.409991 10.545451 4.91296296229283 4.354299485087316 2.9745371822539135
37100.0 3.494068 10.947351 3.6858094939722124 3.380939033496332 3.1825129579242666
37200.0 4.534016 12.274078 5.022624553367879 4.462995099754689 2.893499816879576
37300.0 3.294381 8.249483 3.8604415581295037 3.3730984406216176 2.976270454213284
37400.0 2.921114 5.602737 3.7201931022272374 3.167681843650884 3.136261588809257
37500.0 4.634397 13.804306 4.482202183043563 4.4521629118702855 2.59626599257481
37600.0 3.880915 9.288001 4.35650523270156 3.950409561862691 3.4720049714566
37700.0 4.598499 13.422855 4.965231212793624 4.558258872261133 3.168967306713633
37800.0 4.407797 14.237894 4.407442834842166 4.223829953130603 3.1423323220021895
37900.0 3.692686 10.878814 4.018841706126932 3.5980560146345564 3.0703279875290685
38000.0 4.046964 11.644098 4.375735037024393 3.935347667020213 3.1556643876221098
38100.0 3.944000 10.804492 4.1806422852563925 3.9195618841465536 2.986613321985848
38200.0 4.978793 15.595456 4.5290635033917095 4.519275097557077 2.9826355084569784
38300.0 4.312209 11.835902 4.854863060521686 4.324065390149165 3.3356556203371013
38400.0 4.017990 12.505833 4.799800715891848 4.124274622731038 2.878975195252784
38500.0 4.433640 11.357519 4.576344523358804 4.29784415700403 2.9917913787521906
38600.0 3.973721 9.658756 4.449205589731661 4.085483966861499 2.8442822407730697
38700.0 5.506207 14.735508 5.5546555626436005 5.223269750857923 2.8525743142014326
38800.0 3.711326 9.878137 4.235711350455194 3.804152700307085 3.4046002002511324
38900.0 4.023948 11.354840 4.298554526613939 3.9718567830234397 3.188750544270105
39000.0 5.320312 15.442933 5.220557989750185 4.975765272145581 2.9598433733047265
39100.0 3.688974 10.071741 3.9635283345071355 3.6739096713409882 3.002215785363342
39200.0 5.355068 15.088067 5.347809453818704 5.074968583843631 3.2604268575112707
39300.0 4.660800 11.408499 4.819106951138116 4.496124859161579 3.2286506990937185
39400.0 4.112046 10.508045 4.343171684582947 4.048749217474076 3.14910413325518
39500.0 3.823001 12.417543 4.059110258591053 3.6923098088152733 3.083117590896823
39600.0 4.123268 13.282390 4.256049428129764 3.8270729751726673 3.5146579633617745
39700.0 4.264805 12.575880 4.582132491198525 4.222536578997563 3.2679278429055483
39800.0 4.618994 10.512090 4.842778781808516 4.468889486832428 3.077087338873962
39900.0 3.677361 10.938233 4.332311369418243 3.75167412570638 2.603054482549283
40000.0 3.721006 9.310308 4.443231892201426 3.908376699756964 3.173083149139118
40100.0 4.772612 12.891044 5.10335877562536 4.687523667455729 2.6161509304832444
40200.0 3.143421 9.971195 3.69449473300298 3.252947531542271 3.077787746308973
40300.0 3.372317 8.301969 3.7658102903001947 3.391854513245455 3.260877553965504
40400.0 4.274522 11.620518 4.591350930021052 4.18982717993538 3.2169019607341123
40500.0 4.098372 11.312095 4.695010771833631 4.103147014495791 3.1206437795868225
40600.0 5.496336 17.916111 5.391155552129035 5.152380644068985 3.116987510163536
40700.0 3.865684 12.204655 4.055419833222623 3.6871510519915702 3.028035666400068
40800.0 4.208819 9.981039 4.36093517692162 4.101875521677622 3.1799002430597025
40900.0 4.247713 11.518931 4.90145801499243 4.33090507837273 3.2235745826149684
41000.0 4.852261 14.683784 4.658726246452937 4.500675401685848 3.247996971382096
41100.0 4.245511 13.207214 4.508428684551619 4.192192145867048 2.727181532879992
41200.0 4.031379 11.565560 4.454872673886728 4.019188384824413 2.9953572564068582
41300.0 4.737371 14.293541 4.8693626940082675 4.536273932956199 3.163915277459124
41400.0 3.990633 11.455069 4.249656171997646 3.964801399816408 3.1006946484350673
41500.0 4.059397 11.598136 4.353030909051616 3.962348199274567 3.270625064517746
41600.0 2.282241 7.458394 3.073780213225511 2.4733176283058995 2.9060495624329192
41700.0 3.176090 5.904921 3.8296705972883425 3.349586267486932 2.9238788324961487
41800.0 3.761524 10.632851 4.2098125325876286 3.740025682034223 3.0402871756133076
41900.0 4.515567 13.277589 4.979223964260173 4.399964785628817 3.1431412227148097
42000.0 4.440504 11.593493 4.7321416267960075 4.332882701333288 3.1770851928903183
42100.0 2.773120 8.437116 3.7039969341748455 2.9738388209375373 3.376854495965202
42200.0 4.531446 13.768229 4.61120910536871 4.345121886222071 3.244011838872908
42300.0 4.415076 11.243656 4.775123532052663 4.369763690876194 3.3189850025442293
42400.0 4.192906 9.908936 4.419021044440831 4.186401379446336 3.5899710639936306
42500.0 4.183739 12.447309 4.438743591089899 4.093658358351028 2.9110177310568948
42600.0 5.491244 17.261454 5.561899320076735 5.208252854579552 3.4554847171168017
42700.0 4.714088 10.444873 5.199861463100965 4.704386575303777 3.0737804959438626
42800.0 4.934146 16.482056 5.138170701136915 4.782128518994414 3.1605100373091224
42900.0 4.710558 13.121231 4.956855139022683 4.594005284638372 2.9394685685343775
43000.0 4.608196 10.881351 4.699257943569988 4.423598555840075 3.093710505261512
43100.0 3.866294 11.534939 4.554522157774214 3.9665626265076277 2.995163244546045
43200.0 3.925703 9.140943 4.574921929738896 4.019796199073377 2.8480662431856416
43300.0 3.782429 10.714992 4.319818430346382 3.837487776571281 2.91927144090336
43400.0 4.225353 11.460011 4.291971755608603 4.107742159500321 2.74745955185429
43500.0 3.808422 9.377916 4.452616221728298 3.9143223404257736 3.1067171004087397
43600.0 3.632187 10.512182 3.9080511810803853 3.52064225645057 3.6213322192421455
43700.0 4.481762 13.713162 4.918915688682584 4.464889169860307 3.316053722622472
43800.0 3.647237 10.315297 4.141745601923767 3.6969499509099832 3.156812734390255
43900.0 4.650263 10.691855 4.857530651258665 4.66159855662605 3.0478311698070644
44000.0 4.070812 8.393979 4.507929747769627 4.1033971405329295 3.088792279761005
44100.0 5.402027 15.113387 5.240569735757986 5.0414242487784895 3.219853946052115
44200.0 3.958396 11.809119 4.433266043822887 3.988011833393435 2.9874771367573985
44300.0 3.949612 14.234386 3.8694993892501026 3.6488621743291727 2.8184518609223805
44400.0 4.894990 13.939850 5.147478236093912 4.698969676215507 2.9787378870600247
44500.0 4.361035 12.043719 4.557981283885799 4.1585671546545875 2.8332351457205633
44600.0 4.035858 9.734802 4.65585153699184 4.141213384872351 3.2038490559702226
44700.0 4.119676 6.937638 4.428507954341811 4.129867357859719 3.130600002412848
44800.0 4.971134 14.066009 5.27068455196113 4.792042835870679 2.891495176525684
44900.0 4.189187 11.236118 4.563367012835255 4.160285310492297 3.505078374112259
45000.0 3.263212 7.788812 3.606243816313204 3.2910954282562104 3.3703950045929423
45100.0 4.784554 13.464185 4.984336257932902 4.642436218527013 2.75715201231907
45200.0 4.347311 13.435011 4.702609240355094 4.229286133075233 2.6399094472142184
45300.0 3.599099 8.583563 3.8273683902354305 3.553575371062998 2.977486655553277
45400.0 3.444189 5.279443 3.777023672500584 3.4525533315227945 3.006629370276298
45500.0 3.147125 9.213585 3.6443523551731745 3.1876667233045572 3.1610194412345973
45600.0 3.226827 9.851399 3.5463162225563885 3.2075716112154526 3.081626589125122
45700.0 4.158442 9.338807 4.398971990875692 4.047889869051391 2.958245134849761
45800.0 4.126272 6.900268 4.276874722820757 4.038745614646805 3.3241784145781157
45900.0 3.248970 7.387165 4.189784027171512 3.509079754683067 2.8746675134636903
46000.0 5.287962 15.272702 5.111639520810709 4.9430339545332345 3.21944809524088
46100.0 4.342072 13.213281 4.761009029848079 4.269192661137382 3.0022752621771778
46200.0 5.135315 16.364898 5.48489570761012 4.898147996936465 3.2873369097513745
46300.0 3.278642 8.587223 3.9082810676715805 3.4388095800937197 3.2547518109512015
46400.0 3.639239 9.095089 3.9954040604187835 3.593960730167317 3.3815408481271
46500.0 3.778996 11.578934 4.20050249455123 3.8024035831344767 2.934093519330103
46600.0 4.392522 11.554862 4.388354471043991 4.17530127774476 3.1378210965246733
46700.0 4.260381 12.040522 4.807421281404234 4.341127407786692 3.2346553337796866
46800.0 5.466873 15.727474 5.404149103392313 5.217920731567959 2.879899251971274
46900.0 4.643274 15.400010 4.952014918961014 4.52664729663706 2.985619618571842
47000.0 3.051330 7.464440 3.2054950029766287 3.025428604285886 2.821816450376361
47100.0 2.887405 9.088124 3.63873865336349 3.052814152499912 2.8898162521627007
47200.0 4.829444 15.275738 4.849142512063694 4.508994451503627 3.3012111847892323
47300.0 4.520382 10.155112 4.3694843386995 4.320197811586078 2.8942198230085854
47400.0 3.872667 10.500601 4.1877547606807966 3.816222226685557 3.704062806971061
47500.0 3.536437 10.995440 3.942745500826104 3.5708020478673506 3.026858185470094
47600.0 3.245931 6.286749 3.662887353646599 3.316267381921471 3.3584118827911498
47700.0 4.194355 10.490487 4.60169080190944 4.216254823343574 3.4708962399955383
47800.0 5.275958 16.319784 5.417880020591858 5.016669187007161 2.997104501966748
47900.0 3.902595 13.539518 4.067695979066885 3.7512351077939496 3.075952865388215
48000.0 3.688076 10.082554 4.147959657518994 3.7298486051212962 2.727009195034221
48100.0 4.532702 12.109238 4.7577410490033465 4.416536759544039 3.214700844435727
48200.0 4.759219 13.303072 4.60920452724779 4.342671599496338 2.754855280380904
48300.0 4.005441 8.710641 4.2203064531578685 3.855581108382772 3.407741558527538
48400.0 4.028851 9.650382 4.550102273688917 4.040149862897926 3.2033001513279062
48500.0 3.068730 8.777301 3.5025856317464945 3.0714261832859515 2.8938340830778704
48600.0 3.506917 8.721367 3.9950288750000285 3.607017445937008 2.9302758710894365
48700.0 3.578080 10.677635 3.981801388071408 3.5690929513919465 3.6465962086179644
48800.0 4.766100 11.168004 4.828591808522828 4.5547188326658885 3.298491914719554
48900.0 4.644821 11.256502 4.9942847709776625 4.548236786958276 3.053851035232732
49000.0 2.989310 4.984181 3.5922532741445767 3.1697147863843043 3.094971722196296
49100.0 3.634330 9.334014 4.116539611520714 3.743096017877132 2.9392993782055745
49200.0 3.605666 8.512200 4.284702085030241 3.721086673483218 3.0193505467438966
49300.0 5.092975 16.424476 4.927986753162892 4.703428532697059 2.8791326809849886
49400.0 4.591945 14.093269 5.136688717563979 4.605761901569147 2.731267519206007
49500.0 3.563931 11.776495 4.047692927868261 3.499265709424994 3.092573167768756
49600.0 4.347294 10.764554 4.36791127663711 4.232908686429137 2.6910236951140964
49700.0 4.118342 10.987931 4.210961651090926 3.913252499626358 3.140839657460515
49800.0 3.936788 9.472373 4.196852096480023 3.933866344488783 2.9532229860779027
49900.0 4.201752 12.454379 4.617306869722453 4.1955400664254565 3.20843141471768
50000.0 4.345164 11.943123 4.3083568230762275 4.112721063781666 3.251125184828637
50100.0 5.429905 16.870627 5.710552544891565 5.294641988537003 2.989166223280677
50200.0 4.508518 14.018091 4.611659009117044 4.3222081459064965 2.8138461565740425
50300.0 3.611333 10.541920 4.359752968587296 3.7797916917098204 3.2472552293709405
50400.0 3.982269 10.741932 4.397802071559392 3.929350158227545 2.8854360432293578
50500.0 3.305689 8.291389 3.781408799162782 3.2542236148711288 3.2180141667871927
50600.0 4.547769 11.157054 4.6601668525685565 4.410064305239785 3.350920345813636
50700.0 3.727951 8.932021 4.240121804400476 3.7859626545467515 2.7857486111812695
50800.0 4.788580 14.659459 5.193202213324413 4.698135128940483 2.924092276065421
50900.0 3.199818 9.606665 3.7403054479625797 3.30163539030923 3.067630935033181
51000.0 4.831388 13.226747 5.009829098545476 4.644347320812845 2.959012527749277
51100.0 3.858632 11.184858 4.411415050138883 3.868544290038496 2.9488118390669706
51200.0 4.581655 14.650880 4.774523939087996 4.341998420864914 3.1794585201283243
51300.0 4.562000 14.512515 4.556402078608843 4.343898401961631 2.742956218888664
51400.0 3.795131 10.741740 3.8016008222410296 3.6189447697211867 3.0856756493406663
51500.0 3.904963 10.813346 3.9849150510891067 3.7484148304014897 2.9203090787423105
51600.0 3.646157 11.339907 4.240809476269933 3.708880034667449 3.097003025030629
51700.0 4.488455 11.904896 4.739144248915625 4.431323586925767 3.330831845455417
51800.0 5.047980 12.360344 4.73493922375239 4.70138707389023 2.9511566853287223
51900.0 3.619009 7.983744 3.728810615017383 3.5621315997091063 3.1689957553863346
52000.0 2.932277 4.469635 3.587044233690247 3.052003918659506 3.4085951893646342
52100.0 3.510335 12.010379 3.772698808655816 3.380994661341671 3.1161364412812484
52200.0 4.566197 11.638441 4.449536999229342 4.306423549826284 2.8993163483635036
52300.0 4.503929 11.021009 4.481088668590595 4.337174892037226 3.069834582420283
52400.0 4.313122 12.675955 4.89974272772344 4.341630138469834 3.3705851019462343
52500.0 4.023385 11.563246 4.389128126814005 3.9955187044935396 3.2395494444380386
52600.0 4.871194 13.604813 5.01973442608271 4.67872049487826 2.935607095381972
52700.0 3.538499 7.778965 3.8101618948721927 3.4638113435190743 3.2168098377919505
52800.0 4.984645 13.566846 5.10681050002932 4.831981689769214 3.0703178031721468
52900.0 4.329612 8.558234 4.674496545747021 4.298037294461138 3.2307881076929172
53000.0 4.017679 12.720736 4.488036628072949 4.009755393194652 3.0111119667898896
53100.0 5.415049 15.268697 5.634816456330912 5.191233575166742 3.1254231049110115
53200.0 4.102842 11.377706 4.541337576081889 4.0631879667746 3.3699898377353983
53300.0 3.662336 10.280893 3.9903992459759574 3.749637508204749 3.4818190730332135
53400.0 3.922852 10.499105 4.236951457102731 3.8397997875143677 3.011900371441224
53500.0 4.513123 12.424516 4.687822249431313 4.398438032878903 3.1326692564971066
53600.0 4.988897 14.747271 5.11881534503659 4.784258166584007 3.0495261182441395
53700.0 4.107459 10.223142 4.4915876824375465 4.053989719647438 2.9792333919281986
53800.0 4.297872 12.333865 4.396221354321162 4.165105359982218 2.882216679374485
53900.0 2.945387 7.367942 3.425542459988214 2.951059583762496 3.2334414208419155
54000.0 4.448999 14.012900 4.8749698258523475 4.315983215956115 2.9013345248500833
54100.0 4.272726 12.819646 4.6796727733348185 4.281449405512537 3.2753277191642707
54200.0 3.579829 9.789358 3.716154638618073 3.475276449658905 2.940171301509108
54300.0 3.806034 9.809679 4.229953777943066 3.7871742625900553 3.520845481237974
54400.0 4.106460 9.420764 4.275958573362631 4.128400995514447 3.2089549996982165
54500.0 3.952411 10.440279 4.206782302066086 3.911524512470086 3.0216001004412814
54600.0 3.940373 12.674803 4.290717174983644 3.885509311662788 3.093304477117661
54700.0 3.293482 10.142121 3.6848714582616697 3.288914511051333 3.1905016574912954
54800.0 3.733414 11.690430 4.034863738163222 3.6215189077399876 3.169596636862377
54900.0 3.216136 9.874907 3.6211618052109786 3.244361512759294 3.327638650684007
55000.0 4.209320 9.217371 4.254354434156133 4.114938067685807 3.046494203564443
55100.0 4.550025 10.596521 5.035239258232177 4.568381456138899 3.363483071474243
55200.0 4.238951 11.459641 4.595238262271048 4.204060289832619 3.1191234545103628
55300.0 4.960595 13.656566 5.104150801087457 4.749303942039742 2.9659915693281866
55400.0 4.966902 15.328614 5.046969438914504 4.80853398281366 2.7994810763737408
55500.0 4.527949 13.390429 5.129594679666599 4.444931498140586 3.1187379681522414
55600.0 2.989005 9.414851 3.415012490066952 2.9455083891183675 3.337526522621918
55700.0 4.145731 12.755460 4.461258886603483 4.035531639586053 2.8860384102946024
55800.0 4.760844 13.722406 4.7240805639103565 4.399515628070415 3.238231004288183
55900.0 4.726813 14.245699 4.923094123514827 4.560882810878513 3.0509120739058337
56000.0 3.858691 10.097432 4.553536661292611 4.028961051420581 3.151185523214227
56100.0 3.238173 10.145406 3.5912559690912387 3.188241357198664 3.0762623413059926
56200.0 3.212535 9.113950 3.6399037190293226 3.2428961606214055 3.5362965191119757
56300.0 3.036332 9.921170 3.555945523799069 3.0690871803399826 3.0436233474043726
56400.0 3.263268 8.980279 3.6633332860527315 3.155099897067138 3.1025273132360467
56500.0 3.923224 8.258830 4.3639262212627905 4.025902580606063 3.2728116677357395
56600.0 4.338786 8.793853 4.5876148187905565 4.24833898141078 2.8826107691987657
56700.0 4.749863 13.914677 4.802550710634256 4.482153444335758 3.038435176376584
56800.0 4.912333 13.876288 5.018798293602381 4.77758250055319 2.96226825272587
56900.0 3.910264 12.272026 3.9334619922468774 3.7238695957627543 3.0547966695783093
57000.0 4.906254 14.883696 5.317204861370481 4.830162808210239 3.0368675951555852
57100.0 4.304945 10.695112 4.640863937220254 4.148398376782038 3.0787993730932564
57200.0 3.987243 13.287189 4.24715406769519 3.861471045106054 3.149666341311729
57300.0 3.830160 6.567172 4.188348895605651 3.909413970641867 3.026684481689128
57400.0 3.364994 9.138568 3.774602776796824 3.3867015405225414 3.167128972583615
57500.0 3.854770 10.460749 4.389787767854975 3.993921926017893 3.2605397483731156
57600.0 4.872004 14.020254 5.0135154142685545 4.688397249310768 3.010265094764237
57700.0 4.681142 13.441515 5.171931219044666 4.631391571256219 2.7623418065455665
57800.0 4.073742 12.096295 4.384999638603072 3.958491244864852 2.8679084076880845
57900.0 3.719584 9.576642 3.889422186232401 3.5789699470143073 3.2714613527822953
58000.0 4.750387 13.955775 5.346072311394406 4.701432354168758 3.2680020739119398
58100.0 3.169981 5.329522 3.6543858067093224 3.2071724850693664 3.2721609129608016
58200.0 3.186144 5.938132 3.6143449611903717 3.2926554509379615 3.403878871229885
58300.0 3.204524 6.334010 3.5694881864362658 3.2402753839202867 3.1484181346790168
58400.0 2.731603 3.489379 3.649016866811421 2.957860980514612 3.1251893776844333
58500.0 3.799700 5.903237 4.346490383993858 3.967533303622385 2.844543313451025
58600.0 3.939179 10.419484 4.4592330393159525 4.040233802519676 3.133555601666258
58700.0 3.156482 5.535929 3.6603520078186573 3.211897670848609 2.9987520057772215
58800.0 2.929742 6.744473 3.5071906461527167 3.1272115248391192 2.8912464986398203
58900.0 3.218414 8.810950 3.692440798099416 3.2676138699752166 3.135981255598141
59000.0 4.729093 10.460985 4.8598037924244 4.5584813763508025 2.991258902091745
59100.0 3.719674 10.767331 4.089494872807254 3.6269748871724787 3.374091892244687
59200.0 3.686289 10.399525 3.9823550206896896 3.679891250383157 2.995693767561013
59300.0 3.113935 6.192134 3.8142691747782327 3.226251451706729 3.2093202845819677
59400.0 3.035084 5.668739 3.730042929005834 3.2147671078228686 2.9093373854371207
59500.0 4.513337 9.692313 4.780425142484434 4.4741916267737425 3.1057284988538845
59600.0 3.235771 8.132559 3.722006412326239 3.3893677436892546 3.207864679753387
59700.0 3.705858 7.569875 4.076107524892211 3.763958799481071 3.121995254817894
59800.0 5.349843 14.419907 5.569936693694318 5.142185047041384 3.015795702523237
59900.0 4.252917 9.949876 4.694527704982416 4.315499564700329 3.22835968874104
60000.0 4.935840 15.728762 5.085878708666932 4.822355921414078 3.050870397496105
60100.0 4.044679 10.039816 4.606874690690854 4.018765857610658 3.3410329679940745
60200.0 4.242181 8.874741 4.731111225457993 4.270094196940303 3.291182088194164
60300.0 4.351867 13.819966 4.3987284232656245 4.1626940245194985 2.924361922829798
60400.0 4.359596 10.861201 4.463480669297146 4.197209818644873 3.2570250338091244
60500.0 5.244513 16.072249 5.360990332704775 4.993724205665215 3.096075106718706
60600.0 4.685463 15.510258 5.142706243479556 4.624274444473014 3.000908457022496
60700.0 5.179129 15.013623 5.091833373383367 4.823359216441061 3.2121251374470656
60800.0 4.066628 12.699665 4.227917223437301 3.8982641977414345 3.1185373879069873
60900.0 3.506836 7.711363 3.842512679631085 3.4824985571056093 2.8608528322833235
61000.0 4.101817 9.246566 4.267039217592145 3.936489413458921 2.8856854315971363
61100.0 4.848511 14.698671 4.819283242496383 4.4702420674049925 3.3828196953852943
61200.0 3.794287 12.214285 4.080552771462021 3.7003047147356707 2.659074494085995
61300.0 3.711836 11.363713 4.3156816320020255 3.8562904413067898 3.311491150847717
61400.0 4.069432 12.728745 4.630954484401689 4.102422750094797 3.117314594017513
61500.0 4.099524 9.796179 4.234649789466649 3.944756186375114 3.2627224467655718
61600.0 3.442658 7.723010 3.9998957125450594 3.632018389874671 3.099507191033908
61700.0 4.338322 9.668756 4.73999218980206 4.468926647968116 3.0408938662348524
61800.0 3.053737 8.099479 3.787518889947182 3.291188545637339 3.1997768773411126
61900.0 2.702958 3.227321 3.3533445107681774 2.852065960077226 2.997452445935094
62000.0 4.153075 11.495767 4.448549040330986 4.068114622550635 3.0163611746253856
62100.0 4.879688 13.739753 5.0687040306182904 4.724262625431663 3.109955886410957
62200.0 3.179679 5.048825 3.5847528573914684 3.3179280281488714 2.8971527910786707
62300.0 4.204307 12.231192 4.596207983876688 4.17299581228873 2.972234304842716
62400.0 4.081981 12.809892 3.79742612427449 3.696055580517321 2.929122444477545
62500.0 4.966218 13.100872 4.922045347558698 4.73995167543291 2.920790272427243
62600.0 2.602475 9.660558 3.2118841911213867 2.670896110441067 3.4987737926274205
62700.0 4.236540 11.377045 4.3137713499576 4.013401301669356 3.2165234932882507
62800.0 4.575905 11.852312 4.829652025415757 4.484073261925978 3.0546255492637835
62900.0 4.073622 10.998559 4.062879700354664 3.937005734433688 2.758993081967404
63000.0 4.185579 8.868569 4.837790673726124 4.383369645055435 3.2559956776269505
63100.0 5.243201 15.365370 5.736318311104912 5.231502531617343 3.0085357309401513
63200.0 4.239755 13.067281 4.504821736182509 4.16609137971691 2.8994878363309615
63300.0 3.541608 7.677169 3.9651601397564145 3.5746201699366016 3.646687804467694
63400.0 4.512682 11.906782 4.713297016836879 4.348319439203628 3.1728959568565602
63500.0 5.672997 15.859316 5.727503975354019 5.384447796929991 3.2756225393763527
63600.0 4.128139 12.306761 4.51470613383489 3.9952735524569984 3.4113271708816386
63700.0 2.708005 7.660982 3.637829302797316 3.0143276879161713 2.986120470389347
63800.0 4.692878 14.608420 4.740746389174453 4.487886864580194 3.0307570823696817
63900.0 5.278753 13.236365 5.275663027011394 4.940951470914465 2.755678620601446
64000.0 4.731797 14.091127 4.901580019422859 4.5838938499783675 3.0687935747842556
64100.0 4.626672 11.826328 4.842199846269376 4.55122983758507 2.984458289910718
64200.0 3.902297 11.609434 4.2246859150068605 3.823517376271107 3.054065725945309
64300.0 3.777991 7.576191 4.045700836173138 3.763389354730493 3.0021298864913653
64400.0 4.269830 12.358173 4.929699973248931 4.362185654406267 3.396693816541497
64500.0 4.150267 11.382625 4.455978787862066 4.099630565881732 3.3067341962649848
64600.0 4.551978 10.854621 4.823513183865435 4.47390928360545 3.1956991439335756
64700.0 4.479110 14.753698 4.8457846268169 4.311066697276555 2.8640320761865263
64800.0 3.791491 8.981672 4.511209462175801 3.886273180962194 3.119212260210302
64900.0 3.613478 8.754168 4.110199395924183 3.7077518126453297 3.258397246760824
65000.0 4.589108 13.723556 4.597954551217428 4.339503658871434 3.044397221649781
65100.0 4.643518 11.877789 5.045416776074143 4.5840449659002385 3.2065223579184927
65200.0 4.340274 13.725285 4.498962987222419 4.049093962379741 3.5839417656268093
65300.0 4.377080 10.774654 4.243915711805629 4.179812970306747 2.901060901352535
65400.0 4.342155 13.452688 4.745281610406746 4.279459209180412 3.2450592907631344
65500.0 4.061136 13.691015 4.315167799340337 3.906136937047039 2.9001621742681443
65600.0 4.868047 13.546526 5.178103714857054 4.759707642301377 3.3700550943608345
65700.0 4.694337 13.000312 5.137406823973364 4.650511537589382 3.090712194331873
65800.0 3.464484 11.949019 3.9735940409141164 3.526722959704011 3.0468737229573803
65900.0 3.356968 5.833221 3.878519053866541 3.447644500272133 3.4597798561397735
66000.0 3.161357 7.211298 3.746709610558064 3.364810344396337 2.989108647410231
66100.0 3.935286 10.823684 4.334061289799411 3.924314855861409 2.7419514212816924
66200.0 3.833606 8.628721 4.424476282026421 3.9065594081645085 2.864413224929812
66300.0 4.651699 13.932359 5.144691130367477 4.637509251189466 2.8669706743733356
66400.0 4.196973 11.899757 4.547270970236165 4.1215246506457675 3.0996060574863207
66500.0 5.219846 14.006958 5.519386207978774 5.057379525981738 2.921983600336596
66600.0 4.462840 13.065882 4.799259195126101 4.432763298613074 3.396448843954921
66700.0 5.240673 15.289525 5.475559470972113 5.061330859164337 2.8898891758503202
66800.0 5.088393 14.412108 5.210486987808436 4.81077419651262 3.2297580408897755
66900.0 4.640924 13.063445 5.022631084951369 4.53770418557844 3.118965856056823
67000.0 4.239428 10.565791 4.39488583315077 4.1520026844487505 3.1172800435717947
67100.0 5.733642 18.277390 5.84953856615447 5.45096567475148 3.2309688369147262
67200.0 4.993600 15.180142 4.7874811374256 4.693811693016827 3.3243263704089077
67300.0 3.602856 8.702795 3.9165160599502484 3.525872103224542 3.425057612936722
67400.0 4.618498 11.258828 5.158650607524568 4.682859188442062 3.143211871422508
67500.0 4.339767 10.747366 4.952070627018848 4.390634728732733 3.483072677226703
67600.0 3.676303 6.546970 4.107414589261141 3.7615622673606928 3.0082212853269406
67700.0 4.417397 13.221289 4.627651121436785 4.225821284627786 3.0124233520585277
67800.0 3.625543 9.740209 4.322620198392978 3.7573753651134525 2.8183623005673715
67900.0 4.202807 12.777443 4.459865252417453 4.152769385848937 3.27071244917519
68000.0 4.095532 9.159615 4.5696453329162985 4.2045542344175475 3.116746597088772
68100.0 4.277922 11.144090 4.4358418577765635 4.104725499651902 3.405439426778791
68200.0 3.184174 6.582923 3.7493075935227056 3.284126991324799 3.35941763013629
68300.0 4.409344 12.056082 4.339658771911725 4.1717810526314025 3.213442663905094
68400.0 4.258372 11.933495 4.739000142600604 4.210089078204243 3.002786910387675
68500.0 3.458377 10.188329 3.952055213158461 3.546509652452342 3.144578727507005
68600.0 3.031441 4.522710 3.4653704662683826 3.085115317224233 3.0480476210362593
68700.0 4.879221 14.417442 4.577718559275163 4.505120598742569 3.0571190027471036
68800.0 4.782055 14.682443 4.700889586535003 4.5020761433279395 3.3528617144073682
68900.0 4.483925 11.821584 4.8790675178392355 4.409866564375069 3.1793020844312783
69000.0 5.120156 14.821372 5.13113038701025 4.794593900423953 3.0572186965516424
69100.0 4.007412 14.054503 4.151855302398468 3.8904332666133836 3.044878019463451
69200.0 4.074400 8.439156 4.716346898344614 4.217798052012484 3.1616900526327205
69300.0 3.889527 7.749904 4.312508499224387 3.9127944347462833 3.3706914208577765
69400.0 3.661153 8.680370 4.132029885796449 3.6695846096255886 3.3722280261717783
69500.0 4.385179 11.536464 4.919692704684752 4.450867114365074 3.1523732949770715
69600.0 3.704630 8.060031 4.122360520249072 3.6170036913236467 2.9786529178325085
69700.0 4.173018 9.879463 4.426980891047608 4.13879636113479 3.3707029737102165
69800.0 3.227491 9.680817 3.6897411779030147 3.299644042082913 3.002773340209118
69900.0 3.495980 7.044105 4.044288406427261 3.6112148100156407 3.0923451940248876
70000.0 4.433218 12.653780 4.165098091955475 4.144630165955177 3.1673886185341704
70100.0 5.382215 17.162000 5.4396852961279345 5.120688557822761 3.1365540485313397
70200.0 3.544506 10.170974 3.839124036156172 3.4595890878757687 2.812179032734836
70300.0 4.406842 12.705437 4.683577945992999 4.258188674218363 3.1467347208276313
70400.0 3.906241 10.820663 4.061469330718911 3.8443779190187124 3.3171055427109106
70500.0 3.670535 11.370024 4.087924251321845 3.5815670467543206 2.9904064569901636
70600.0 3.195081 5.931674 4.120172294956278 3.4813936220574186 2.9317134773563036
70700.0 3.567811 9.576862 4.037435072196301 3.5598252997005617 3.1265452670792584
70800.0 2.958413 8.344775 3.955436521038606 3.218095560273265 2.730278226342452
70900.0 4.093543 11.366370 4.500907139558544 4.111249937277033 2.936631540486611
71000.0 3.926668 12.942878 4.1985210891030205 3.862684493405931 2.7863452387986696
71100.0 4.409006 10.974253 4.966697117322993 4.434118343016118 3.0756508272033445
71200.0 3.255413 9.884322 3.97588035737841 3.406042415385885 2.9822598538891896
71300.0 3.881634 11.847275 4.501882596642434 3.956972072285091 2.9992338166817962
71400.0 4.530088 13.837111 4.919969468742062 4.4885833040014225 3.175310297911001
71500.0 4.364717 10.019396 4.925566417129918 4.455781479380127 2.8845524856950506
71600.0 3.064027 5.579580 3.860294234629286 3.3249037123440717 3.0305165740742415
71700.0 4.037491 13.283552 4.359473907691271 3.856839924667363 2.899688657507369
71800.0 4.497594 14.345328 5.089460777653669 4.466501010618121 3.2107684818539766
71900.0 3.857982 8.885074 4.070033827326661 3.8187768707069965 2.942009047596067
72000.0 4.637293 14.084056 4.847055813004435 4.4455477085884905 3.2314973578440402
72100.0 4.568947 10.200849 4.76667166001224 4.454466700505454 3.1964336639976905
72200.0 4.190424 12.633337 4.501204258613871 4.106005649061146 2.9723124576279445
72300.0 4.871039 12.868920 5.21843600756231 4.7709395760942215 3.0445098783629083
72400.0 3.467824 8.546491 3.933297751923279 3.5574564041839998 2.826107860549117
72500.0 4.516909 11.152803 4.595597116570282 4.424314038728136 3.1516227488839506
72600.0 4.751303 14.108310 5.224589787106238 4.668614580943125 3.2601140346664224
72700.0 4.824962 13.895510 5.085231332407131 4.586846435052731 3.1470762123406275
72800.0 4.974464 14.305762 5.170257094382211 4.68320910355813 3.26500910260731
72900.0 4.369362 12.728291 4.66104911622482 4.2928025446230365 3.036690822386521
73000.0 4.306245 11.173395 4.616826643308751 4.228203402900496 3.2489249766597785
73100.0 4.334232 10.984696 4.503626085351144 4.210627399568207 2.8062303187296442
73200.0 4.421942 12.141465 4.53626546845765 4.240220517576601 2.969226982049764
73300.0 3.765667 8.582483 4.1107940099484885 3.8303467479199953 3.115011208816708
73400.0 4.708896 14.311860 4.92602315911535 4.5520721484699065 2.5818956586192763
73500.0 5.006098 13.984480 5.057941709201108 4.761151409142065 3.0871857096607127
73600.0 4.099475 11.053598 4.656856480329583 4.160361520780243 3.3599673904187126
73700.0 4.240861 10.343675 4.647252108712971 4.223853078833183 3.4376143168395155
73800.0 2.799287 3.887686 3.6578111135394975 3.0772720213832265 3.15183760849752
73900.0 4.200108 12.214144 4.313034340143865 4.009668743330919 3.1251077935404226
74000.0 3.510109 7.784613 4.237408365767817 3.643686143999788 3.107175274233591
74100.0 4.674859 14.862960 5.071439183882554 4.518405368904509 3.345816834943314
74200.0 3.692815 12.258399 4.3459594946485005 3.767157045251852 3.268467466869741
74300.0 4.371429 12.029976 4.819197182405134 4.310909392752428 2.908613114700302
74400.0 5.278540 15.393397 4.95656005220096 4.815425613533523 3.12564169284867
74500.0 3.691678 8.786136 4.388085731312342 3.762635131628652 3.2685627051610444
74600.0 4.116960 12.674122 4.365295667159931 4.0227520644893495 2.863947441627111
74700.0 4.898889 15.761191 4.840655422923059 4.514742306435857 2.850871442014907
74800.0 3.982305 9.370309 4.414868930932528 3.9300980060728596 3.1973025249420255
74900.0 5.502215 15.881696 5.338525704575235 5.140825431445237 3.4331588924919596
75000.0 4.253364 13.113164 4.528296766289837 4.111830574070115 3.124714930547742
75100.0 4.488754 13.971672 4.845004346428483 4.411716065694135 3.024711766750873
75200.0 3.565333 10.802878 3.9963257885886794 3.5051466536627993 2.940191440515695
75300.0 4.404880 12.830085 4.925478136614924 4.454682087345699 3.26895676283002
75400.0 3.909711 9.979282 4.080574622624559 3.8233532813494144 3.404700266898019
75500.0 3.079058 10.570667 3.8439042252109292 3.1799709168568557 3.0265587712067457
75600.0 4.863798 14.763317 5.315839883050615 4.815942929297765 3.2242872703265903
75700.0 4.973222 16.344941 5.194861424857919 4.746353390354954 3.2925454888690546
75800.0 4.818085 14.371352 4.944279554741188 4.5909920422151345 3.2028810822513156
75900.0 4.174402 14.550897 4.536972195138068 3.9881736018096277 3.180409775945379
76000.0 3.725021 9.502343 3.9301037342211913 3.6278294680902783 3.2959497962919073
76100.0 4.046756 7.626376 4.533901889067042 4.14279873564799 2.9545523543732632
76200.0 4.165384 10.167631 4.321789290263475 3.9367685719339036 3.049593530733889
76300.0 3.786187 8.631442 4.09593610580471 3.7451107748680017 2.984192500289411
76400.0 4.093510 13.923288 4.3077892633931265 3.9293729971865927 3.1768544895327153
76500.0 4.805024 14.416730 4.648765173067071 4.412917694120513 2.8339510739527345
76600.0 4.441943 13.076053 4.874103679331152 4.384022010622188 2.9915082808436675
76700.0 4.671225 13.467862 4.974437659404007 4.583713818711425 3.057759575157249
76800.0 4.448228 13.742446 4.752824684409786 4.4088849342908665 3.4181535024589844
76900.0 3.960126 9.164089 4.677953016986346 4.157116073921189 3.069496679714659
77000.0 4.081537 11.167087 4.2768623343628445 4.000689618438268 2.7064705765599
77100.0 3.643292 6.366081 3.647344649357652 3.515784767554318 3.1527762381373465
77200.0 4.010516 10.857501 4.397652234988609 3.9791824768591337 3.1741432106792336
77300.0 4.249531 12.437041 4.521940829963183 4.1176172581059935 2.9748010449599134
77400.0 4.284925 11.548585 4.332643360958336 4.102609544875468 3.1369530276699495
77500.0 4.445392 11.562268 4.59167790693823 4.353004907624798 3.2501476625821946
77600.0 3.775122 7.723840 4.108336944320678 3.809527867760518 3.1500037017737674
77700.0 4.432347 14.036986 4.683475886671901 4.319920478834128 2.7059760076803383
77800.0 3.449539 8.493759 4.072244342735919 3.448324672042288 3.0266434526973973
77900.0 3.760485 9.823710 4.215522868500921 3.827860832467033 3.5392262752555816
78000.0 3.219358 9.483524 3.7743278336226185 3.289981877015568 3.479730696879964
78100.0 3.165847 5.896690 3.5853209967430617 3.189459554274597 3.0856630504475837
78200.0 3.718695 9.273997 4.415105693512747 3.8552847183214327 2.9521567917008884
78300.0 3.045329 8.834040 3.499939329919323 3.0992933361302777 3.3346566777405187
78400.0 4.458306 14.452343 4.496315286977072 4.220015603109483 3.0754416789294723
78500.0 4.521248 10.276532 4.275477722031989 4.232988225085105 3.095487741649054
78600.0 4.593087 12.459268 4.636724748074911 4.3848281694821045 3.0401961634551764
78700.0 4.438933 10.254877 4.690808558226668 4.411821396670906 3.1489926932423145
78800.0 4.494412 12.644747 5.04475952519711 4.5067034466705 3.373723337508667
78900.0 3.828548 10.572855 3.9419617268827385 3.6752626549468994 3.0090832181847675
79000.0 4.068163 11.174308 4.745827558758842 4.175403071952541 3.4175504760125497
79100.0 3.920778 11.424787 4.4144598732680045 3.9577020105301397 3.2112329054852995
79200.0 5.210088 17.236175 5.127106768403619 4.8635217183024695 3.324844971462598
79300.0 3.244696 7.379606 3.7005396290158155 3.356334030470465 2.995188686275338
79400.0 3.920165 8.115499 4.502286731225806 3.9670082629099874 3.3015650796242806
79500.0 3.529703 8.802281 4.03420680993671 3.5586977381522975 2.9783062595164784
79600.0 3.814281 9.925165 4.157844798640674 3.7513546325992637 3.123644469976947
79700.0 4.367414 11.798495 4.878061543222577 4.36116035652193 2.9834008253836566
79800.0 4.967550 11.559109 5.074460605706174 4.749873822470911 2.797152694216939
79900.0 4.129115 11.947210 4.255274141793954 3.928009567256804 2.960357949831716
80000.0 5.364057 15.998026 5.556042803645475 5.122875841612584 2.8541230220520837
80100.0 4.177869 11.981861 4.490556231564544 4.092721615075301 3.2790555989310866
80200.0 4.369559 12.544803 4.914496837424636 4.389569324586149 3.1708953885693747
80300.0 5.022692 13.903132 5.32981549237343 4.8685618394753485 3.48062739622161
80400.0 4.278612 12.895236 4.9027771052149784 4.231261178892921 2.978545776875122
80500.0 3.369623 11.691844 4.061844005630808 3.408392179312094 3.1490992708146064
80600.0 4.258256 12.611427 4.68020900492865 4.2246864284035395 3.5256884162114277
80700.0 4.198223 13.240456 4.665607225737845 4.082419986310159 3.0882956684309724
80800.0 4.704243 15.130347 4.924697060710608 4.572662507066731 3.149042618087345
80900.0 4.809037 13.537818 5.001957916854657 4.623475519315154 3.1857323376103484
81000.0 4.620122 11.517834 5.0059036781748 4.5377092713224405 3.1791669166049896
81100.0 4.905464 15.138267 5.142617331403861 4.757963353876749 3.248367978681843
81200.0 4.196055 11.971197 4.581711920227339 4.155569042170766 3.0305064302600955
81300.0 4.219604 11.661154 4.653284652707216 4.1986240013229805 3.2321668963377004
81400.0 4.395181 14.342378 4.511755963922477 4.093008710310044 2.657343398543131
81500.0 3.665575 10.005504 4.338376560738163 3.835991761893804 3.0575679882500775
81600.0 4.138433 13.296814 4.569913721164632 4.158657917470083 2.782230940331817
81700.0 3.649479 6.830364 4.03704252284254 3.7959466866096103 2.896035903858733
81800.0 2.901332 4.289910 3.47067479856599 2.9657932781580225 2.698571470618965
81900.0 3.628998 5.000176 4.22656689006059 3.8302605989133207 3.0547758293651697
82000.0 3.590799 8.403680 4.354955332441898 3.7544894323545193 3.346937508726211
82100.0 4.043492 12.289623 4.4476562249938025 3.9970869617853713 3.0595155156851503
82200.0 4.285227 12.873758 4.460296585463776 4.073485999534129 3.076525936175236
82300.0 2.908885 9.803654 3.7143244339437547 3.1304881376320797 2.6756444325113757
82400.0 3.496520 8.626628 4.000534619756396 3.596238480014738 2.9292795888960077
82500.0 4.152337 12.139995 4.24876964543564 3.949829242006113 3.1274553523309434
82600.0 3.631306 11.516223 4.05165080256526 3.5753422147207643 3.228302987764981
82700.0 3.906192 9.036737 4.45163424340385 3.9615900831969904 2.9971029496113935
82800.0 4.604976 13.260459 4.842545376067061 4.479608230298208 2.92016056461002
82900.0 3.327375 9.005264 3.7374800661712633 3.454884856007249 3.239489669172746
83000.0 3.982836 8.916021 4.647228551484367 4.107793463599401 3.3564534039971377
83100.0 3.528526 8.722792 3.845472839563321 3.497300900153508 3.3324434766821915
83200.0 4.178573 13.586622 4.219775099086413 3.9963897595315254 3.20392777120681
83300.0 3.892608 9.332088 4.692010490612228 4.0738223713868456 3.2490810663366427
83400.0 3.751336 8.929245 4.331247746003334 3.8505106829447833 2.903802288419918
83500.0 5.186561 13.990088 5.149261811873695 4.949177820492378 3.3918199435205736
83600.0 4.680089 14.028734 4.94262939436011 4.483085645086979 3.1785881139947807
83700.0 3.738212 9.184870 4.1348080120372535 3.7292278461246973 2.982404440007555
83800.0 3.283952 8.146523 3.6383248415707046 3.3066056059361957 3.156464814851518
83900.0 4.412051 12.686462 4.845843824483929 4.430575324557765 3.218663380314123
84000.0 4.181924 11.443766 4.509391580418128 4.1060411526830976 3.057572770338934
84100.0 5.142423 15.091964 5.272891136561355 4.8880394763215635 2.9340999348654426
84200.0 4.677469 13.972264 5.026606517488437 4.615978045504069 3.396486023027143
84300.0 4.025612 9.359151 4.822480915371745 4.234130177366883 2.8718611688080284
84400.0 3.404695 8.321474 3.823694870544741 3.4666719526996754 3.364209883660128
84500.0 3.941957 13.551161 4.032590430073702 3.673184709384342 3.201793522060451
84600.0 5.157171 16.209379 5.091545549281263 4.889578206401789 2.98304885738297
84700.0 3.282832 8.870419 4.145851721674345 3.487675680801374 3.156814943379166
84800.0 4.812966 13.423354 4.780310279812878 4.601355958576636 2.679677282754826
84900.0 4.293142 11.965781 4.7551017605723835 4.300568690747472 3.215892583085746
85000.0 4.195686 13.784067 4.3436110413141416 4.040149586869165 3.1710866012515857
85100.0 3.630282 10.011286 3.845692200586275 3.5168837350866697 3.098503147054685
85200.0 4.603066 14.311128 4.804956713789971 4.420040657278473 2.927356108685259
85300.0 4.222691 12.395425 4.7798531617465985 4.200397419940916 3.064108718174933
85400.0 3.966026 11.895099 4.231658365946434 3.9264457436777094 3.054889045602702
85500.0 4.680756 12.324824 4.94498357505962 4.484310953335919 3.2303144956492655
85600.0 4.388724 11.475289 4.782864228605478 4.3296607652322425 3.43105699004408
85700.0 4.968503 16.177067 5.232206476904814 4.7852535179353985 3.417831494999236
85800.0 4.519751 12.913631 4.69997018522598 4.351208207088419 3.3268994122740563
85900.0 4.808060 13.961178 5.0731950340824365 4.629276383646757 3.135954919937631
86000.0 4.909940 14.721333 5.083599793509422 4.761404327314355 3.3109278018855823
86100.0 3.652583 10.397347 3.817314581478838 3.6035895878260344 2.981193751257656
86200.0 3.048097 5.114010 3.8167689869857817 3.2785563525818002 3.096282930519858
86300.0 4.228096 12.724668 4.618950313976059 4.229549574718308 3.3523836886641827
86400.0 3.217314 8.216854 3.3736497570385042 3.133370159325681 3.0149815495300984
86500.0 4.164183 12.392694 4.22174282014219 3.8713277580834964 3.3912584352807342
86600.0 5.190572 16.417375 5.326547926539941 5.01025895049724 3.0166217903046713
86700.0 4.937109 13.109273 5.019066481938753 4.729201678086662 3.029535706307103
86800.0 4.826568 10.444077 4.796047165895613 4.572249147011869 3.1827824826540234
86900.0 3.242690 8.258312 3.840216491749272 3.3440449823781404 3.0954630479886256
87000.0 3.388044 8.026471 4.052529154312088 3.5745576691651997 3.0797380463760193
87100.0 5.108802 14.085231 5.407229398039552 5.015308930878583 3.043521457969894
87200.0 3.844716 9.822090 3.865898510775569 3.714052090344273 2.745750124779221
87300.0 4.718572 14.037053 4.8791848726078975 4.490626355322743 3.3840152402516965
87400.0 4.060643 10.784362 4.216756774718867 4.010796692986674 3.298404594874599
87500.0 4.138686 13.165019 4.5966078853671615 4.0274330709427515 2.933689315885904
87600.0 3.908879 12.223910 4.43658849435592 3.8709145721774565 2.780634367955901
87700.0 3.189187 8.790974 3.625859955318648 3.2342225537441576 2.7822760407045823
87800.0 3.674522 8.170258 4.20326725115725 3.6557241323390275 2.77354680869643
87900.0 3.273571 7.186523 3.8886363501784804 3.413647136526061 3.2386322814841435
88000.0 3.507120 10.004516 3.915451587297411 3.524044568236531 3.54086921004931
88100.0 3.536432 9.757524 3.71017329507835 3.416418408401316 3.222236792809407
88200.0 4.488109 14.165624 4.594878106595273 4.280579357865829 3.0422049688815207
88300.0 5.232224 15.673662 5.341740017696553 5.006719903808345 2.9068628911078074
88400.0 4.799186 12.383064 4.94261884433333 4.734186858583892 3.132722237575997
88500.0 5.031649 14.346639 5.298211736043933 4.942357366792784 2.8455088304611893
88600.0 5.120075 16.466770 4.9074946778387005 4.750664125758085 3.0379837339429305
88700.0 5.632860 17.071748 5.3856541552449695 5.211703837905649 3.025501955278443
88800.0 4.866009 14.752479 5.288099844219926 4.667901743120484 3.308539435540771
88900.0 4.216114 13.020804 4.322611062046791 4.055820366545027 3.4916236981522184
89000.0 3.552964 8.753913 4.187721280114317 3.7000180274861223 3.092180119319012
89100.0 3.081616 6.495646 3.7194241972953233 3.2557193033347556 3.0817698089073366
89200.0 3.651865 10.860274 3.8502125466680153 3.6544199553548937 3.495244742392324
89300.0 4.348731 13.708515 4.819467656079105 4.293200354704208 2.925003996660043
89400.0 4.030410 12.091806 4.434861448207772 4.0554642315275755 2.8058691294914433
89500.0 3.164980 9.780811 3.37683609803168 3.105217826113944 3.126372083131322
89600.0 5.307019 16.818013 5.069057208677029 4.943257947710059 3.1384957630873487
89700.0 4.464106 11.413603 4.474380170157876 4.219906468567574 3.288372065635842
89800.0 4.399420 9.411312 4.904686496438359 4.4880098566647675 3.042780170168663
89900.0 4.793802 13.149115 4.810103776992575 4.532371543212491 3.2535587477205556
90000.0 4.834892 12.663609 4.78149045901775 4.665757208191686 2.9038288475933505
90100.0 4.346860 10.477225 4.710801841603089 4.398284958606596 3.0348481119959296
90200.0 4.713033 13.213872 4.891649629845255 4.609661099199482 3.1395503992359903
90300.0 4.075441 12.300314 4.607653433984303 4.1237626254626685 2.962226906067898
90400.0 5.423480 15.614915 5.315793746790004 5.019072821965892 2.900475271589051
90500.0 4.332109 11.841877 4.382782643128957 4.15306185983094 3.309135891281465
90600.0 3.665759 9.998744 3.7382429743502223 3.582274491058809 3.15249591074474
90700.0 3.360713 9.809918 3.784484834578153 3.3547174550792414 3.1366702593086146
90800.0 3.016748 7.969055 3.5604615304307505 3.1147750003149897 3.351293295968558
90900.0 4.031706 11.242289 4.380506319509381 4.03769892853526 3.1743495084691133
91000.0 3.527986 9.605566 3.828529581155665 3.5027998139953085 3.282674508599923
91100.0 3.661730 10.023554 4.021637685033282 3.5963856902382743 3.1750257373334363
91200.0 4.172327 7.818848 4.41503286860414 4.085038364267884 3.3307270351749287
91300.0 2.843585 7.026025 3.784107251143789 3.100845205959637 3.007400841885677
91400.0 4.577735 12.035969 4.857972077614292 4.541754963666717 3.2919692223585533
91500.0 5.024922 15.835779 5.289644799919423 4.827627652824222 3.5096022470556627
91600.0 4.671904 15.115049 5.232975363219014 4.569466572210649 2.841542024312848
91700.0 5.221998 16.378121 5.180949384319871 4.821588968045021 3.510991549031018
91800.0 4.204968 10.562845 4.3941025945234555 4.13144627416424 2.990456800620843
91900.0 3.748728 11.207506 4.133047957755284 3.697440425492212 3.5179303157182304
92000.0 4.224678 11.589381 4.642391965043425 4.203499386972892 3.31244407088704
92100.0 4.477591 11.359404 4.709246024742726 4.287197357788979 3.1494045677660703
92200.0 4.718544 12.659297 5.010456109114465 4.6676069458744465 3.0291437798925616
92300.0 5.225505 15.413632 5.475962683992761 5.026289842943449 3.1255067477908898
92400.0 4.664289 16.004473 4.682219028571791 4.314285143728191 3.448857930065832
92500.0 3.871125 10.349248 4.427521491469578 3.935025732456095 2.6707430357440476
92600.0 4.961328 14.440314 4.924616294376016 4.706761024173593 3.0131498535176164
92700.0 3.971930 12.998692 4.369566674318401 3.8747356908335195 3.367149564499237
92800.0 3.830423 10.624164 4.1259564194933285 3.763633525338835 3.1114241758563788
92900.0 3.106071 6.594977 3.687129324753693 3.241653796040864 3.3487486750927644
93000.0 3.820876 11.499276 4.29786592918176 3.8185415775169975 3.3930643563728977
93100.0 4.022207 11.658514 4.407911048448426 4.048397676695119 3.096563997879402
93200.0 4.211117 9.879493 4.096018208066285 3.958814876691291 3.1975455122195564
93300.0 2.797136 9.207702 3.6927219492339165 2.9568571765148817 3.2640582902636726
93400.0 3.961560 13.678570 4.220122040648109 3.7902996309267185 3.068969081332986
93500.0 4.748793 9.542383 4.621465005635481 4.516428586908928 2.999700737813078
93600.0 4.172359 12.738644 4.759106435367879 4.258639022486929 3.2077485757373827
93700.0 3.784906 7.241212 4.446510373141267 3.943615994149708 3.2382787763202074
93800.0 3.919642 10.598975 4.41004011783741 3.9599036426938525 2.972201432447147
93900.0 4.190055 9.259760 4.573816820434238 4.165453470205318 3.3430546713451474
94000.0 3.565663 9.207348 4.1047399993296905 3.5729529148428996 2.771510081669382
94100.0 4.013232 12.739038 4.206957921167342 3.8486488855366296 2.999115078436256
94200.0 3.921988 11.390399 4.066768980725197 3.7840498943146295 3.0932204625490978
94300.0 4.170100 10.177718 4.052381288992989 3.959022374052914 2.952054144120807
94400.0 3.231273 6.509738 3.857340530787318 3.346405421813793 3.2417949310164724
94500.0 4.390434 8.838479 4.456243644358725 4.304085664375607 3.252368195523491
94600.0 2.455165 2.713369 3.12465805190096 2.6716537657560795 3.130802081333037
94700.0 3.257052 6.889614 3.899634055659055 3.455350725602995 2.8136831409677807
94800.0 2.947776 7.210717 3.384814957015075 2.995322268148983 3.120774986870397
94900.0 4.600764 12.237620 4.654319220918654 4.497671089340217 3.2249206114605102
95000.0 3.614807 8.569887 3.7325330370551613 3.5729890453616777 2.972719335683745
95100.0 4.444819 11.213880 4.662360263983923 4.298049336506959 3.7403765470544403
95200.0 4.758662 12.353645 5.01371042736703 4.709514488587147 3.018193595076311
95300.0 5.044988 13.380284 5.163155614052092 4.8487173251534275 2.9852578464720723
95400.0 4.329271 12.023828 4.7517793126988535 4.355054997649503 3.0629938818353892
95500.0 4.658494 14.079025 4.761176091940677 4.413678026378225 2.9154528470050636
95600.0 5.244198 16.265047 5.22889153185011 4.796868693461052 3.1977995922950364
95700.0 4.685517 9.755798 4.926300755045294 4.567995658383089 3.0115459907094104
95800.0 4.419389 11.946103 4.777751941714864 4.384670502045898 3.011656897366641
95900.0 4.587050 12.740707 4.80027117744177 4.4549256655450105 3.3045974490102865
96000.0 4.002719 8.116555 4.197330598447525 3.93672669112952 3.151229430961442
96100.0 5.043711 14.437044 4.9247209344184935 4.687869192605922 3.0367839383536746
96200.0 3.373111 9.041010 3.771837729336931 3.3530981163586135 3.1536742665411235
96300.0 3.706987 6.736214 4.223734230534371 3.77518951055436 3.1244846422841897
96400.0 4.100571 13.035490 4.454057233586997 4.038365617604811 3.4435703406242286
96500.0 3.510186 8.150459 3.8484176680704163 3.5080116578908993 2.9107138010116445
96600.0 4.664903 14.842967 5.183173581617414 4.549483230278 3.255355747968686
96700.0 5.097550 15.927252 5.258080736900164 4.871852098690818 2.8000389498834
96800.0 4.565878 15.565908 4.629980156606154 4.259578103723225 3.1415852549133825
96900.0 5.728890 17.638727 5.332155938973671 5.1644429415639905 3.2137306992226327
97000.0 3.487811 5.550441 4.132881494168533 3.66064718017763 2.8715173902337012
97100.0 3.473287 8.037962 4.02500408991794 3.6043330959052247 2.7702013841399826
97200.0 3.342949 7.932497 4.354414327442311 3.683738321158609 3.2452048979415613
97300.0 4.216774 10.054448 4.6229244707272885 4.1960241495731605 2.9941911430862347
97400.0 4.122757 12.350917 3.865277949923557 3.8271524465691353 3.0609503136248493
97500.0 4.649070 14.824279 4.973311373106858 4.548175443192884 3.2020743726362237
97600.0 3.205042 7.452206 3.6653951947169006 3.2565675867690818 2.952642681735533
97700.0 4.016656 11.545585 4.164786368932214 3.855597678887933 3.4363635767689966
97800.0 4.940654 14.422737 5.282259515688674 4.855473836569852 3.4555265284034196
97900.0 4.215847 13.436020 4.5460604761231895 4.070892846412258 3.1994281574767336
98000.0 3.311270 10.677909 3.688029583235279 3.2325040442797195 3.4115849547925206
98100.0 2.860866 8.449241 3.7206956725260194 3.113567821381205 2.9321383482536705
98200.0 3.976078 9.405089 4.2631861382011 3.9392905730529755 2.9897172707537263
98300.0 3.446134 8.865646 3.843517277496699 3.4409420937832946 2.9650988116538715
98400.0 3.602251 9.227164 3.818004364928037 3.5536684890681554 3.238753950694497
98500.0 4.362259 10.278168 4.091938832259596 3.9405392933834604 2.883803787420642
98600.0 4.867121 14.810168 5.2245147985072204 4.799544071716077 3.13155783329715
98700.0 4.508628 11.787187 4.542891914078697 4.276940711542207 3.3332550573257924
98800.0 3.875584 9.450488 4.459634171061617 3.988079796530359 3.049038517409507
98900.0 4.436407 11.381448 4.650806099501892 4.207439976937901 3.2111953619239437
99000.0 4.210712 12.770818 4.334606629669311 4.055255846093365 3.2501841374313423
99100.0 4.614425 9.990486 4.483673401580909 4.373903470133559 3.4086746619208297
99200.0 4.587654 14.224243 4.923628236699271 4.492203038578783 3.168723345743898
99300.0 4.277943 13.425899 4.753894449614581 4.248748863592059 3.063041940219523
99400.0 4.355762 14.218061 4.29755449946196 4.072390098607882 3.2116367086115245
99500.0 4.244194 8.962206 4.83316697514769 4.297689844904346 3.0036391390789916
99600.0 4.981250 14.614950 5.042438755133677 4.832119039454922 3.472316993726673
99700.0 4.726377 12.078366 5.002109139501269 4.682582442740065 3.074679570008177
99800.0 4.122532 13.634005 4.044319595100598 3.7722561848669716 2.9662628074869515
99900.0 3.468636 9.142678 3.914576413739609 3.5324655131551816 3.2558464899061614
100000.0 3.673848 10.758985 3.7970493489921133 3.532120262782769 3.0683405593583353
