# t rg re s3 s4 s6
100.0 4.271662 8.587047 4.883510845449735 4.384367227186066 3.200559249731822
200.0 4.256919 10.858352 5.074092043266549 4.384713719862822 3.6363421653599497
300.0 4.796960 11.977316 5.322334404841187 4.869070233551027 3.7573553956746513
400.0 4.403704 12.520127 5.334913742478895 4.606828207953268 3.6978829100344464
500.0 3.200539 7.720016 3.9767540574413096 3.4135901520994327 3.833232141157198
600.0 2.867666 6.276201 3.922318183274784 3.1878921339162005 4.042730882049807
700.0 4.850383 13.136424 5.195508578872052 4.7638989401889775 3.8283254035882943
800.0 3.745885 10.613451 4.802434191166598 4.061773126999668 3.4396875530998794
900.0 4.277096 12.533212 4.333899992081284 4.186604489391818 3.2620248082532495
1000.0 4.698784 11.319825 5.096161244367762 4.690189843835005 3.7343122914927784
1100.0 3.424147 10.420324 4.131732035619575 3.552068310546495 4.086100478487008
1200.0 3.684685 11.138739 4.160425323835013 3.67460499295142 3.7955953043042254
1300.0 4.312259 9.846532 4.71960580313576 4.39484032160271 3.5047414206777443
1400.0 3.481609 9.435714 4.104528699566431 3.575257236476362 3.620145751703451
1500.0 4.634053 14.745272 5.136186984065899 4.670860804185583 3.160584648309928
1600.0 4.197100 11.578688 4.8420361953891415 4.294435931561152 3.4972231126698854
1700.0 3.130156 4.722823 4.006571696479129 3.3917143830401817 3.438846012314428
1800.0 3.792326 8.281360 4.288144888103805 3.8165233838936663 4.151744849136033
1900.0 3.985560 12.334921 4.590714832071191 4.01586457471757 3.5076266119742403
2000.0 4.261715 9.278816 5.190867552399843 4.456527990536622 3.855609143258875
2100.0 4.682092 12.985271 4.834555124334147 4.566126186405298 3.9696364899782575
2200.0 3.805536 10.436276 4.330700749918183 3.7936936216971473 3.6562626736772694
2300.0 3.325864 5.636402 4.127676179751401 3.5895245826872015 3.639647025499117
2400.0 4.793817 13.889740 4.796779081479241 4.546169938041046 3.3781721947839105
2500.0 3.162128 6.458581 3.864418167785961 3.3111577621491435 3.8518431707253757
2600.0 3.058781 9.288566 3.8960880364025767 3.246661509744992 3.787126174276737
2700.0 3.931391 10.157007 4.378526912763327 3.9123756905232083 3.5989184804083436
2800.0 3.141764 8.880637 3.91328141489713 3.358325568961264 3.475017233437536
2900.0 4.012766 11.970035 4.943619891029106 4.213825347550576 3.3937119414598955
3000.0 5.146559 13.595188 5.817494949929149 5.129393071527316 3.724333830214156
3100.0 4.936562 13.770850 5.471750394858094 4.963725925456463 2.892439942076523
3200.0 3.952081 13.375671 4.433240777393419 3.9198192074258227 3.6957054906893623
3300.0 3.680388 10.629248 4.693154678597394 3.871252532991883 3.6973483019741678
3400.0 3.287359 10.245455 4.144506102519907 3.586019955428127 3.39274965370975
3500.0 4.302279 11.736734 5.1632846650869375 4.538647530217048 3.5488217988041493
3600.0 4.127658 8.429203 4.711957925738979 4.312571687902102 3.3907485354621922
3700.0 4.078989 13.591739 4.375925828743932 3.855434521254447 4.050209879887147
3800.0 5.014483 12.547536 5.471222206221773 4.944338232702023 3.43111761010209
3900.0 3.712045 8.548574 4.341022162469012 3.836829170078201 3.7562524123459116
4000.0 4.182536 8.330183 4.515349919513714 4.092310815767638 3.842260124098297
4100.0 2.383892 2.718931 3.748069949981344 2.8915573146422253 3.757038298949953
4200.0 2.644758 5.900112 3.530256872811601 2.840565654466289 3.5685802214936087
4300.0 2.696948 6.858767 3.9191948279940845 3.1238905033197097 3.953906725540723
4400.0 3.336002 10.228540 4.354949950640366 3.67106485310513 4.035576651073078
4500.0 4.232667 10.479455 5.276031039340363 4.517815698263365 3.630724520879448
4600.0 3.137279 9.419293 4.209127460444127 3.421884619089609 3.6378782536046907
4700.0 4.243726 11.999182 4.941574898240926 4.42332921584164 4.278757775916935
4800.0 3.934082 8.300124 4.5693351779017055 4.08117208868524 3.5394064696180494
4900.0 5.259606 15.519857 5.47953906619956 5.126076952285623 3.4829265789847215
5000.0 3.638875 12.396867 3.8382384318642266 3.555190095042041 3.998454846474154
5100.0 4.615893 13.820320 4.9219054890117535 4.466582281475572 3.563000872198856
5200.0 3.283612 9.373485 4.434808564722854 3.6034282311146977 3.863048459869458
5300.0 3.953224 10.247657 4.560406457705833 3.9761428105170133 3.4822048348190444
5400.0 2.690319 7.882207 4.061904171859128 3.0949739581253946 4.0655577112334615
5500.0 2.884816 8.269464 4.188223732294408 3.315251971173483 3.5002148987833452
5600.0 3.013328 6.918953 3.951220705287962 3.2972320463914184 3.645628016812
5700.0 4.570187 14.479910 5.008112532692511 4.49015690549233 3.667083758802581
5800.0 4.477481 12.684759 4.402495261962395 4.2581314479687835 3.661011866044303
5900.0 4.909646 13.884524 5.3100244013361975 4.887889165144625 3.5129394585880203
6000.0 4.702560 14.550256 4.8200185424611846 4.589573862199198 3.6660399537053316
6100.0 2.817194 6.069668 3.8598932425705 3.1381558657254587 3.514041539442099
6200.0 3.017614 3.857894 3.8710349026049395 3.205337211238372 4.114093607067349
6300.0 3.120248 7.436474 3.807073077625179 3.2931706424443585 4.070975240221449
6400.0 2.511059 3.703469 3.7160003995675246 2.898356749986305 3.633398457904468
6500.0 3.971843 9.640766 4.708007856025825 4.043073977150423 3.890367661091145
6600.0 4.538741 13.242891 4.7447991680235555 4.390158514653629 3.7950877740227753
6700.0 4.624401 11.282414 5.189834848738252 4.62373339327447 3.482478889855456
6800.0 3.629190 8.434051 4.21023277908034 3.813548457337282 3.426178334763369
6900.0 4.225426 12.266067 4.890281328589956 4.184669585413422 3.6390766593521326
7000.0 3.843355 7.711754 4.308524286389895 3.9216267601900063 3.4977766408939703
7100.0 4.144649 12.238809 4.647893552371084 4.150985711958347 3.945591509471407
7200.0 3.260135 4.839157 3.8810344110468633 3.3725633374206696 3.6700680538545125
7300.0 3.790798 9.162999 4.670691752149023 4.048018378373879 3.6330624087813295
7400.0 3.820230 7.469916 4.439165960167711 3.9978379804699906 3.999609689400748
7500.0 4.371167 13.360201 4.987360699127613 4.396156600530502 3.8871187505332476
7600.0 4.943199 14.983206 5.280763678625181 4.7979269270683425 3.5200830276630106
7700.0 4.223998 9.022694 4.789054477519047 4.266711431203658 3.220466598079328
7800.0 5.329865 16.199141 5.720165535692637 5.194516848102507 3.4881419248528696
7900.0 3.913572 12.158274 4.493556845339218 4.01378740179332 3.35630563286459
8000.0 3.370306 9.675574 4.26632914725598 3.5963387892826346 3.9117862820587335
8100.0 3.348436 8.067740 4.162847186029694 3.4933836645103145 3.5174843764928476
8200.0 3.292178 8.112272 3.9079638546049695 3.381390810312571 3.9232880225630016
8300.0 4.317792 13.740640 4.578750888177914 4.205952062009785 3.956900097949432
8400.0 4.346741 11.966706 4.095917748685371 4.026608019672451 3.8114705359758063
8500.0 4.430394 10.825743 4.662935464000731 4.355003692547501 3.6721346161653807
8600.0 2.796175 6.920158 3.4971383820016295 2.9998072228067882 3.6116626746567415
8700.0 4.546835 13.682756 4.7666017952965065 4.390838330836173 3.828875424521547
8800.0 4.743825 14.052957 5.081097678922324 4.653072149395035 3.3656441938466477
8900.0 4.356812 13.447268 5.288823338148558 4.517136809669124 3.635175720636475
9000.0 3.579955 10.117473 4.3244414444684525 3.7315056373878983 3.8100138651446036
9100.0 4.782462 11.486884 5.053888437573581 4.607036282312823 3.5026553900542354
9200.0 3.690642 11.056573 4.626385327759531 3.994739525810043 3.4928677653071216
9300.0 3.218417 6.028331 3.8593882230702996 3.320173414221304 3.7976700177300384
9400.0 3.948051 10.697872 4.3275314517946715 3.918724683658063 3.9498785019496765
9500.0 4.032116 10.146550 4.614595004325556 4.0816671905952395 3.562809516323816
9600.0 4.499591 11.756473 4.826004456666084 4.380862206626787 4.08837565219989
9700.0 3.917533 12.690194 4.320263291860321 3.879000869253442 3.3989461020841882
9800.0 3.991656 13.029412 4.716260506261658 4.083824492079988 4.121372284653555
9900.0 4.734518 12.802123 5.017401120507729 4.657606543862157 3.568768583842212
10000.0 3.044539 7.461462 4.0209964232942825 3.25356968743264 3.5617847813798216
10100.0 4.455083 11.288252 4.7697308680781925 4.473236031930541 3.548136478024732
10200.0 4.076248 12.158013 4.884483016945315 4.192288495435744 3.9297438521866845
10300.0 4.675115 12.653604 5.063562621169542 4.697969538757758 3.563209387223127
10400.0 3.948767 13.505598 4.094750473116516 3.7144927001634103 3.8745991497524717
10500.0 3.857775 9.262236 4.51877421390301 3.928743462443318 3.559052745940923
10600.0 3.563009 7.981136 4.640889151394887 3.9930553160512257 3.5552217784161146
10700.0 4.060512 10.978641 4.90792443330198 4.308245421849958 3.8813636554527142
10800.0 4.785381 15.168827 5.170908095654388 4.759689200113238 3.286368848404124
10900.0 3.846271 9.091709 4.986738307586476 4.293009165766999 3.2243692714779297
11000.0 5.023728 15.443835 5.200169401315917 4.875964264838351 2.8827343903836007
11100.0 3.890621 9.805175 4.3708522509841545 3.87696364606898 3.60905290749288
11200.0 3.944465 12.766920 4.692420144054645 4.070930671095258 4.063637581857636
11300.0 4.159414 13.032838 4.852040927641747 4.172141429928327 4.017432203888587
11400.0 3.705665 9.274648 4.07983508364754 3.722649296544851 4.226576898215723
11500.0 4.705671 14.010933 5.051059348298661 4.602985043783439 3.488566903018618
11600.0 4.287502 8.705416 4.872343815013533 4.346853383839823 3.6569090671095252
11700.0 4.105956 8.900957 4.548936560610671 4.079245053314671 4.123384460386387
11800.0 3.652583 8.808127 3.8476494892911584 3.6089803792941146 3.6997162020654715
11900.0 3.645333 11.978921 4.587997184127914 3.8164244156181053 3.4572044891291114
12000.0 4.175575 13.397468 4.783360169327511 4.256806377665505 3.6188563371117044
12100.0 4.908036 13.852048 5.506022850398087 5.045787766092185 3.552018619247404
12200.0 3.722367 8.908844 4.478125326429365 3.8181794280796626 3.7458974675775596
12300.0 3.054846 8.320424 4.022386930870989 3.256536932322105 4.242802544872026
12400.0 3.421972 8.655605 4.26556072451714 3.6811916053665863 3.549703157240877
12500.0 4.809839 14.787091 4.74227082875632 4.49005057544957 3.941628604858703
12600.0 3.299355 9.726878 3.8914940033282797 3.416304677554777 3.749866279640654
12700.0 2.228400 2.321255 3.3675929329990155 2.6732658145491133 3.8154440892057297
12800.0 2.815147 4.211382 3.991204186319259 3.2506611052884375 3.772341047341498
12900.0 4.213027 8.517475 4.939953331395783 4.359751093811941 3.484853489794592
13000.0 3.628055 9.294994 4.1778455990599035 3.701545782033987 3.414695803341912
13100.0 4.144661 9.783660 4.772523031650069 4.204618948015262 3.2092904790856536
13200.0 5.218864 16.756864 5.683586915717972 5.049362348772991 3.386918982646848
13300.0 4.614893 14.175756 5.141947240085972 4.6678474050709555 3.5639616652634474
13400.0 4.106686 12.263230 5.033244685781164 4.271543392153735 3.8017042019503036
13500.0 3.821744 8.654261 4.560641785982097 4.023030351340763 4.393978711473706
13600.0 4.333949 11.555923 4.523951223585015 4.2678024433744834 3.801294148434775
13700.0 4.112260 7.995847 4.834450671834005 4.237527524226975 3.665544531426784
13800.0 4.532967 11.312295 5.121010792140995 4.570984289407257 3.7588953735587958
13900.0 4.136312 10.886259 4.608607021900529 4.1924748978527 3.732187324405726
14000.0 3.293980 10.389873 3.968865653290876 3.3651953368141534 3.8570985894195973
14100.0 4.963972 10.827226 6.052144423905955 5.184055138858847 3.541008431777749
14200.0 4.217825 12.300211 5.087605421811847 4.324896728495487 4.113096549445937
14300.0 4.005247 11.072044 4.731404864636951 4.092673181079637 3.607595924077731
14400.0 4.193479 8.228109 4.5969545609583005 4.1586683202923505 3.3728257427906425
14500.0 5.418765 15.041957 5.623728950103419 5.25326409916908 3.7818344897699996
14600.0 4.858683 13.491972 5.606224404829781 5.04091698803767 3.7581332924805766
14700.0 3.763855 11.103744 4.626063194670603 3.9738662058357224 3.738404629533951
14800.0 3.145278 7.886515 3.8390459227126703 3.3124819698126795 3.242161659089001
14900.0 2.915731 2.754772 3.4386555557250493 3.036206788309328 3.9171808915912023
15000.0 3.451333 10.511792 4.276196802001927 3.6507212237654807 3.5707389074880136
15100.0 3.315842 8.609376 4.438971286217487 3.583146494166723 3.3590297503233066
15200.0 3.489701 8.982140 4.789815356461583 3.9000014476580533 3.9186293989136187
15300.0 4.211799 11.532347 4.613336123621382 4.087572627615418 3.9608994188582742
15400.0 5.295531 15.333476 5.621293568803092 5.124002370873151 3.2051254790865125
15500.0 4.310460 10.069194 4.9278241556893425 4.387145614815817 3.6753335355339467
15600.0 3.930401 9.591921 4.717813024516845 4.096551702843546 3.451723308001244
15700.0 3.757713 9.526677 4.525682440246836 3.8554070199956527 3.57021095696674
15800.0 3.934725 12.123999 4.6895163755374805 4.074825861309392 3.794217197500351
15900.0 4.395550 11.011457 4.481327171796162 4.360608219982965 3.650267290245567
16000.0 3.234601 7.562767 4.001720462247491 3.495123689384446 3.948155363426798
16100.0 3.892382 10.679981 4.606059985533646 3.987190447387116 3.833078755095462
16200.0 3.996800 11.630752 4.56087488021944 4.097591088608916 3.317937209263026
16300.0 4.624446 11.256154 4.945975424802268 4.551483882091084 3.4518986466605246
16400.0 2.917144 9.344367 3.8710511080006964 3.2095509248304372 3.8009486068752616
16500.0 4.018774 9.849761 4.542677320343606 4.185946595480429 3.439721561515822
16600.0 4.964969 15.142453 5.274852485887314 4.811903292219676 3.6442047980841594
16700.0 3.705860 11.861856 4.534868233139198 3.9273752006398093 3.29327152474962
16800.0 4.231065 11.379283 4.874635323591903 4.3614399572034275 3.1295541483250657
16900.0 4.497393 11.934658 5.111673400596022 4.4943011747354245 3.722706096883301
17000.0 4.991381 14.658814 5.0874512753719845 4.760076639620277 3.3339835166918297
17100.0 4.501328 13.981186 4.884532046213387 4.422544330109683 3.5899447353064518
17200.0 4.468652 14.070308 5.00579046295107 4.55188617668276 3.8275451254004382
17300.0 3.664739 10.169219 4.326602222897449 3.838134685798267 3.5835292758185515
17400.0 3.769555 11.689339 4.47266798683531 4.030591349758237 3.971716532952821
17500.0 4.277572 12.472058 4.888992042766641 4.376299796543662 3.6247350437027777
17600.0 4.280911 13.555123 4.977719615327087 4.404156536402181 3.685140266892003
17700.0 4.917953 15.860050 5.542682762293236 4.907299860307301 3.534356615576742
17800.0 3.691405 10.095917 4.027580695787417 3.7230801337224575 3.659874260532164
17900.0 4.001258 13.695763 4.531628361818337 3.966475003215635 3.9732160141392088
18000.0 4.516876 12.277513 5.219548647023608 4.605422301935176 3.477410246478153
18100.0 3.980238 12.358315 4.788941272279395 4.183202763827007 3.4674216152589366
18200.0 3.724023 10.337022 4.307094381683268 3.6997129100421273 3.8902296276369746
18300.0 3.799675 6.885476 4.579974096625589 4.178211945385738 3.3048459328178836
18400.0 3.727162 10.352165 4.574758640497381 3.9300525866999023 3.695055961439919
18500.0 3.402868 7.747421 3.751662927125548 3.433331978441251 3.1661173949338735
18600.0 4.660530 13.423726 5.263128607218558 4.731007771689783 3.707898573947342
18700.0 3.554874 11.277704 4.540516545489185 3.7295514165408323 3.953936460608203
18800.0 3.997042 10.019637 4.4271273250536 4.020840888368529 3.6937690345542666
18900.0 4.241003 11.556103 4.730247965315248 4.364049959817933 3.4484350789774822
19000.0 4.311938 11.676363 4.976729200325771 4.399542606522027 3.0800070775181054
19100.0 4.084486 12.822202 4.980770131574905 4.301812727385862 3.874850177136857
19200.0 4.199825 13.418804 4.626360021646497 4.218175441400097 3.809344272960909
19300.0 4.371500 12.276540 4.703505577090793 4.364843925869121 4.016743191030654
19400.0 4.034091 13.001333 4.596595229319311 4.064636068708112 3.679953343102354
19500.0 4.022550 12.153541 4.939415876535773 4.192850762232751 2.9545274019343073
19600.0 5.134692 13.080000 5.500449626158055 5.044212694884463 3.2039039695677047
19700.0 4.099721 9.400117 4.909449036163254 4.295940296296623 4.194230165146709
19800.0 3.621691 8.241951 4.228463428316578 3.7373748835204195 3.442152303806999
19900.0 4.106636 8.828805 4.596915166224827 4.165026221880958 3.596083732407913
20000.0 4.302435 9.545911 4.3345830740502995 4.228500729414428 3.684261853066756
20100.0 3.998838 11.593699 4.470812235586035 3.92938484634407 3.8377029149936956
20200.0 4.479324 13.081939 4.913719450248944 4.3832074038731985 3.810637338775576
20300.0 4.059491 11.934741 4.506132955543623 4.052479494086832 3.3708651003395014
20400.0 4.437970 11.858581 4.777407742063784 4.429560260307235 3.6941084878775983
20500.0 4.671628 12.058935 5.177936983409728 4.741570609595056 3.7524249330111554
20600.0 5.013898 15.214115 5.150115473789419 4.825595301446163 3.386601554778883
20700.0 4.687917 12.707861 4.895205623155573 4.548247572984636 4.047935818939949
20800.0 4.442921 10.604710 4.993478182169065 4.526266750037539 3.6898606665797247
20900.0 4.861249 16.079671 5.332646024943474 4.782072005640629 3.825228310517512
21000.0 4.513637 10.785794 4.784849252667745 4.481062862268397 3.7506456849179566
21100.0 5.046139 13.621571 5.309311348747907 4.958429141556429 3.471919466783421
21200.0 4.909282 11.393045 5.585322575577424 5.072110154080133 3.4673223791158327
21300.0 3.932578 9.816445 4.550492885015578 4.127922961686295 3.590002551356785
21400.0 3.315849 9.312434 4.321477557897582 3.5286814187919244 3.63067915571671
21500.0 3.332404 7.938337 4.182785617650619 3.4374709326659674 3.7594637254833096
21600.0 3.411271 10.046632 4.7170972363209005 3.8651098043437453 3.425253501844229
21700.0 3.673722 9.998881 4.615189046661311 3.9333694009495406 3.6705787008163724
21800.0 3.727129 10.004533 4.6930898391048315 4.030100634827039 3.8352051569589793
21900.0 3.851175 10.656992 4.401671483132499 3.970180170270119 3.5438763403673326
22000.0 4.185896 11.669797 4.543284104133857 4.073334604581089 3.3674825511891866
22100.0 3.769828 7.613583 4.7701090346565405 4.050478564621009 3.9585200954555915
22200.0 4.629069 12.679514 5.202640404929164 4.599118002288861 3.3530053496709207
22300.0 3.549874 9.076763 4.2626571272494065 3.7505239266729298 3.5190415939628745
22400.0 3.608384 10.377370 4.2310165772517205 3.6663059167014156 3.7038555115355773
22500.0 3.158537 6.785893 4.050293733267273 3.3534406972032 3.327349379288759
22600.0 4.817524 11.671517 5.314892767476828 4.753310915080044 3.872784511416773
22700.0 3.963930 10.755714 4.929868142241874 4.200066009703106 3.2626244021589716
22800.0 3.732837 8.070159 4.394024156553165 3.8403363570215627 3.986131325449134
22900.0 4.254399 11.165815 5.111266974419086 4.316660307522218 3.7503321877573774
23000.0 4.563769 11.038306 4.7633152205439675 4.43573630046038 3.44068037722102
23100.0 3.973818 10.960982 4.625782787324372 4.02460526548858 3.3920046574210416
23200.0 2.521204 2.856722 3.3090702053989602 2.70475769318224 3.847280604569676
23300.0 3.517584 8.862168 4.286666727126029 3.6933668764129357 3.500200941348474
23400.0 3.585217 6.999149 4.137037815012735 3.697289657758693 4.105209054367885
23500.0 2.536897 4.172176 3.541030751874207 2.8511067488392507 3.676317994530707
23600.0 3.159394 4.119212 4.0359241972427276 3.4814013991235013 3.482127950580383
23700.0 3.019701 8.797920 3.929592518071712 3.244255036700898 3.6816681644323848
23800.0 3.407613 9.950877 3.8403426040892965 3.4396836862685527 3.126802857747302
23900.0 4.449982 10.785315 4.846894671179034 4.430718842238381 3.753936445893626
24000.0 3.789019 11.447496 4.499065901718148 3.799283395242759 3.9940440857252324
24100.0 3.019011 7.194551 3.88438101869114 3.2268811090824183 3.3401953668180453
24200.0 4.237520 12.825262 4.7726162547815045 4.192707502998053 4.089092769118108
24300.0 4.109842 11.451398 4.751018067078736 4.1085424344165995 3.533564926376956
24400.0 3.897122 12.390795 4.396242012709387 3.833454791169738 3.99337870848439
24500.0 3.418061 9.565090 4.303150273669789 3.733167010765474 3.422521593246409
24600.0 2.608263 4.849813 3.8253684547318674 2.993205346109038 3.61554530833026
24700.0 3.804531 7.513931 4.270223441578222 3.8239371020530952 3.625553712168736
24800.0 4.097283 11.582591 4.856169160855328 4.196323108499498 3.570604358216774
24900.0 3.614894 8.287916 4.596374400872267 3.904605564442476 3.401010988173073
25000.0 3.560209 7.537137 4.669282398699545 3.884553666657444 3.3358766802676914
25100.0 4.021257 9.934697 4.525021447351176 4.0287381361225405 3.5758110540041597
25200.0 4.628728 13.384352 5.204930586630707 4.74745873473137 3.7525183068303978
25300.0 4.871896 12.429181 5.324467978699397 4.810195969108969 4.055376647631081
25400.0 3.731095 9.032255 4.530059259637075 3.941447654982564 3.411220529024368
25500.0 4.335518 12.060087 5.037675202267254 4.4060626190663665 3.4622990891634937
25600.0 4.534955 15.071864 4.867121469648414 4.499099909893004 3.7172620574264874
25700.0 4.714939 13.767451 5.359444461962987 4.829070849457114 3.694038015638824
25800.0 3.610416 8.751251 4.122106497095804 3.5575190347352144 3.719968503721447
25900.0 4.304852 12.290456 5.191073650791211 4.311461247419627 3.6656651403923397
26000.0 4.008383 7.226776 4.764883346496094 4.10152115780057 3.888839859343153
26100.0 3.395756 6.603803 3.890720406064921 3.416320340833197 2.9395877931162846
26200.0 3.874585 8.011637 4.4678334694626365 3.9909907119538683 3.8213047324050957
26300.0 4.150240 11.598653 4.7913673955994165 4.217566546950765 3.7685150087999735
26400.0 3.587537 9.145260 4.41515052226814 3.7513276382599665 4.033063432838783
26500.0 4.442666 9.759351 5.331532989358259 4.663770834591376 3.5122298517764556
26600.0 3.804249 8.988717 4.534541315124178 4.05965208018043 3.5481851014633414
26700.0 3.816054 9.530926 4.740140653560427 4.10104400652026 3.5625400525626314
26800.0 4.802815 13.405615 5.511359138112203 4.832000477164431 4.244432091372158
26900.0 3.167349 7.671503 3.8868766248732944 3.3683300451373546 3.853784028290496
27000.0 3.303200 9.445688 4.272775802557869 3.5916578997948183 3.240676655935727
27100.0 4.614117 13.977053 4.532089769015768 4.349006936267244 3.612394675220103
27200.0 5.003673 12.905801 5.51964871175712 4.892721202238182 4.008703206556237
27300.0 3.811455 11.490921 4.6316801213973084 3.921741553209344 3.5059608882846245
27400.0 4.649021 15.324353 5.078386958331558 4.582517099524328 3.432535081915853
27500.0 5.466710 14.919710 5.985418494300524 5.33654214405966 3.7096174664466752
27600.0 4.119746 8.236561 4.740983657729865 4.290098397008321 3.8801643897507234
27700.0 2.987037 6.044233 3.9455106454690254 3.213021652172711 3.451979163397722
27800.0 3.365888 8.688690 4.062879895077824 3.544242775507265 3.931440831275381
27900.0 2.639790 5.266814 3.786513468174712 2.9391956289484056 3.9540106724007416
28000.0 4.748653 11.100461 5.2721501022563695 4.799879526141472 3.5614668777340186
28100.0 3.902261 9.757424 4.788338968366324 4.09497775209426 3.6120120279650143
28200.0 3.204236 8.058465 4.0776874332807775 3.441649774813394 3.6668690421183716
28300.0 3.990515 10.656293 4.214908038952126 3.8732290831910188 3.5787874598760263
28400.0 4.822757 13.711017 4.880982782264247 4.518693737494019 3.7406936737880967
28500.0 4.085100 7.691928 4.564055600070657 4.175291366392414 3.4497294596714254
28600.0 4.257749 12.694512 4.929653242977768 4.345482075515302 3.515901315683293
28700.0 5.013857 16.522112 5.398433715399991 4.857802750398607 3.626446302355397
28800.0 3.219239 7.655605 3.8704245320247552 3.3344992976976027 3.4557612600600662
28900.0 3.618997 5.209793 4.254244689972558 3.8539967807408813 3.441789785377472
29000.0 3.709488 10.833727 4.66074295888824 3.8789294385055273 3.875805007049021
29100.0 4.608451 13.641520 5.474240486626748 4.801067703382196 3.420405911916071
29200.0 4.321740 11.898240 4.618249648426329 4.239200481972839 3.7836243700248042
29300.0 3.721869 10.160049 4.3577958137450485 3.881577609068644 3.2456474526446555
29400.0 3.566092 8.244834 4.663112674425328 3.8553142045246838 3.896110039978734
29500.0 4.625651 13.896359 5.126504424936455 4.669806415184247 3.8274750838440244
29600.0 3.278405 5.992576 4.1450566863626985 3.479484560242038 3.8461000998172774
29700.0 4.137295 11.151731 4.708056891087231 4.1476719898035 3.5955695717934852
29800.0 2.985294 7.864400 3.9841876465885218 3.2919440303532315 3.7805344809334853
29900.0 3.337611 8.659239 4.069132416821937 3.4676408011290447 4.016413961789499
30000.0 3.443840 5.724361 4.152975801850665 3.631340404024728 3.634466164449108
30100.0 3.862108 9.847802 4.771988639049121 4.131728839481826 3.956518067832801
30200.0 2.762955 4.947871 3.887129992795121 3.1300517821755203 3.8086107900102664
30300.0 3.421593 7.699301 4.219617358481981 3.6559183833834945 3.69563077742573
30400.0 4.249431 12.330560 4.804448362251619 4.2378587670794134 3.733551039699835
30500.0 4.458334 10.482362 4.853745486687079 4.427335866349114 3.54712125803124
30600.0 3.921202 10.450028 4.493512206254358 4.047493699358569 3.37333988941798
30700.0 4.331365 11.257337 4.834287388205496 4.388405933318768 4.107363762756281
30800.0 3.007871 8.041585 4.053133062360445 3.3163174991136017 3.183754142329295
30900.0 3.492795 10.652463 4.137424198277022 3.585837515145926 3.7020937639401015
31000.0 5.241909 14.177755 5.845815424379971 5.1442291671048626 3.774565079805994
31100.0 5.076842 15.785919 5.3225606809770465 4.934819288286127 3.5620626563873987
31200.0 4.569708 12.848317 4.935586516497217 4.490942380502242 3.7792543526484956
31300.0 3.789514 5.905772 4.703510523532154 4.0942443505334465 3.4231326354308083
31400.0 3.265244 10.107010 4.090213090430108 3.490238234126785 3.721081915256771
31500.0 4.162810 11.222062 4.98379563434626 4.331018724508592 3.5154083269182275
31600.0 2.791251 8.702469 3.939430119650451 3.173403212590968 3.523263880176475
31700.0 2.682463 8.220166 3.7687584857227043 3.03448262640313 3.984751359948872
31800.0 4.352418 11.301936 5.4050971797321505 4.652469231404834 3.2803493589459913
31900.0 4.391713 11.227348 4.940879398086133 4.4260357066645835 3.439024060767232
32000.0 4.289440 11.032363 4.633376950502653 4.164705859569253 4.04895062591499
32100.0 4.484588 13.658550 5.038681828790272 4.491390931786169 3.754403924474252
32200.0 4.523668 11.165168 4.740798020309694 4.563256874605061 3.095257888405508
32300.0 3.896964 9.916176 4.912724850304125 4.218570596499273 3.9970771740525186
32400.0 4.414620 12.864470 4.781808351100957 4.320449999988088 3.167057438859103
32500.0 3.879540 9.532793 4.779018608590675 4.177041229782896 3.4186151176945865
32600.0 4.411293 12.595385 4.3394370788660215 4.244023295753124 3.0681660347073487
32700.0 4.038571 9.440914 5.086418309178979 4.306954532831455 3.966377450976062
32800.0 4.265057 12.294657 4.493919181131768 4.1612046655805415 3.962000322770609
32900.0 4.442680 13.830946 4.59232201374756 4.307601028004322 3.4712556849881273
33000.0 3.882635 8.369333 4.114528886635279 3.8634404826047386 3.670039507196953
33100.0 3.983677 11.560949 4.610841335326164 4.01383819146549 3.048570218992167
33200.0 5.210474 16.080789 5.42716765906341 4.992876312204595 3.504164155839922
33300.0 3.831176 11.658382 4.441050858150176 3.8496859796120892 3.1401998662580306
33400.0 3.746475 8.584256 4.066178813804884 3.756389779127853 3.864947694120871
33500.0 3.027595 9.401427 4.252168330244434 3.3651778686004707 3.7035246170118556
33600.0 3.153984 7.290141 4.0220236252039365 3.3931697866575625 3.906629250665896
33700.0 2.776504 4.786128 3.854894274072625 3.1890707068821063 3.7700897670490368
33800.0 3.631562 12.576610 4.476855297047107 3.858932287652343 3.921485260570773
33900.0 3.823649 10.000576 4.259981594746171 3.9727256221773066 3.750760192947926
34000.0 4.043716 9.762910 4.456657582079339 3.9623368768876435 3.4615598438652433
34100.0 5.333544 15.512974 5.592356178047095 5.071147571613868 3.782231397766286
34200.0 3.912302 9.908166 4.302081158761776 3.8094229398225123 3.490165596573915
34300.0 4.122360 11.506727 4.738092353855431 4.1899452744985926 3.912072660972207
34400.0 3.296841 7.048214 4.022213713766799 3.4805335871568697 3.4024690508898314
34500.0 3.135437 8.736827 4.023855768132953 3.236329379842008 3.8597058482627196
34600.0 3.037583 6.383614 3.873922690648951 3.315191850266659 3.216690372652863
34700.0 3.116903 3.306162 4.101749660131209 3.348074892721861 3.696055201864967
34800.0 4.331468 11.284568 4.747168093441986 4.285724453294974 3.6025200276371905
34900.0 4.563688 10.439225 4.640440960428671 4.542362059744272 3.8714382026997827
35000.0 4.701274 12.017378 5.452657089534571 4.930358543825657 3.4438934382906194
35100.0 4.603607 13.597042 4.714310209767668 4.481645274872216 2.901122235810757
35200.0 4.631036 13.026125 5.030638951334696 4.623186093665883 3.300844987403657
35300.0 4.645551 14.280684 5.235612294442808 4.544593383027875 3.81654104353802
35400.0 4.989872 14.535118 5.390481613343037 4.897333233515955 3.8033740348171303
35500.0 3.664371 11.653799 4.277953892468959 3.718146495654444 3.6750864397379233
35600.0 3.994739 13.812196 4.861063354741799 4.166216600700325 3.435445045379213
35700.0 5.204705 14.440638 5.306702411130571 4.968101032521192 3.779715989474978
35800.0 3.806791 9.486770 4.49789195128707 3.9879226098823786 4.18567490587859
35900.0 4.806007 14.269953 5.43729458336135 4.762273539117716 3.6361665783669497
36000.0 3.830418 12.479177 4.545855033596516 3.9060718294146577 3.2586483388124217
36100.0 4.119279 10.499836 4.973481406700012 4.2981680641943 3.810820032485815
36200.0 3.445369 8.220262 4.211120021164522 3.572916136406795 3.7642718584874966
36300.0 3.447113 8.398308 4.088902784842341 3.6245676360654913 3.813211949904242
36400.0 5.079894 14.009793 5.4450436756711085 4.971623887647552 3.9629691380991976
36500.0 4.298697 10.555198 5.028806202893182 4.44168992776549 3.489465032518534
36600.0 5.526478 14.865700 6.206308437661702 5.5208687285242215 3.600942284367403
36700.0 4.365919 11.617951 4.4242040015560145 4.128769999732268 3.348226782908886
36800.0 3.883146 11.367725 4.277884558193783 3.8204216134899736 3.823430210076244
36900.0 4.507341 14.278528 4.812585406382551 4.362400091710137 3.453469420714809
37000.0 4.229592 10.224416 4.928044054021885 4.377261047415283 3.287949403689404
37100.0 4.190043 10.386255 4.54063473090216 4.093445841960721 3.6689538407302393
37200.0 4.110985 10.360477 4.597051939925589 4.222857006928279 3.57236098854755
37300.0 4.521916 12.727134 4.899929839163677 4.590377642878226 3.649121487978394
37400.0 3.311033 8.223115 4.306620651043751 3.6418578625251397 3.8551491011753085
37500.0 4.626199 14.748760 5.203750633213799 4.600416186247799 3.7341917187651115
37600.0 4.053638 9.330924 4.967449925850343 4.269998289327717 3.634492067774956
37700.0 3.574228 9.579964 4.212225007375287 3.6895362974675634 3.5889925168057686
37800.0 4.672940 13.246174 5.033134059367362 4.630695472827244 3.8206451346363597
37900.0 5.320432 15.811866 5.5781940403561325 5.0920313482077 3.555672606186226
38000.0 4.125740 12.874712 5.058945339109896 4.303947040271717 4.176805663757971
38100.0 3.680476 10.933896 4.650331646175236 3.901042586968289 3.7700699821723003
38200.0 4.202611 10.785923 5.0076110239210605 4.387117614175554 3.737133376843146
38300.0 3.960013 11.101358 4.72381237570965 4.189285272861214 3.624637549785692
38400.0 3.248325 8.715957 3.960411210142358 3.3844702449209865 3.4913723742682676
38500.0 3.483091 9.969670 4.026482024007912 3.5526665389631296 3.545295530829034
38600.0 4.134059 11.485156 4.522110211587175 4.123202039918614 3.9856269647281524
38700.0 4.274081 11.532843 4.740034954360049 4.293041333192001 3.8816223056021415
38800.0 4.333163 13.561505 5.168534923414998 4.38400891763316 3.7083546177006403
38900.0 3.384636 7.973735 4.360921954226644 3.568729689657266 3.7355587345901995
39000.0 2.589468 7.498803 3.263842861031562 2.7341923566736672 3.211390578774667
39100.0 3.845335 10.242187 4.574929753884163 4.010301137937047 3.8513755363135287
39200.0 3.415606 9.007291 4.319702947540238 3.727957932481917 3.8358978453540074
39300.0 3.454766 8.656440 4.232393938481986 3.7018340540344163 4.139168596949619
39400.0 2.563601 8.273136 3.6644911600857424 2.854089984560772 3.516628503450937
39500.0 4.121949 10.238896 5.237194727466516 4.492242708385455 3.4802182237399895
39600.0 4.363546 11.109570 4.555472558872971 4.1834983444428575 3.3259969499269224
39700.0 5.103351 14.534479 5.516241604981523 5.0000165189971035 3.730851937686448
39800.0 3.762984 13.626514 4.4065897922477255 3.806520637316807 3.443972391069112
39900.0 4.475379 10.564615 4.873152428487117 4.5687388854224045 3.656026287145285
40000.0 4.807684 14.435093 4.8937510429395195 4.587504048802286 3.8751550156398133
40100.0 3.634426 6.729113 4.0143181516424065 3.6569507355090622 3.828969327903137
40200.0 4.068028 12.322749 4.70165219332869 4.162346363937514 3.732049750792423
40300.0 4.183532 10.101389 4.702950698678112 4.223081554710191 3.3202449700698056
40400.0 4.074844 13.432530 4.741883585683126 4.10730377171403 3.31400592898982
40500.0 4.797577 13.511095 5.475684958714445 4.806769456406755 3.885353128960534
40600.0 3.806191 8.946671 4.640704479477273 3.9633509203165214 3.7266351831688436
40700.0 3.676031 11.113381 4.332168826787811 3.795926351410111 3.674612358742264
40800.0 3.985381 12.043497 4.441607129467774 4.013638051511824 3.4775349969637754
40900.0 3.820908 8.716872 4.33139032452132 3.9130070514318853 3.154516757995677
41000.0 3.387645 9.297242 3.918718922255561 3.378192097697747 3.7612598602339933
41100.0 4.802281 12.271259 5.597757622233644 4.97504588006253 3.735740543155072
41200.0 4.582173 12.844352 5.044225843276624 4.716038841970296 3.688730026295031
41300.0 4.844897 12.093239 5.1546506310737845 4.788470658464318 3.5168512087900914
41400.0 3.950603 10.223460 5.101578250705637 4.3869890808542245 3.7349739972459104
41500.0 3.202501 7.069272 4.177202552056161 3.4933257570590586 3.3335545690705053
41600.0 3.049949 7.003111 3.777611961265841 3.280161422208264 3.277255308054241
41700.0 3.014082 7.818943 3.895442769316965 3.1931593565303396 3.885260279018988
41800.0 4.345496 11.602892 4.784069709594237 4.362705095712566 3.8438638855393874
41900.0 4.008222 10.376789 4.7131045422958735 4.114126704061736 3.648696658436907
42000.0 4.639052 13.585733 4.861418309116854 4.57486225972174 3.5393823910128366
42100.0 3.866495 9.407696 4.3180419179772604 3.906438768875683 3.530195407773813
42200.0 2.295372 4.320289 3.74618343238272 2.8075119815799234 3.3525600942055296
42300.0 4.753976 10.303582 5.151945120960793 4.671014623167898 3.4358547889305338
42400.0 4.180242 11.832975 4.539899640353439 4.05874404668188 4.253196340868798
42500.0 2.916150 7.929118 3.691732814545504 3.144330393578933 3.7271685485236867
42600.0 3.502576 12.568865 4.266374219280355 3.6808075869554386 3.593549131593543
42700.0 4.596746 12.318057 5.057739810925731 4.5906825043996236 3.6707643969174457
42800.0 4.051282 11.468396 4.906118285943471 4.157161974803366 3.2976921050662353
42900.0 4.184927 12.661837 4.43282858497074 4.090050459483212 3.343736512024089
43000.0 3.760022 7.183278 4.312918558928888 3.9296112292575587 3.355148581629088
43100.0 3.728100 10.352197 4.653353045743967 3.8871825386241854 4.036419755909059
43200.0 3.583148 9.241054 4.652123555454994 3.9104853903974637 3.5903592069581225
43300.0 4.410421 11.675204 4.9674828325021485 4.504218872441162 4.17882287605994
43400.0 3.106906 6.481066 3.9709867531039427 3.4811186857331915 3.7881628059523105
43500.0 3.708649 7.665724 4.355564639374032 3.842819215149364 3.967571155302046
43600.0 3.814536 8.629097 4.790267643117795 4.00586188847731 3.8884016345603305
43700.0 4.517453 13.233603 5.017541858546572 4.54253474597761 4.011980026451074
43800.0 5.103609 16.075857 5.059700924933562 4.762728106118146 3.2809949877726194
43900.0 5.282937 16.982989 5.524719400448732 5.0187670263447615 3.3478307811270502
44000.0 4.087712 9.514814 4.486328878044108 4.046351227383746 3.7307052746964775
44100.0 3.849955 10.217127 4.409983142639494 3.908749011322199 3.6485455956880597
44200.0 4.675614 13.801271 5.380835483703661 4.630227502027548 3.3616327807493036
44300.0 3.975881 10.844334 4.6824691992913925 4.1125495005025465 3.80528737336901
44400.0 2.736972 4.239251 3.5471735906030104 2.9380222046976097 3.6726204060939436
44500.0 3.488728 7.964267 4.065906036797208 3.582627386936805 3.709806191521643
44600.0 3.175750 9.356727 3.787039307731152 3.275416862609618 3.748125645985982
44700.0 5.161157 16.187542 5.469576993325273 4.952600208255207 3.3420565668242657
44800.0 3.998531 11.349596 4.383315553380891 3.8812723683229957 3.4800374120148785
44900.0 4.214821 10.416843 4.759236354861685 4.238908633534325 3.8071076696166717
45000.0 5.123778 13.010858 5.276787277559499 4.979492195738852 4.022482279210954
45100.0 3.464123 9.889594 4.339238279664377 3.6794247079971822 3.229652354123693
45200.0 2.799624 7.136911 3.9125253835784686 3.183529935452159 3.8613563376327935
45300.0 3.545742 10.322801 4.1436022614830135 3.650125840594591 3.7600055920681377
45400.0 4.048201 12.475451 4.619416022710237 4.1011996465269736 3.6455294993867846
45500.0 3.296887 10.260172 4.265248877252489 3.534501421594006 3.6604658126177765
45600.0 3.919922 10.040820 4.710471173535584 4.138949977622858 3.2519660042751566
45700.0 4.244216 13.485264 4.589467109725972 4.13274740688041 3.31461196279723
45800.0 5.556199 15.108917 6.330973919733217 5.652556588498463 3.3619469924937686
45900.0 4.073076 8.302886 4.931439381589938 4.198893147453946 3.89132173821034
46000.0 4.101682 10.633805 4.810915652720911 4.281582206173638 3.5452702756031016
46100.0 4.460019 12.967779 4.946732904394375 4.387483950148461 3.1201677819752125
46200.0 5.133823 13.969565 5.920752604255427 5.232728927190755 3.9797683171221223
46300.0 4.333402 12.830802 4.957694684743024 4.394283869497392 3.5506050908382325
46400.0 4.386920 10.398952 5.158756884842509 4.575221189234169 3.9577101330462763
46500.0 4.526356 13.011554 4.893527464905237 4.372848281718951 3.582017109341556
46600.0 2.824371 9.391956 3.8178374053660824 3.142679209072251 3.5229199366927904
46700.0 3.328357 9.779226 4.100872979539652 3.469759541470875 3.7060019699946074
46800.0 4.325825 12.999730 4.807113840312384 4.324198587283044 3.797010994105838
46900.0 4.407785 12.589614 4.965465236515024 4.4400634787821565 3.6046365920419707
47000.0 3.922029 12.963841 4.894904759742909 4.167659721410685 3.553667673811616
47100.0 3.589508 11.660816 3.9266826146510843 3.5200842674686594 3.881398382918254
47200.0 3.777685 10.301518 4.619287825259666 3.968191226871467 3.576398173664131
47300.0 5.357979 16.472437 5.580900236782662 5.157229739884832 3.5918596932344187
47400.0 4.206621 11.299274 4.682733992449455 4.139535561204325 3.6123934967648057
47500.0 3.520250 10.366417 4.456680642075254 3.7448689399208854 3.488396687081213
47600.0 4.401623 14.036585 5.235512265349257 4.586407978418167 3.5006882531298795
47700.0 3.641653 10.053249 4.729717271331162 3.9551714671746603 3.750508430515583
47800.0 3.934236 11.874094 4.6051237104577165 4.133350333282629 3.288011224294905
47900.0 4.030644 11.154779 4.625729898589736 4.142854058673314 3.514000343476001
48000.0 3.407361 11.010632 4.230909231564452 3.617630322805916 3.8863549776607584
48100.0 3.702256 10.362415 4.0700176850888985 3.6599982822451436 4.364955104321018
48200.0 3.234045 8.652834 4.153129712048731 3.4773056708431205 3.766628231051703
48300.0 3.315303 8.069454 4.196869419423452 3.554828013312571 3.2351368588118152
48400.0 3.704228 10.743690 4.31983583140615 3.802632887093792 3.91136787847481
48500.0 4.146931 10.743551 4.599583761046571 4.14808275389561 3.8730873506830212
48600.0 4.119548 12.138584 4.871371476643896 4.277430539758649 4.002023300410064
48700.0 5.469139 16.740539 5.781629154042823 5.306281007048992 3.360477831613423
48800.0 4.259923 13.554978 4.608378993624399 4.201146458096493 3.3196225311387995
48900.0 3.544143 9.039779 4.47175435545775 3.786466844111109 3.7889304991093558
49000.0 3.953078 9.157907 4.217419979956917 3.949123848405767 3.6405752327075134
49100.0 5.213430 16.181744 5.148065635218219 4.837234200123496 3.506374685620777
49200.0 4.603827 11.974447 4.517931813666517 4.38768482505342 3.7961533729734582
49300.0 4.463957 12.082646 4.947952679774448 4.423103013430246 4.081434943775087
49400.0 4.633034 13.630945 4.849051598903639 4.450892706705914 4.140057827871885
49500.0 4.570579 12.249683 4.763015820038456 4.374068576318653 3.4834382571388165
49600.0 4.854613 14.378405 5.140483885706981 4.6917146298526395 3.6914019254379253
49700.0 3.801267 6.337394 4.628670441524098 4.100397385061738 3.94082446554237
49800.0 2.941285 10.085728 3.5054813278868657 3.0714343660471766 3.454810055451562
49900.0 3.017024 9.483908 3.9821174859164974 3.2430844345845236 3.7427403493721334
50000.0 4.059484 10.572111 5.190603625365887 4.404748278575423 3.7824305466072086
50100.0 3.731310 8.792715 4.4943799045024235 3.9467126461024042 3.445165767014262
50200.0 4.050276 10.038784 4.372077861573256 4.0567697005355114 3.7472447045594746
50300.0 4.263467 9.852440 4.906744346241311 4.372233901221397 3.583134972789872
50400.0 4.073356 10.232916 4.62013676343408 4.187834492122294 3.314176306163106
50500.0 4.038675 10.494884 5.106884375560169 4.265397118378736 3.338077285568414
50600.0 3.782888 11.700562 4.325154585782347 3.798648722492727 3.504349729691641
50700.0 3.803302 10.421974 4.4657770323907435 3.973848904702124 3.664852389501555
50800.0 4.200115 12.171357 4.658909134988987 4.155808730451703 3.464528656836609
50900.0 4.033194 9.366391 4.896682549192198 4.312117495246087 3.6306419801314047
51000.0 2.749773 8.015168 3.494090610828214 2.9971916497490736 3.697368854617775
51100.0 3.657573 11.416153 4.510091470504401 3.798855862925133 3.399135075172096
51200.0 4.320026 10.124846 4.60796244531105 4.247689300857037 4.220566397810853
51300.0 4.744053 14.606956 5.29207516663911 4.734514763718376 3.8121524389620522
51400.0 4.831273 12.783514 5.068591104185993 4.656089418000334 3.5783825587894014
51500.0 5.561356 15.926594 5.480750289814922 5.238445146412136 3.8010907617300003
51600.0 5.239776 15.706427 5.440695572374666 5.056119176370291 3.3246463788505447
51700.0 3.625609 9.349820 4.469927054904026 3.7276346253151913 3.3425601077997067
51800.0 4.419970 13.012133 5.283974353401955 4.567332757257239 3.645083730948404
51900.0 4.102639 11.687409 4.516510760252328 4.0433298371614 3.4314276767958494
52000.0 3.702929 9.063993 4.256112948159443 3.837829917080003 3.705423831441871
52100.0 3.898517 8.811657 4.508359756757027 4.03854847752393 3.7983519900475367
52200.0 4.362209 11.995829 4.56526616028748 4.22509553719874 3.60760852869418
52300.0 5.063915 13.524769 5.69568639337295 5.16305403765118 3.2078754047690294
52400.0 4.225846 11.868146 4.565417477470185 4.18857852217163 3.3195584718239175
52500.0 2.682512 4.842422 3.6053445320545463 2.905922968752322 3.461461022622629
52600.0 2.213063 6.136821 3.676775925506481 2.8153364603375186 3.836684705889395
52700.0 3.148808 6.848468 3.920449187629029 3.3454140546143987 3.673685012531721
52800.0 3.090678 8.595572 3.7639148951232277 3.1922270699200808 3.3038409437053295
52900.0 4.201887 11.969616 4.695821402360508 4.173492364223562 3.8089625992816067
53000.0 4.069943 12.608886 4.664200355372574 4.121077810972021 3.601117336325339
53100.0 4.530689 11.817761 5.328425591376368 4.750258859814696 3.914223212955996
53200.0 4.786047 11.407285 5.775999122670388 5.1300606325821345 3.8297282628872584
53300.0 3.807468 9.501765 4.2828508130367515 3.937609490394695 3.3098943120152597
53400.0 3.514675 10.243101 4.177592411633206 3.6471123538229593 3.278563451706807
53500.0 3.635207 9.256347 4.617814543490157 3.834359977713414 3.736673799762831
53600.0 4.582182 13.083502 4.8638870786645825 4.495448080717157 3.8659247159964014
53700.0 4.997631 15.427514 5.247226203689135 4.847487148465896 3.6422662223868256
53800.0 3.877952 10.719629 4.816946037131257 4.168077697704242 3.666244207818808
53900.0 2.933134 8.317932 3.826054154794015 3.2348900387231687 3.36121576491706
54000.0 2.905373 7.881724 3.851139407198231 3.140257579774685 3.792263461092602
54100.0 3.143797 9.186993 3.6985278572622526 3.331433020640754 3.492955511162154
54200.0 3.790773 11.503841 4.39336286402648 3.88653177681326 3.88233027519711
54300.0 4.405441 11.729379 4.56979093258482 4.249668453508249 3.530333580604891
54400.0 3.511276 8.547090 4.245402895992576 3.6983223581739253 3.5895121191885884
54500.0 3.676815 10.474181 4.099612022017826 3.75142265985592 3.7487661298284545
54600.0 3.954334 9.162330 4.564700964343127 4.023967041163974 3.520043795612458
54700.0 4.888066 14.036530 5.5118097996506625 4.914979613375976 3.2715986022520918
54800.0 3.811740 12.251828 4.779839809772538 4.024081368344066 3.685878376401945
54900.0 4.603699 12.816806 4.802323410590477 4.557677536447874 3.3673063632552545
55000.0 3.635692 10.157387 4.686833163442383 3.936207614486309 3.5007861030252285
55100.0 2.825991 8.465658 4.08798103518338 3.34913578832053 3.438121815272799
55200.0 3.992618 12.191099 4.7475851649091565 4.097323819135234 3.5549162659016202
55300.0 4.407612 12.682495 4.871990073694836 4.512970830958237 3.7444034463106513
55400.0 3.041168 8.533322 4.04367658403189 3.351712689603695 3.7607060950153737
55500.0 2.948966 8.895937 3.7512984424374642 3.1523947867820072 3.944066223510445
55600.0 4.212753 12.576997 5.027613155181509 4.3936370516629815 3.854465837513634
55700.0 2.327319 5.648004 3.4325231606072824 2.6938804383009742 3.4222082493901596
55800.0 2.965992 3.049950 3.684927710016849 3.085533985547646 3.079133906240701
55900.0 3.271659 7.620466 3.994011609940152 3.5609638834078843 3.6523563830821244
56000.0 2.335354 6.021941 3.358527877014415 2.7013216936221003 4.098254447545463
56100.0 2.609579 5.916615 3.8000916066936985 3.0145710369161303 3.6233312697612075
56200.0 4.240115 13.715520 4.685718855479578 4.319322263060749 3.130307096631474
56300.0 3.414018 9.717132 4.432655920980984 3.7292899982255907 3.8826062866222464
56400.0 3.208636 7.232213 4.140975787199066 3.4703510250947183 3.310092593796435
56500.0 4.279989 11.245179 4.509255042755272 4.175410223952966 3.717888775064669
56600.0 4.485039 10.457470 4.58270727233243 4.376407463752544 4.015562799104747
56700.0 3.687159 10.956181 4.665924585241461 3.9881740439955187 3.167833957119474
56800.0 4.059017 13.440982 4.690412306655995 4.042436148374099 3.8650438696578555
56900.0 4.892890 13.073294 5.066063398933007 4.703751379473256 3.5508068264315376
57000.0 3.489981 8.567383 4.406955956082945 3.77960092000076 3.903575040446257
57100.0 3.356433 9.014614 4.059230336686908 3.5234466603919836 3.5266728092697717
57200.0 3.312820 7.703990 3.9858237180402996 3.508440214040762 3.643907159740393
57300.0 2.990782 5.191663 3.8975502427749866 3.295168608132055 3.1490532721525963
57400.0 2.664808 2.209480 3.5664055228344798 2.9134718911398267 3.676253392024607
57500.0 4.201756 12.574988 5.022620148929162 4.367621431254608 3.456007579524487
57600.0 5.183804 14.394396 5.518377411186403 5.108222316522702 3.5333423922718628
57700.0 4.281917 12.702540 4.296661565000031 4.022973804941866 3.6335680437858566
57800.0 4.620006 14.180969 5.247823507973027 4.611131971347653 3.6868598935964685
57900.0 3.773609 9.840312 4.309010706234236 3.772921876556254 3.923312874620097
58000.0 3.846988 9.350407 4.632453661584015 4.1328160498275 3.91901810807662
58100.0 3.608975 10.599669 4.505279154729537 3.888343902610674 3.473776327040522
58200.0 4.295646 10.795693 4.747917179713314 4.346323407381039 3.701920833337781
58300.0 3.532825 10.136569 3.9650949337914834 3.5359987929859917 3.8235068543328037
58400.0 3.288040 7.577541 4.119589889509299 3.6087791034194967 3.800089643499595
58500.0 4.725911 13.005550 4.951751562897802 4.705658672357807 3.7136078534384813
58600.0 2.778515 6.635825 3.768952063871834 3.098729100601001 3.5114911175942285
58700.0 4.430451 11.430141 5.176286545761086 4.546724164638122 3.937368274142659
58800.0 4.064308 12.942303 4.515086902155862 4.005839786673955 3.723064079479486
58900.0 3.629271 6.864465 4.3441399579402304 3.764598781160308 3.7536604229300705
59000.0 4.381870 11.702273 5.000031129545444 4.456776875740349 3.726245509994847
59100.0 5.045464 15.448231 5.189950779394636 4.848095136963606 3.82344453446561
59200.0 3.892114 11.194482 4.606953873304107 3.9409137411978077 3.922402993290666
59300.0 3.488580 7.983768 4.312465341404191 3.7478657112100944 3.707591223970307
59400.0 3.878580 8.455757 4.356392869341776 3.99218189686234 3.292536349184913
59500.0 4.045678 9.529481 4.345239527331036 4.06532369461029 3.1478050092789545
59600.0 3.562852 8.752923 4.166449736757068 3.75060896212502 3.4071508097399383
59700.0 3.791073 10.228366 4.385112696395242 3.8355447637234144 3.427597010013042
59800.0 4.509204 15.520025 5.292153847335182 4.611446817623107 3.5751140591372796
59900.0 4.529452 15.127711 5.394650044785049 4.681340389716425 3.2951676360518976
60000.0 2.938516 6.213544 4.024624491092892 3.293434724436805 4.131497488602117
60100.0 4.568278 12.137586 4.778138041803848 4.512425786220369 3.6214838520424406
60200.0 4.202482 12.747284 4.440003857124562 4.092163680183181 3.673583851743509
60300.0 5.081085 15.817321 5.411166734220859 4.9166303037532115 3.6463720743828594
60400.0 4.857695 14.017571 5.226475518672657 4.707020023392328 3.566353708675178
60500.0 3.928439 9.763192 4.695201726618563 4.128691289250062 3.6838203906300633
60600.0 3.452726 8.593407 4.631518950867833 3.8070785942927197 3.6993466907354033
60700.0 3.941520 10.217263 4.5087569110494075 4.054496971263942 4.012294113913323
60800.0 4.622122 14.680787 5.189192490279749 4.604364040246376 3.6774907558589383
60900.0 3.344146 7.744231 4.153242475593055 3.6757869217816688 3.8364026986767263
61000.0 3.886973 10.886697 4.683585455091776 4.0951375580611975 3.689017250732341
61100.0 4.696192 13.933893 5.100824904437064 4.6220026125901175 3.401726710339138
61200.0 4.078361 11.044610 4.228374655168633 3.9609514660984533 3.699342016361286
61300.0 3.208807 5.294364 3.9046721023304434 3.391354124068551 3.3975886776554214
61400.0 4.942980 14.610082 5.090303023783606 4.892362696124652 3.74907633754097
61500.0 4.289572 13.706136 4.957403862633376 4.292970689234412 3.8658089564527978
61600.0 4.810770 12.750448 5.226394038046599 4.810520878427753 3.3756133361700082
61700.0 3.732094 11.212151 4.540973619517504 3.8978512466829236 3.6378401301281342
61800.0 3.599512 9.591209 4.46349092896601 3.851579075523091 3.5447421738067804
61900.0 3.777113 9.859558 4.506821747296285 4.039296834251433 3.112628467110018
62000.0 3.283322 11.257988 4.1163461486810276 3.502565565444091 3.929082568209125
62100.0 4.101040 9.609513 4.38000027369435 4.128084023626733 3.977127803141668
62200.0 3.650067 8.415821 4.399304754195255 3.842298450077408 3.2476997381755797
62300.0 3.489256 10.383793 4.582457760010469 3.743792713212511 4.0432343903192765
62400.0 4.774037 14.809640 5.644414097353766 4.890405066873566 3.917343181802361
62500.0 3.377410 8.675261 4.366647654056848 3.6544942716800137 3.982305326185483
62600.0 3.819825 10.038711 4.905794852383429 4.114259149452487 3.490493416799699
62700.0 5.206175 15.268846 5.926163659237944 5.198019925584542 3.8385625646287838
62800.0 4.322303 13.176711 4.839077350022196 4.268034501559758 4.193350363968911
62900.0 5.026175 14.994125 5.308295531688654 4.911718825241863 3.298125024909694
63000.0 5.872821 17.127525 5.876249818862343 5.529922557977577 3.4626550107690055
63100.0 3.404770 8.381310 4.37692570411294 3.695610098116847 3.652516354125863
63200.0 5.306717 16.407013 5.795339267593775 5.25806664013344 3.2130312777694408
63300.0 3.585296 8.659294 4.468771634643927 3.839362498320388 3.626457265461243
63400.0 2.415093 6.058560 3.5713480755091793 2.788892426022308 3.6559848679445555
63500.0 3.756133 9.031344 4.295750335228104 3.872279945463832 3.8403560265703556
63600.0 3.999770 11.869184 4.774627892624826 4.137626715627675 4.097779836796481
63700.0 4.810800 11.397729 5.310348534877733 4.869597404680471 3.3728627641488678
63800.0 4.048204 10.679767 4.299846814235478 3.9592447065630374 3.6382282535153823
63900.0 4.239057 11.809608 4.973989938191671 4.393593620226627 3.237397322053998
64000.0 4.017657 10.672704 4.312784918487239 4.0066108073799755 3.2439322161032047
64100.0 2.553143 2.798897 3.6842923353696344 2.963202708670765 3.59601802494068
64200.0 3.495746 10.690689 4.110257869276507 3.552907291427034 3.861513804194326
64300.0 4.172728 12.764777 4.420749595814006 4.042864894831252 2.9842993687602974
64400.0 3.825553 11.019976 4.224743194767853 3.809412141489529 3.7163618536012963
64500.0 3.621031 6.767930 4.446447596215254 3.837207149341169 3.7612307520389847
64600.0 4.250407 11.257113 4.784728343402992 4.356473542033039 3.6339969396529126
64700.0 4.025945 9.904806 4.261956647531926 3.969337927943835 3.598877806181384
64800.0 3.507661 10.700676 4.226502493339296 3.4941112779077517 3.96216727272183
64900.0 4.709893 14.891949 5.117248244404655 4.670602801155541 3.29228478273317
65000.0 4.595229 14.466241 5.3346136076899775 4.750860979371577 3.6668667047931973
65100.0 3.745497 8.457712 4.174068657743171 3.748713473287867 3.4114773987928078
65200.0 4.215449 8.930645 4.641945872711057 4.303330056499857 3.0575483101375016
65300.0 3.141387 5.849038 3.9663488844339434 3.3476854529321605 4.09897550421122
65400.0 4.557669 11.797989 4.966391903182239 4.441140943795251 3.9545338973045454
65500.0 4.652989 13.187264 4.851754030353899 4.507421734582618 3.910258321397427
65600.0 3.596665 7.627508 4.425273935614963 3.680368430846218 3.543385625292743
65700.0 2.639162 7.865072 3.611713753257546 2.874849086948282 4.193785861982513
65800.0 2.913400 7.882694 3.8446704955297 3.132543599905626 3.400319138695989
65900.0 2.567836 7.437823 3.667216606318246 2.892406282424943 3.238051404374065
66000.0 2.737082 6.409344 3.735522875689827 3.0640469000750588 3.9210663540694095
66100.0 3.057959 7.596254 3.8782358216698127 3.2898596926643755 4.22242272930604
66200.0 3.959118 9.393296 4.587879074829577 3.9648718922619466 3.3113759197420336
66300.0 3.293534 9.507627 3.7432578170556177 3.32867492935397 3.011394910235003
66400.0 3.039325 7.039437 3.890886033148865 3.3477637490222083 3.721800596252961
66500.0 3.733649 8.444173 4.490822526085205 3.7807005080293785 3.715904580453975
66600.0 2.950314 5.995728 3.851003945132829 3.131349767185278 3.5937145635305194
66700.0 3.077705 3.605378 4.149515264895031 3.4161000422598633 3.6499068389698275
66800.0 4.350563 12.869111 4.843535809528651 4.387811781722336 3.591273599977789
66900.0 3.696967 8.308450 4.272284786226634 3.7951792843598495 3.557493063971248
67000.0 4.658797 14.635607 5.325108775562491 4.716310709528633 3.070723818301056
67100.0 4.091150 9.632342 4.644374147813226 4.227170602163684 3.8746722667129037
67200.0 5.017894 14.948282 5.496128118751431 5.00948329861735 3.951824066519731
67300.0 5.405056 17.465210 5.404601862273545 5.027323197543528 3.837374426763552
67400.0 3.508962 7.062645 4.103130108780866 3.617083089529085 3.6038012490032303
67500.0 5.059582 12.252839 4.944277422419479 4.770930606609089 3.530256908159229
67600.0 4.264065 11.220163 4.734494353116347 4.243340449241902 3.532750315862432
67700.0 3.209225 8.733235 3.988483095510242 3.3580816287447677 3.4872977421917213
67800.0 2.632552 7.136134 3.7124045187508776 2.9504701999949656 3.001410952118872
67900.0 3.583390 10.373395 4.513143012776334 3.780544362388204 3.6613338160916844
68000.0 3.106800 9.151771 3.8743420608623125 3.341378574025999 4.397118917892367
68100.0 4.242107 12.763008 4.903660698356247 4.36294592693451 3.5377637265095454
68200.0 4.594313 9.389461 4.9579088483679365 4.568117184968943 3.7366473870683956
68300.0 5.221091 16.590703 5.896522697714936 5.258060237521623 3.5138416414125646
68400.0 4.715489 13.530765 5.079813486250697 4.540850979228039 3.9526410369369533
68500.0 4.707710 13.399321 4.9597662775464855 4.635983579299919 3.97836453483166
68600.0 4.752316 14.736879 5.379410356031773 4.711554599362068 3.433713875156689
68700.0 4.102681 9.803217 4.590076080229949 4.132600618669975 3.6378779390215668
68800.0 4.768310 13.994666 4.710255751700174 4.409773042408459 3.693225435297514
68900.0 3.415357 9.988469 4.114576626765325 3.4875207071839536 3.774536941778302
69000.0 2.635969 4.603790 3.713814296192229 2.9407168873388834 3.700201491583542
69100.0 3.596010 7.045300 4.590190847322409 3.9414249415555 3.4781282201391397
69200.0 2.583778 4.309985 3.953293544857571 3.0247005960547675 3.7502321330729367
69300.0 2.416218 5.497292 3.589428908086458 2.787058553082031 4.210005432898389
69400.0 2.554055 2.674600 3.0751356998516886 2.676490709143607 3.955239266973934
69500.0 3.419177 6.085117 3.8624258339719115 3.6184545914297863 3.2852786308023654
69600.0 3.573527 8.582226 4.077096635675559 3.722732311411418 3.364117189433429
69700.0 3.007226 8.865137 4.063279090452566 3.3048164077991156 3.9980660107565416
69800.0 3.833465 8.174467 4.568810695513508 4.073425906390036 3.2822103937392244
69900.0 3.722104 10.349680 4.623638453297071 3.8616830657950705 3.471242287090917
70000.0 4.477239 13.547087 5.085332712068853 4.492723372049936 3.2680068869366337
70100.0 3.802001 11.370024 4.371522679118748 3.8320766686375425 3.8151198815454546
70200.0 3.508088 7.175874 4.114301299934352 3.7583254549701364 3.3826947118982043
70300.0 4.148191 13.387316 4.756958782310795 4.109784440386197 3.959450059338761
70400.0 3.591813 9.277019 4.158201807413337 3.7086206840900022 3.919085565724261
70500.0 3.809649 7.767766 4.465441898327417 3.952295288713807 3.670211197436575
70600.0 4.286319 11.895319 4.700421623432323 4.216338078757225 3.8323351694752428
70700.0 4.357439 13.260336 4.888238439388438 4.396145383146815 3.360189596189318
70800.0 3.699379 9.520733 4.242053294353287 3.8274201365505256 3.7987039576773522
70900.0 3.938498 11.014942 4.888698928253097 4.177149987855532 4.2059146881669305
71000.0 3.530140 8.520915 3.8743366527821768 3.5129387040553075 3.5714187477638304
71100.0 4.990100 15.336462 5.139633951189051 4.779485696490065 4.210395881549113
71200.0 3.495014 11.635893 4.269104265617333 3.6407037442147985 3.066003304605687
71300.0 3.483647 9.078624 4.251782794369327 3.642700680859643 3.617868132920696
71400.0 3.583258 6.010132 4.445288394141572 3.8066316800725 3.6548043170235602
71500.0 3.804250 9.356300 4.505466850137651 3.9729624351074437 3.7781157584231186
71600.0 3.803667 9.045781 4.110823240087061 3.7993012407859337 3.7485948570568777
71700.0 3.969280 10.776890 4.320495429887823 3.8673048454630314 3.702030897285275
71800.0 3.757834 11.126290 4.524265630207718 3.974662246027536 3.449314121798409
71900.0 3.448759 9.742953 4.429031924482948 3.781620146618854 3.601381678493728
72000.0 3.053396 8.816514 3.8534085726197698 3.2661409269756905 3.9260201575025415
72100.0 3.075736 9.706995 3.8544690365129566 3.2627402454735748 3.6275823381519086
72200.0 3.830227 9.953867 4.876930769779395 4.165912457035567 3.513525269873692
72300.0 4.063097 10.599262 4.764178749607785 4.23580698594949 3.9612202731720787
72400.0 3.138219 8.178362 4.149762411210949 3.415067007274008 3.5738557098930728
72500.0 3.797810 10.390974 4.562358220657542 4.019536397107086 3.5059087498663186
72600.0 4.132759 12.205695 4.428885161414433 4.067818143046985 3.5488326849196308
72700.0 2.888587 7.593284 3.9775548541310086 3.2185868636469923 3.698499075817202
72800.0 4.589852 13.006333 5.265855032240939 4.670110168375644 3.7218401217898482
72900.0 3.726792 9.851996 4.268805641726466 3.8650266233510244 3.967535847693255
73000.0 4.392783 11.442901 4.951178166282015 4.427691624613561 3.4475947004578473
73100.0 3.502890 9.002003 4.079630097400868 3.696024819399287 3.7771815682840253
73200.0 4.916642 15.527249 5.4518176659997755 4.90059509863834 3.631430320515049
73300.0 4.192249 14.722849 4.528209375559814 4.106632751337434 3.5289418091413216
73400.0 5.411144 16.659769 5.4328411365455205 5.176984747984224 3.38250327528385
73500.0 4.618187 13.967550 4.75913711083094 4.338770163700732 3.359587912424461
73600.0 4.769051 12.877064 5.159075428150308 4.586218530728091 3.619818738558136
73700.0 4.233566 11.231580 4.375490080563998 4.138764715477621 3.4798027604381616
73800.0 3.633968 11.081925 4.1897886512497795 3.7324975071519466 3.534184873449514
73900.0 4.773586 13.713305 5.207869280334301 4.74816375832103 3.5061351725285683
74000.0 3.909538 11.184091 4.2926176028031025 3.8951051751098604 3.8331392592301894
74100.0 4.601795 12.180350 4.795347661559965 4.447932913252799 3.7644711076291006
74200.0 3.930105 11.859521 4.359246350290348 3.954401835231563 3.7681943581552284
74300.0 3.033811 10.176168 4.209908654792935 3.4452529647063046 3.7169884704769247
74400.0 4.932861 13.555417 5.497238746559186 4.8890129344182585 3.623016635786717
74500.0 3.646680 8.541639 3.859783679026223 3.4850225674737607 3.78042806002697
74600.0 3.615668 10.171255 4.033113745016956 3.6175153636404627 3.6979965246229036
74700.0 4.872874 15.391682 4.914161327371968 4.644695081740339 3.6738979665932523
74800.0 4.249886 11.001410 5.039251631240733 4.41726669729149 3.4248001438365026
74900.0 3.938302 11.052618 4.320479963327562 3.8516401202534745 3.5710793502340707
75000.0 4.776704 14.480905 4.971834930417196 4.567200156519093 3.6062767351011495
75100.0 3.939471 9.172554 4.249365767136991 3.9177610860201812 3.5838174488442958
75200.0 3.310735 8.823480 4.130385304826703 3.547565855859732 3.84637369239956
75300.0 3.696524 9.424537 4.247146532122592 3.755109948335738 3.8573373104137088
75400.0 3.357804 10.838920 4.322099570266659 3.5501303005413973 3.3500940811593423
75500.0 3.356506 9.423572 3.966616385734132 3.5019109530476507 3.816794795478334
75600.0 3.362596 5.835394 4.16179804277264 3.5785012704248365 3.574950041853798
75700.0 2.502450 7.082603 3.7097736788292357 2.9366463848942517 3.67856330792072
75800.0 4.681352 12.997684 5.150177623294715 4.595512834360182 3.2361580834531627
75900.0 5.097898 14.465807 5.7064439896058445 5.087443920388923 3.442650777167991
76000.0 4.379066 11.056693 4.750829945179096 4.365933535444104 3.3470086116626963
76100.0 4.669174 12.058165 5.24980935605581 4.729257221755077 3.673504276686441
76200.0 4.027599 11.797847 4.468177025898867 4.038406244117623 3.9549781811059943
76300.0 5.033406 14.756259 5.580242764072883 4.953833324626863 3.441604229688331
76400.0 5.212322 15.550082 5.756811995794014 5.176417300603518 3.6073786940626404
76500.0 4.239100 9.110992 5.024633878556603 4.418532091739522 3.4736482369158077
76600.0 3.777828 10.019892 4.443047633145126 3.9007142635948746 3.4960008801168185
76700.0 4.003241 10.883271 4.91875733257508 4.188018350922772 3.62558643302156
76800.0 4.483347 13.355048 4.486365367744058 4.3069257788672815 3.7729665165094946
76900.0 3.483864 9.092453 4.400879187050798 3.761896473058572 3.7037330480445707
77000.0 3.001242 6.220631 3.9192746762018125 3.351012924867102 3.4712872533355967
77100.0 4.306409 10.814477 4.764727616368284 4.353334755955672 3.888386638812728
77200.0 4.241781 9.816566 5.244895613982455 4.5004029743102825 3.7610052790139195
77300.0 3.321615 8.615360 3.803531022280425 3.41359845227615 3.325735294301659
77400.0 4.039174 12.222551 4.544797128349252 3.9981226584782106 3.629046534337784
77500.0 2.631947 6.137985 3.743790780609289 3.0604986534414262 3.2991150469090598
77600.0 3.921080 10.951814 4.417245982484289 3.9634544993139684 3.3282627812714027
77700.0 4.122422 12.209167 4.252847916761677 4.032959625936646 3.418147616518607
77800.0 3.817008 9.961088 4.573586232790982 3.9795787298504988 3.210440717955616
77900.0 4.200067 11.074259 4.690815351747725 4.281765621643675 3.849048242713539
78000.0 3.439082 6.118449 3.9352653019685757 3.4973082255306758 3.542382604753217
78100.0 3.434495 9.504600 4.022561618138692 3.550732126200764 4.18142921419817
78200.0 2.963823 7.140540 4.243179800005634 3.407759818195411 3.8050468384748144
78300.0 4.147758 10.586016 4.952998177012532 4.395445490320308 3.6173449616573135
78400.0 4.415885 11.804905 5.149851850350718 4.460786981500008 3.761474277514453
78500.0 3.301947 5.429327 4.161037816362264 3.553051231409718 3.24719672708084
78600.0 4.553957 12.667880 5.312495719395443 4.628954519461795 3.2070855272478633
78700.0 3.330457 7.148381 4.438113629871005 3.676555003950477 3.2878679934297788
78800.0 3.500428 7.124482 4.0385247620782865 3.6082879211138894 3.4713937612755563
78900.0 3.213095 6.578620 4.199973872899178 3.488106460432045 3.3954531433875994
79000.0 2.397941 4.188309 3.7933719444130785 2.8997373552068693 3.962671611860598
79100.0 3.643919 10.716020 4.638456868750091 3.903442273459792 3.6505286888566024
79200.0 3.897899 11.450641 4.355353780823307 3.845179082308898 3.9962316258212707
79300.0 3.740805 11.010990 4.552517929010653 3.9457564801524807 3.5198073093104894
79400.0 4.255560 12.548100 4.835168866396773 4.279391468121857 3.584024489333076
79500.0 3.752410 10.626380 4.3884281683569135 3.889712255702533 3.3140243317578455
79600.0 4.206668 12.081749 4.930157110987628 4.389263191941904 3.9159201717509275
79700.0 3.791492 7.734704 4.564390548032878 4.0596220590755765 3.6681905992039554
79800.0 3.610996 8.234686 4.613467966276654 3.9363161325341665 3.6072471751590123
79900.0 4.194752 10.401492 5.076315074896725 4.311836445865139 3.336113262363537
80000.0 4.936208 13.213124 4.926602237726627 4.723280825764473 3.878142787785018
80100.0 4.330846 14.024809 4.88312133142808 4.27407478071502 3.6373641945431467
80200.0 4.340768 13.038709 5.00311753052945 4.426806526883009 3.664876008521537
80300.0 2.637640 7.586633 3.4344704236880155 2.80940455497864 3.6852705432521584
80400.0 3.905980 10.538087 4.557898397795089 4.049127824110604 3.3714263319374136
80500.0 3.443916 8.436804 4.121967425871362 3.558911917824568 3.91680270362469
80600.0 4.678502 14.388581 5.519366031983621 4.893032723254312 3.5377286641927217
80700.0 3.837052 9.086028 4.655015707068612 4.044844120928883 3.676225272554308
80800.0 2.820561 5.075489 3.6050257876187364 3.0080162727508384 4.184740723213697
80900.0 2.687054 3.768250 3.942020786823778 3.1940375588600936 3.676053671688604
81000.0 2.809618 5.517659 3.7628633464123085 3.1838260868133967 3.175102768817451
81100.0 3.604607 11.716332 4.397343110574862 3.699111255009877 4.171754332524515
81200.0 4.359937 12.527233 5.169544469904619 4.563288597304349 3.573697284937798
81300.0 3.751435 9.944910 4.451616581014377 3.9469281537178977 3.4421611105677474
81400.0 4.363169 11.172970 4.755423929724116 4.348815443717882 3.5750262846816714
81500.0 4.056386 9.439913 4.782605583642689 4.226893051321767 3.860722296842754
81600.0 4.615336 13.019629 5.059957612448137 4.601583135089894 3.7429016012868024
81700.0 4.473027 12.918351 5.287750508938055 4.6649543216837115 3.3686901954330914
81800.0 4.308525 14.010847 4.926708445382149 4.4088992730239704 3.607711228169529
81900.0 3.100933 6.844842 3.9821847051163175 3.3225720723418597 4.1227169342945515
82000.0 4.678393 11.781649 4.617427544413256 4.472119519820913 3.696950136677414
82100.0 3.043943 8.835706 4.048567008062535 3.353957569886041 4.186392307437846
82200.0 4.365955 13.132105 4.6954397080223975 4.233769886455015 3.6992389899875286
82300.0 4.551074 14.416210 5.2593808656431325 4.614843685845321 3.93154314869501
82400.0 3.317624 10.783737 4.358651747161124 3.5428553950247434 3.5388802679454816
82500.0 3.307122 8.281966 4.488791253836804 3.6937332800513785 3.490744828443068
82600.0 4.166516 12.601334 4.752620453393199 4.24462375324279 3.428809820916888
82700.0 4.697893 10.657764 4.704526857303066 4.477439929554556 3.553472397677264
82800.0 3.915414 8.109357 3.9466508993128824 3.8170730217499274 3.248093758864079
82900.0 3.844199 9.753551 4.256098945207562 3.9085284446233644 3.2846266554495154
83000.0 4.556215 13.658750 5.3610622678794035 4.67260758430407 3.38183646902978
83100.0 4.115725 10.282907 4.573927477424536 4.06727046180087 3.2576249332357152
83200.0 4.247673 10.738698 4.842057663529475 4.307412816659441 3.5611393867724717
83300.0 3.742406 12.215629 4.210613018887752 3.7508164813593052 3.63484855325474
83400.0 4.512042 12.100128 5.032065676796506 4.483877387502735 3.099913028165285
83500.0 3.564630 10.489840 4.43664853889286 3.7320789267407073 3.8564524924535193
83600.0 3.885514 11.090797 4.833055409804274 4.14507164003655 3.835815671028287
83700.0 4.076466 12.191124 4.904843801115512 4.383029489003845 3.607866867055433
83800.0 2.849417 8.979679 4.001013823012344 3.1837697263660836 3.50117023964438
83900.0 4.374830 12.514613 5.182710537653705 4.583334728889224 4.294657262209679
84000.0 3.814575 10.032946 4.320989486515285 3.7540716104312595 3.6843200606963125
84100.0 2.988388 9.346379 3.8020821193018475 3.264056956815641 4.110707034816753
84200.0 3.988593 6.687710 4.140932328180394 3.941227518546041 3.4666151904495925
84300.0 3.034315 8.864616 3.8614688780898443 3.294513549265242 3.1860758168239864
84400.0 3.298568 5.669898 4.118235909785238 3.5195433194421684 3.9165556810381186
84500.0 3.632410 9.481708 4.573638490111575 3.915378701092647 3.725962810703472
84600.0 4.835505 14.074648 5.211882265454071 4.700581145911458 3.729959382542503
84700.0 3.560152 9.826069 4.405306196656507 3.7042099080933606 3.8035231240975644
84800.0 3.459696 10.766635 4.2227130707503076 3.650908746456653 4.159809084431695
84900.0 3.752686 8.845995 4.7396840791042685 4.059955813526139 3.7038604582984838
85000.0 3.609792 7.570548 4.171665977194811 3.775252576119753 3.572377560168906
85100.0 4.331855 11.721316 5.129831497232114 4.500074437507172 3.6438813166324615
85200.0 3.648132 11.739893 4.324158509180965 3.7172520267548044 4.050832976310579
85300.0 4.267714 9.685703 4.749830788518554 4.376475556228401 3.4081522456442532
85400.0 4.120405 10.949153 4.947866419359701 4.260523794690531 3.9938917180764753
85500.0 4.461921 12.277690 4.5496565551629 4.254459510132603 3.3020747554296532
85600.0 3.788974 6.659067 4.691248107947894 4.105850757259966 3.327007105678943
85700.0 3.861726 7.983964 4.19134877538569 3.8657532211607353 3.189500490106133
85800.0 4.629327 13.034990 5.348307852206373 4.666957907608503 3.7540899637997143
85900.0 3.169801 9.835584 3.6446550422806197 3.3110708598510814 3.835004477282538
86000.0 3.317887 9.845110 4.230151619956845 3.5414280792501382 3.6923360378388415
86100.0 4.399649 13.865865 4.63184657229209 4.3211490830887085 3.369270498874526
86200.0 4.416322 11.995593 4.66339381674536 4.31615477206616 3.5363897905579056
86300.0 4.086447 11.998386 4.62535502277961 4.055588980745913 3.89145627790827
86400.0 3.599045 9.475421 4.695910018464707 3.9212255483602187 4.159647417465445
86500.0 3.583753 7.041173 4.158175018991016 3.6587200632494836 4.055265930188561
86600.0 4.106385 10.647976 4.760836944034592 4.167050894848493 4.314096875566761
86700.0 3.284865 7.081826 4.180963660080019 3.671397007156031 2.9775030608313244
86800.0 4.452378 12.167909 4.937782058303753 4.5015139559663195 3.4094209444836654
86900.0 3.331395 9.786668 3.947164184454179 3.4503504951087334 3.045751934104985
87000.0 4.097268 12.155697 4.377940258599671 4.056505478820851 3.6488314790162284
87100.0 4.459206 14.161814 4.721925352456646 4.342643436148918 3.7686473965240253
87200.0 3.175529 7.431706 4.057054202123201 3.473638343480553 3.965381425529725
87300.0 3.043603 5.336351 4.144102239756824 3.359419137842752 3.5611514742150194
87400.0 3.635430 7.837228 4.082917948061555 3.720904184873314 3.421329259214384
87500.0 3.224388 7.553084 4.049488309618086 3.4256268189961827 3.5720131278948135
87600.0 4.158362 10.707373 5.042800312729803 4.347770721654655 3.750472631349223
87700.0 4.684137 11.148221 4.759795795168981 4.5886655618515 3.5598913333029087
87800.0 4.363188 10.338203 4.993165175820002 4.489344877962403 3.745157091198793
87900.0 3.877527 10.875436 5.075823930805049 4.190324278479493 3.875575970266221
88000.0 3.154123 10.455783 3.9629820449362394 3.358578094503994 3.6180517450015715
88100.0 3.584078 10.796098 4.251555716898687 3.773518905884236 3.5819952265457604
88200.0 3.618741 7.294474 4.353763259530224 3.7261856729428193 4.015635406256921
88300.0 4.533451 10.985660 4.44305189034245 4.3201385133700425 3.163609407673063
88400.0 4.087012 12.217757 4.4602963925158985 4.004738748037283 3.943692418868642
88500.0 4.500120 11.604612 5.028791113424264 4.563590165449866 3.7027001082111335
88600.0 4.609910 13.254861 4.996330001198846 4.572162771593393 3.9661599184099847
88700.0 5.466182 14.429108 5.571885602002384 5.157735453995764 3.7650513440396027
88800.0 3.732450 11.030103 4.483543855971639 3.968691766844093 3.746366935358607
88900.0 3.114818 5.423425 4.342804217535622 3.519165938246461 3.65994504041497
89000.0 4.619111 12.848496 5.1329699090345375 4.664452495069434 3.823234871922148
89100.0 4.569003 13.995849 4.8550331295477 4.479731938922175 3.161189421698683
89200.0 4.895648 13.945309 5.112940790929578 4.763073317563358 3.7912208263592335
89300.0 4.163240 8.735953 4.90525612852673 4.391261056325248 3.358770527919875
89400.0 3.228631 7.770593 4.128104214381907 3.5505186729092495 3.7372839513695677
89500.0 5.092436 15.945106 5.713990391394133 5.086441311836343 4.147938371501101
89600.0 4.509427 12.491666 5.033586927234327 4.510108666777639 3.6580340450327196
89700.0 3.375114 7.751493 4.309411079307174 3.6305193914734626 3.5534491180029364
89800.0 3.228880 7.340682 4.177017761030314 3.527141719052041 3.065164232734515
89900.0 4.058333 8.875289 4.30989957605866 3.9750003209935167 3.4580811057939376
90000.0 4.835230 13.053200 5.315063701513715 4.847550786787029 3.539375979178005
90100.0 4.673148 11.167730 5.417788981954201 4.788623685601289 3.386643814279453
90200.0 2.713283 5.697609 3.8843490943759846 3.2161819264147926 3.53534698287151
90300.0 3.735392 9.229241 4.2246655199344465 3.722115510381169 3.5522950510511273
90400.0 4.617655 14.218440 4.8668000700526335 4.519483508813897 4.06107254973463
90500.0 3.804231 9.500764 4.312149139674476 3.890179224493005 3.691598375646671
90600.0 2.699055 7.792719 3.586886342491193 2.9888728243548894 3.904894789411749
90700.0 2.330675 4.751539 3.3943595037311374 2.6874790532380546 3.9313794575969156
90800.0 3.181861 7.313581 4.136045534461 3.4815682245717663 3.9908327840986884
90900.0 3.019352 4.825747 3.843331175395444 3.273324148714612 3.8097493478140043
91000.0 3.699133 8.654290 4.661396269093293 3.9192552316577935 3.569140692945367
91100.0 4.020998 7.572847 4.895433458437901 4.336823970745073 3.836055233823528
91200.0 4.399094 13.301578 5.0371087304641815 4.369474375422485 4.007852128388564
91300.0 4.488957 14.011635 4.90928166486583 4.413615720084115 3.7993984509408336
91400.0 4.192682 11.332818 4.600846784355607 4.174231712242302 3.730138747065745
91500.0 4.587746 14.971240 5.054811469078201 4.5085154477204705 3.3651896136954753
91600.0 4.370675 13.454891 5.081068509939183 4.376692929539853 3.594167364609553
91700.0 4.256276 11.917992 4.740567728911289 4.373906266773269 3.4957287102831924
91800.0 3.610997 7.995802 4.526814933548304 3.863504324287928 3.97291865140073
91900.0 4.520676 13.414645 5.010624940513195 4.551259089057925 3.5474714772119684
92000.0 3.630056 8.437030 4.476847094725881 3.8449765367461053 3.707000415907997
92100.0 4.860433 13.075421 5.080218495567868 4.781885787550291 4.0211097866337004
92200.0 3.829509 11.299258 4.339446643369814 3.8596646444680953 3.5680894060661856
92300.0 3.317430 7.165038 3.8408893092904166 3.4664630230415927 3.67528490712023
92400.0 3.381415 10.495963 4.0301619055496385 3.5295545457233697 3.3792242946096986
92500.0 3.119265 10.118506 4.099304384231622 3.345818241002221 3.6808680620545338
92600.0 3.226483 9.919471 4.0964003989212685 3.4615633875782343 3.5464810641923554
92700.0 3.895383 8.178642 4.32686002167189 3.9044430739524376 3.584718772812435
92800.0 4.487220 13.996153 5.082085986733915 4.478223974326521 3.5924263465580584
92900.0 3.676598 12.081367 4.05321933861189 3.7733704588137558 3.6517823022248534
93000.0 3.591823 5.629557 4.273898325677568 3.7545107146597076 3.764826904995345
93100.0 2.754557 9.536125 4.18552383898482 3.203568705653622 3.721054636982004
93200.0 2.913005 6.322575 4.203534976257425 3.37765073074897 3.6670789377625463
93300.0 2.713274 4.980516 3.5395080141050728 2.9112008272472516 3.545309424897292
93400.0 3.495234 7.863218 3.7207622877025495 3.4997919340952977 3.5635728152327757
93500.0 2.729115 7.436809 3.939126166347417 3.2406140277561213 4.124609591208266
93600.0 3.617539 9.153709 4.119217420397787 3.658677672760763 3.3513564527010358
93700.0 4.341251 11.266275 4.83601479815041 4.337317378273205 3.9623303103350094
93800.0 4.108413 13.861149 4.5655637104222615 4.068736524191046 3.6251900099455066
93900.0 3.945406 11.771777 4.555114331105034 4.008849148122054 3.84365861278377
94000.0 2.344784 6.782143 3.7102467593623656 2.8003056740622094 3.9681766298036534
94100.0 2.865486 7.618543 3.767133214308669 3.083762415710698 3.6560340201686086
94200.0 3.192484 9.265931 4.132777687716664 3.3655549707481307 3.3277787722023553
94300.0 3.880029 9.980415 4.611979115747212 3.9292131752873196 3.879893346357204
94400.0 3.735837 10.406109 4.395327662516756 3.846009208191449 3.5647420875051155
94500.0 3.249593 8.318770 3.803212479642817 3.3390668351530817 3.730514080495627
94600.0 4.025780 9.350551 4.599260518240547 4.111078414114381 3.8129639660092827
94700.0 4.251351 11.976875 4.949976954595643 4.323056686331056 3.2156556698746668
94800.0 4.000477 9.372024 4.5894422142621405 4.129142108917576 3.4623274297237
94900.0 5.314599 16.310566 5.7500982130428735 5.261197430041604 3.282962168436314
95000.0 3.884541 12.023888 4.477754760459155 4.016331791998306 3.656216022852523
95100.0 4.057113 13.267216 4.582633800288137 4.165617049147781 3.508353419321409
95200.0 4.291330 12.666987 4.495633626729525 4.2138594200724135 3.3829558228210725
95300.0 4.059926 12.378048 4.821133642686322 4.22623021483678 3.8139272057817837
95400.0 5.049273 14.940957 5.583175423857082 4.969824600024459 3.8946097161410362
95500.0 5.423110 14.515502 5.530300761198652 5.209510867911841 3.6013280098681384
95600.0 3.399496 9.092520 4.184626214369355 3.7147790476304223 3.9844478599739532
95700.0 3.894990 10.976551 4.614646998461847 3.9562404798681428 3.4021570055125587
95800.0 3.424438 7.480245 4.152706630092618 3.655913612824913 3.338554107817837
95900.0 3.010147 6.558106 4.049738344310243 3.317708650321286 3.391630229288512
96000.0 3.802588 11.710698 4.436917720106613 3.920518917934038 3.308660098056275
96100.0 2.888938 5.852384 3.6432737760922755 3.171065096465048 3.800835242242624
96200.0 3.976304 6.356650 4.505102413198096 4.074748561511031 3.665666499487298
96300.0 4.095277 8.927599 4.7084539102396255 4.260940955890693 3.5755586427463735
96400.0 4.488869 12.622702 4.585745666644641 4.356274855928487 3.380676293421275
96500.0 3.811853 10.639988 4.116952514166003 3.8489982379174132 3.136225435771025
96600.0 3.653845 7.786591 4.7065548200606315 3.914089045906899 3.7141011119497516
96700.0 4.123968 9.310905 5.051259792715097 4.467694904601281 3.8090986609070314
96800.0 3.682098 10.005350 4.048357666124216 3.688347384479052 3.4427604782438617
96900.0 3.826828 8.755165 4.511523637974076 3.955861090158816 3.4777216661385766
97000.0 3.597672 8.901558 4.475930656078175 3.895437422952587 4.16822308455418
97100.0 3.628058 9.235742 4.346731553032211 3.6646287012787866 3.173220007847894
97200.0 5.767406 15.818808 5.4403098000492855 5.300004422964531 3.2532365249603754
97300.0 4.056964 9.940929 4.497180603664468 4.132555742099274 3.41901102540217
97400.0 3.838575 8.721933 4.775635725212744 4.217649593032567 3.181194238466704
97500.0 3.906221 12.233221 4.3071099334422485 3.9441960844992527 3.630826217106453
97600.0 4.736952 15.566322 4.860588744555123 4.489254954807047 3.456476162114563
97700.0 4.085139 9.443637 4.452527225653135 4.009489113139674 3.997810847242197
97800.0 3.447772 9.941346 4.1111194241046345 3.5698973935872678 4.274471276416777
97900.0 4.409237 10.843098 5.183634217463833 4.624721591752978 3.6165811724465087
98000.0 4.550823 14.055016 5.353380403445434 4.726899007049268 3.3039695510713263
98100.0 4.227605 8.673363 4.363789421412827 4.09388599780607 3.9555983293769743
98200.0 4.741679 14.210183 5.1966332824971095 4.675624895235397 3.6805788647998128
98300.0 3.487434 11.199578 4.251248376300849 3.558195188923431 4.390820237623728
98400.0 3.132340 9.014252 3.8111985453140944 3.229153191949993 4.065381795375474
98500.0 4.148049 12.818674 4.964472589811011 4.2221982458499685 3.4065438612973713
98600.0 4.355549 11.909091 4.659496289827164 4.266203015479942 3.6243518074371437
98700.0 4.429344 12.950407 5.114028367734713 4.473931021705031 3.5999757781121247
98800.0 3.860127 10.794734 5.007861957775036 4.275731818479359 3.1364270748326253
98900.0 4.922299 14.104044 5.401158715902989 4.968586523101019 3.0707109931251435
99000.0 3.627339 9.522218 4.4624492127399895 3.820528089381718 3.986368746208091
99100.0 3.287136 8.557859 4.295447513148374 3.5756716393695163 3.852669629220634
99200.0 3.254153 6.200322 3.8196971438200067 3.3677531732788855 2.9271512297826816
99300.0 3.142938 10.562279 4.480441524743517 3.566878717439412 3.1354266204152403
99400.0 3.517534 7.784281 4.236577175162164 3.6294511900948137 3.83538104468565
99500.0 4.058109 11.381374 4.689675162506822 4.062825107820558 3.5677302837627414
99600.0 4.070128 12.402045 5.126789892074531 4.34932403141167 4.164904612366955
99700.0 3.316661 11.090507 3.558238702108874 3.2277050347861835 3.407363492362695
99800.0 2.991284 8.209522 3.880898665917406 3.1913412272503243 3.3601984080112532
99900.0 3.974712 10.170552 4.324317189051969 3.8192525612710058 3.2782644868340096
100000.0 4.680415 11.730939 4.6741391681295195 4.536532544949813 3.924163053438728
