# t rg re s3 s4 s6
100.0 4.775934 12.156186 5.6649463323133205 5.2331326546875925 4.834126836332039
200.0 4.246916 7.775190 5.502958486952314 4.91043497731761 4.811858934337923
300.0 3.989693 8.711096 5.622926217677115 4.4796178237066675 4.998835324723611
400.0 4.639204 13.444941 5.6828963249690325 4.937333600560328 4.931128609105804
500.0 3.868921 11.063054 5.491265744343182 4.483284130969864 5.396255856938374
600.0 4.811338 12.274490 6.30204629989925 5.2580713461076645 4.895050534274318
700.0 4.748444 11.466966 6.410290540773598 5.326905444366263 5.922737015778143
800.0 4.631461 12.420857 6.184495266482738 5.029856697449507 5.259097971437945
900.0 4.188264 11.744985 5.854371653916973 4.8043867175749995 5.205965022277766
1000.0 4.206877 9.263036 5.9493638921609895 4.930237051027015 5.51249846422247
1100.0 3.789690 10.835988 5.514796124728864 4.492398121031622 5.015079667321682
1200.0 4.781598 15.741138 5.907681531310148 5.114960094534073 4.999624883852156
1300.0 5.469847 15.937560 6.354276582618898 5.530912922143768 4.756475393794296
1400.0 5.424705 15.299706 6.569311696298422 5.7097278093308725 4.283034540485897
1500.0 4.913776 13.717647 5.795122433797711 5.132473589144231 4.954604517053842
1600.0 4.343316 13.965980 5.846740807490194 4.893752534996508 5.507434970579505
1700.0 4.467885 10.453531 5.8425921300124015 4.892743517525413 4.321543931991376
1800.0 4.067731 7.877036 5.899411875241825 4.654003950482895 5.568853554823241
1900.0 5.224440 12.721817 6.360826148815121 5.533336698854394 4.707606665745112
2000.0 4.289812 13.666670 5.600646701290411 4.637111480394299 5.042462388022557
2100.0 4.573064 13.188382 5.855746643866239 4.920133167301944 5.496738830007101
2200.0 4.331804 13.627202 5.6387483942447965 4.777446427066019 5.109193818624103
2300.0 4.349292 8.642491 5.301275889081244 4.592246344740068 5.106560497050492
2400.0 3.984942 10.395121 5.502996101069817 4.593008366862737 4.616239722242594
2500.0 3.846598 8.561081 5.415849181944927 4.392213752976015 5.013887084264682
2600.0 4.669437 12.392317 5.784866351485152 4.960360745954517 5.147218327729873
2700.0 4.392675 10.335140 6.223355628452441 4.976678624206059 5.227911859598025
2800.0 4.665762 15.500206 5.9893507473059 5.0537378241985955 5.008926030498118
2900.0 5.676114 15.324185 6.579750084199622 5.7625457023803985 5.319441006877592
3000.0 5.125343 16.627194 5.938794282455813 5.295639612950241 4.591905158894639
3100.0 4.989756 12.907104 5.930526029618461 5.245131016455962 4.98735482205024
3200.0 5.015739 13.441729 6.096232732855169 5.3748478538899205 5.4076041769819385
3300.0 4.784241 12.116672 6.275675199606275 5.356743264131283 4.991251256364078
3400.0 4.455088 10.713824 6.374761688634307 5.215052608800949 4.939200502919525
3500.0 5.287362 14.561492 6.069510803767098 5.385281210072807 4.241816831849465
3600.0 5.034424 14.826896 5.8715857388788475 5.27530257116651 5.34015109101365
3700.0 4.944845 12.206017 6.102386023419146 5.30421327920757 5.134525088043342
3800.0 5.103001 12.971106 5.581605919256629 5.074799467122998 5.207393797656923
3900.0 4.803949 14.780512 5.953106428708782 5.0115712936068055 5.089872555617448
4000.0 4.390153 13.222321 5.791516945604117 4.715608487200391 4.904690268883317
4100.0 5.011646 14.397728 6.194243632782256 5.330972731415071 5.017371313733075
4200.0 4.514422 12.222229 5.410404194476259 4.77810849330859 5.412008334954886
4300.0 3.842593 7.228582 4.978670282016209 4.258400012523826 5.03470777707905
4400.0 4.002732 9.886685 5.607356914848822 4.76368389818083 4.232842160735943
4500.0 4.856895 15.836784 6.19108513142154 5.156369107707913 5.516072128493412
4600.0 4.970491 15.612001 6.7709148145755 5.530993693739986 5.834360790139457
4700.0 4.225731 9.694398 5.648619175974256 4.775593983982915 5.222946754628576
4800.0 4.095788 8.670235 5.26323929443548 4.587859361147612 5.300940355210525
4900.0 3.164136 4.093508 4.826378408955351 3.9185405619342215 4.410560015374163
5000.0 4.719398 11.887544 5.584737195629093 5.044452498885199 4.812813420560798
5100.0 4.581494 12.728915 5.2188778589211875 4.784146109214415 5.105536888567752
5200.0 4.393405 11.991316 5.54683385421361 4.789777813398655 6.1694413697083785
5300.0 4.175155 11.387480 5.657840238844288 4.723418124384234 5.019010158821597
5400.0 4.563689 13.055933 6.263113923031416 5.17697896902943 5.454838538188324
5500.0 5.717388 17.809246 6.402096777906474 5.81131444577661 4.667674105528607
5600.0 4.188581 12.866076 5.840269285014359 4.826890053638555 4.89955266241246
5700.0 4.198754 8.306030 5.651357879443081 4.681679107389717 5.359744040772106
5800.0 4.786484 14.175252 6.405163136774073 5.287247580163485 5.348803628978288
5900.0 4.547048 13.375663 5.989762326244487 4.941776837077236 4.832922646261983
6000.0 3.938091 10.943480 5.580483480456816 4.751311422422471 4.971516649626865
6100.0 4.411419 12.806092 5.486990586169583 4.704436771128576 5.509399998043359
6200.0 4.252209 11.450863 5.401363623767731 4.583535868973681 5.021240099072252
6300.0 4.184783 9.919969 5.895546380563358 4.812820824642799 5.749406129797442
6400.0 3.938425 11.718375 4.989581675198795 4.351133206210686 4.720635161020435
6500.0 5.002195 16.017983 6.073779473725978 5.241360879524478 5.411536417925207
6600.0 4.422001 13.147079 5.417215177321266 4.6379633509539975 4.84693805605303
6700.0 4.781759 12.690934 5.817207676622404 5.047798996896888 5.9224648206320625
6800.0 5.216875 14.311476 6.787734862328119 5.671403450486529 4.888076656208228
6900.0 4.747770 14.526285 6.156903204029945 5.169651463931284 4.679961017975748
7000.0 4.852613 12.771106 6.511708404669898 5.259168939914354 5.254248365467453
7100.0 5.597393 17.006932 6.776484905153573 5.857235415291281 5.06342820581385
7200.0 5.279024 15.158219 6.359865638377432 5.450115692743709 5.143401202115714
7300.0 4.513393 11.617844 6.360517632726308 5.1530267216993195 4.292567987060178
7400.0 5.057056 15.646281 6.165485647500581 5.348229460329062 4.689057517473359
7500.0 3.934215 13.201139 5.512547606476428 4.477762703663812 5.005532145621875
7600.0 5.178061 14.782648 6.393708935305114 5.4501580098759455 5.429067005104975
7700.0 4.706207 13.565930 5.763736539086043 5.0993003281007665 4.873387799148448
7800.0 5.517145 17.896974 6.733505842612028 5.735537598318606 4.752608976513426
7900.0 4.971690 13.939492 6.306229773301925 5.456700109976547 5.430101005345294
8000.0 4.144174 8.007633 5.453971758835228 4.669880787272182 5.403536281116079
8100.0 4.119400 11.314566 5.522040155423576 4.673288705241504 4.5584050806001
8200.0 4.967535 14.292591 6.029059268641025 5.241860066519426 5.108435821871593
8300.0 5.766120 17.178040 6.446554210828525 5.839838791711256 5.164263618790738
8400.0 4.223225 12.473529 5.553720909170888 4.838090104825623 4.149786063209439
8500.0 4.359357 13.142628 5.9895156851271025 4.885118331864694 5.210956932978802
8600.0 5.454343 13.510632 6.466163379248156 5.736563059009313 5.184855890865316
8700.0 4.696527 13.241943 6.091536151102603 5.10189456959577 5.148669208943138
8800.0 4.171594 10.660383 5.382883317446147 4.733823146304686 4.999176427965148
8900.0 5.012530 12.732625 5.850458133261913 5.195546563027451 4.523563200629172
9000.0 4.468900 13.853475 5.850320641701063 4.847967047359347 4.878278667032513
9100.0 4.531274 12.992709 5.876837387353138 4.933701370637089 4.749890867857825
9200.0 3.502429 9.089866 5.164256838860776 4.112913565937177 5.005347908389809
9300.0 4.435592 11.034562 5.518975253428192 4.997311021729013 4.750515086743791
9400.0 4.209090 8.329481 5.512899071705335 4.654696910069514 5.185306244860828
9500.0 4.685706 13.651898 5.6511715589537195 4.967423023470676 5.6635763086958075
9600.0 5.936105 17.963320 6.961726220234861 6.069760999429603 5.662755647193512
9700.0 4.749790 13.860660 5.744385389253465 4.970344144636875 5.129332778008964
9800.0 3.658855 10.421014 5.739861969885385 4.4353289349937315 4.722222286979383
9900.0 5.887992 18.770177 7.075719140217528 6.126168893382113 5.166618343672868
10000.0 4.452421 12.025798 6.3241059331477345 5.137939651272814 5.10140201986265
10100.0 6.089657 18.712137 7.0561609266406204 6.252570066602291 5.727851177027145
10200.0 5.758046 17.366896 6.485504670487046 5.817749607981615 5.119745001344186
10300.0 4.480097 13.478670 5.596847810058884 4.767440973523714 5.657988417165819
10400.0 3.935900 11.649463 4.781163009736418 4.241960332962723 4.434780469369087
10500.0 5.073351 16.514550 6.030980168293649 5.218724437758996 4.777813718912954
10600.0 4.156157 8.810496 5.492755581989737 4.753268181507696 5.0756718177154285
10700.0 4.575709 11.280229 5.4762787592101025 4.78889482132038 4.668432247562119
10800.0 3.905209 7.411642 5.674278241627136 4.667307725368937 5.053137838818215
10900.0 3.142806 8.914129 5.189937048934432 3.9938025513665583 5.708793565066662
11000.0 5.230149 14.884761 6.378553662413214 5.560119421842308 5.126026917704534
11100.0 5.101362 15.636768 5.695957098539273 5.185565686819388 5.080552085429782
11200.0 5.681142 15.721393 6.606434462566257 5.840500611983256 5.652361452145834
11300.0 4.379704 9.098045 5.584299831440544 4.667716657179956 5.516312081413061
11400.0 4.623986 13.645742 6.143980567786743 5.154203518592253 5.141755431816364
11500.0 4.763500 14.074164 6.017225534944194 5.054504931193077 5.2021106283470235
11600.0 5.088485 14.184781 6.031863754034084 5.257781884834763 4.682236040910973
11700.0 3.637397 10.544838 5.696515618333537 4.475481126999555 4.9842066473981275
11800.0 4.132516 12.294413 5.522335330613447 4.7144172497032075 5.299665463699673
11900.0 3.189287 8.292781 4.993480527269593 4.008336868723975 4.602104441641306
12000.0 4.602115 11.820101 5.743686557934156 4.844186548124826 5.24896067270462
12100.0 5.254277 11.209779 6.145715550838084 5.405692083361327 5.389537231937999
12200.0 5.301105 15.933193 6.39993099488081 5.680915205882602 5.018658652850564
12300.0 5.077621 16.141907 5.886613712464438 5.171764880443376 5.150246517395005
12400.0 4.592224 12.115582 5.879718513578341 5.0454734980332 5.7937935530041464
12500.0 4.497281 12.015120 5.8547773084813635 4.85413551027799 4.8867570028217795
12600.0 5.205297 16.214831 6.5673755354586625 5.6280878497309725 4.9076748889215525
12700.0 5.181421 16.274984 6.203523826105591 5.472938196449361 5.330240211631773
12800.0 5.397600 17.778520 6.0122711074008155 5.4379290038042765 4.93616335092836
12900.0 4.722502 13.666605 6.4044266840697395 5.259125765338328 4.6872238467066
13000.0 4.876913 11.954363 6.084524246130148 5.298704759409227 5.219067889809427
13100.0 5.042416 10.652790 6.520196946436061 5.49924496932655 4.43681118564901
13200.0 3.871037 7.982274 4.990480926220552 4.298028830951031 5.211724189213465
13300.0 5.069913 14.509475 6.571663870485263 5.493240101143968 5.438051478764693
13400.0 5.324790 14.051062 5.981259653310728 5.484623498595587 4.682258696682508
13500.0 4.788815 13.831989 5.728588572008671 5.081284279814006 4.961714792560955
13600.0 4.826786 14.233892 6.08350700344269 5.255146146805239 4.330957205000494
13700.0 4.040111 6.975253 5.662156603250275 4.660822560739497 5.06183168963573
13800.0 4.203523 8.690209 5.564629257564295 4.7529472477185815 5.0724979959022525
13900.0 6.030534 17.830372 7.330369722917893 6.324972134438701 4.868149733191536
14000.0 4.284774 12.490107 5.568141214077722 4.747548012961426 4.690273775591309
14100.0 4.168513 13.273781 5.466044595537397 4.5892286493185415 4.78177111663076
14200.0 4.256556 11.924848 5.844771884232433 4.753549249096351 5.018516909211452
14300.0 3.445682 10.101743 4.9052936395182964 3.9962584812125646 5.1180472543811995
14400.0 5.483883 14.657563 6.367078480303961 5.5154730360389435 5.583494912027049
14500.0 4.641053 14.264864 6.4384144826463245 5.245921305329608 5.824378313220395
14600.0 4.546232 11.179140 5.611202297697626 4.873554202331113 4.923732064084248
14700.0 5.359580 13.625906 6.077484920260373 5.334251600946661 5.11363222620809
14800.0 4.806848 13.292489 6.346846430827367 5.306271458581192 5.6323474883474525
14900.0 4.721323 13.124187 5.9928283285379536 5.126382538142705 4.482280894141541
15000.0 4.185504 8.906351 5.872457502832111 4.855680230121905 4.812557752067647
15100.0 4.839744 11.318927 5.866029934347104 5.06300459337442 5.218247305314133
15200.0 4.880395 12.751159 6.50641489638305 5.274010393772361 5.058715349702788
15300.0 4.633310 13.852961 5.530692083938515 4.876718699442139 5.297072640943269
15400.0 6.367513 17.919349 7.501246838783721 6.6096627545540985 4.957148142446785
15500.0 4.938918 10.593128 5.706007618520292 5.1812722226065 4.262939225973632
15600.0 4.215779 10.030966 5.729788198816867 4.703676213021747 5.272063229027216
15700.0 4.094467 4.541869 5.317227109617065 4.646980557018669 5.516435908394763
15800.0 4.638032 12.458571 5.636628045242544 4.809503626634535 4.88176230224245
15900.0 5.208626 15.638906 6.621711804542327 5.495880244944581 5.777478064846648
16000.0 5.149263 12.716874 6.4092572612814145 5.562077247741907 5.154454065619235
16100.0 4.476980 12.559462 5.984245389220655 5.015891086276305 5.013568968850086
16200.0 4.524129 14.917966 6.159381139360139 5.134499166146844 4.93572572211371
16300.0 4.882358 14.078889 6.42133080523195 5.465241488226112 5.45384558823717
16400.0 5.355369 13.343663 6.1707479987955915 5.342470792780164 5.825289124292633
16500.0 4.992352 14.295724 5.644818836215962 5.059772225069657 4.546780685703371
16600.0 4.982218 17.051614 6.268101297491809 5.162718476366618 4.928766784869095
16700.0 5.423225 16.395462 6.297662836730603 5.630340405708472 5.348062685102848
16800.0 5.455159 17.340243 6.767346123979563 5.783355870490297 4.718850896502188
16900.0 4.182662 13.621100 5.8153856741381595 4.7185225576469225 5.205715763414888
17000.0 4.821965 15.492808 5.571151318889495 4.939775172552691 4.698594609881763
17100.0 5.099901 15.996916 6.0697809549180715 5.32542559442263 5.140501376814179
17200.0 4.740595 11.907108 5.404772487980999 4.886520167619757 5.300593993299483
17300.0 3.468925 7.482078 5.588415434238882 4.395871537696666 4.921428439882339
17400.0 3.569678 6.198797 5.222552315696448 4.290571779360035 5.55827867751969
17500.0 4.470599 11.999680 6.231300478556962 5.15752327592575 4.887167649028725
17600.0 4.585429 13.647111 5.825299495483282 4.970209507332195 4.467358194830208
17700.0 5.657775 16.960733 6.193680782459459 5.558444952389967 5.004371969686987
17800.0 5.002751 14.209065 6.040142246351276 5.3547683828118755 4.9726030772490875
17900.0 5.169412 14.204848 6.480315672940996 5.505716516888539 5.030923174682722
18000.0 6.444813 21.194205 6.875443534099356 6.248921089320714 5.6550849097413725
18100.0 5.382741 15.876159 6.260714453590304 5.52882682439238 5.2594975970619116
18200.0 4.867372 13.887557 5.9828315842576725 5.151900338161777 5.619733279253907
18300.0 4.659919 13.769087 5.82771178946447 5.009623878908999 5.220677012977671
18400.0 4.960709 12.461331 6.876467764314241 5.611935172191946 6.132079762905987
18500.0 4.449234 13.401869 5.753583189980876 4.947680248761148 4.965304335556374
18600.0 4.516358 11.364448 5.7188621726905655 4.887682272452046 4.8282130668918795
18700.0 5.036762 12.443054 6.124357336143964 5.470730237022908 4.385317893564564
18800.0 5.461455 13.321954 6.459183508981084 5.664384712694644 5.308130826947021
18900.0 5.075721 11.993185 6.240271792364237 5.410080457956079 5.058619962080569
19000.0 3.871837 9.861276 5.251669135535037 4.521167603004851 5.166978566560314
19100.0 3.797592 10.972520 4.838713605128154 4.24340628425253 4.829723135122097
19200.0 5.401059 15.407210 6.353657229877444 5.643996613727313 5.50646600978992
19300.0 4.507007 13.454500 6.150648078192543 5.099203479497729 5.478963770781198
19400.0 5.704731 16.942776 6.42525078854077 5.845975681127283 4.49813722054109
19500.0 4.408223 12.438937 5.6060520455727785 4.748178849186469 4.858993016313449
19600.0 4.069091 9.828839 5.064930167221272 4.469533638508478 5.138017624285246
19700.0 4.770901 15.346520 6.173812956424213 5.252843502388723 4.884430462010059
19800.0 5.160268 13.003390 6.160819661369338 5.384052671321896 4.675523271248417
19900.0 4.519567 13.017145 5.99075884546434 5.058633941100703 4.557664874199315
20000.0 4.795052 12.537060 6.039720792081333 5.14367952352618 5.1249510164532
20100.0 5.291492 13.483312 6.224933372159834 5.521894259003025 5.131813733369904
20200.0 5.176751 14.286333 6.657083937924817 5.737063816378403 4.785142959426991
20300.0 4.624647 14.914870 6.407361666924738 5.180274771897612 4.862849787362803
20400.0 6.435629 18.323009 6.9912364351497365 6.269317781906002 4.951358830843146
20500.0 6.226074 20.436060 7.075615107426131 6.2222103972424 5.832022920833165
20600.0 4.830137 14.890620 6.352191765522371 5.324927813664498 6.061696622206524
20700.0 4.375633 13.062808 6.130678291661481 4.956138575748677 5.753640267895542
20800.0 4.448093 10.311619 5.600702894241457 4.792704172315669 4.545795961706447
20900.0 5.018348 13.357986 5.84373191140538 5.220766816159022 5.035976603189203
21000.0 4.794986 12.653837 6.196905330336989 5.167249562792612 5.432838310309432
21100.0 4.872193 11.442334 5.889039979593401 5.059407332789792 4.732187750850331
21200.0 4.301989 7.865024 5.932894375833399 4.962760089590085 5.075631967496106
21300.0 4.186450 9.564113 6.251803301686677 5.0038841796701155 4.676767740584456
21400.0 4.100574 11.137377 4.995638550745906 4.328977722274104 5.449478602409521
21500.0 3.441511 6.808131 4.482366378499186 3.851444871841555 4.851816386467467
21600.0 4.708153 9.032015 5.541342631354267 4.888889424810224 4.560759155250413
21700.0 4.874247 13.275634 6.053672325575322 5.205474227662104 5.082826449819394
21800.0 5.145033 15.567187 6.523982786190168 5.414890975393656 5.24815893861788
21900.0 4.017509 12.749603 5.728682029510832 4.637866043253125 5.619529570458381
22000.0 4.624698 13.728049 5.64630861832916 4.8094962614076255 4.563494130234651
22100.0 4.476578 9.888653 5.235285564601673 4.832514336309371 5.011454390032615
22200.0 4.309793 8.293663 5.430609998952298 4.665988189827856 4.951930786115611
22300.0 4.135337 7.027111 5.802134196341404 4.796166919436367 4.935900047018971
22400.0 4.897679 13.151379 6.56454490673789 5.516253411242058 5.068064972820808
22500.0 4.905106 14.749263 5.963894522213943 5.189543055335534 4.5385718056563364
22600.0 5.181978 14.808845 6.143671356406878 5.491449912442168 5.043416385434228
22700.0 4.718936 13.651239 6.0110036201972346 5.195131768488968 4.940474405852275
22800.0 4.815525 14.139174 5.52169225097933 4.949559490795434 5.23307767582809
22900.0 4.428803 13.866647 6.017073802769791 4.954195348623722 5.336606474644569
23000.0 4.706665 14.188002 6.426873530224096 5.356914879039844 5.696781794845625
23100.0 4.342817 14.277898 5.1301945949811945 4.55459950811932 4.975970839317577
23200.0 4.841102 14.466840 6.107533174854386 5.065606886800716 5.757990339981363
23300.0 5.265769 14.313535 6.596110416859972 5.61408530130696 5.5255411190266575
23400.0 5.541022 15.698163 5.995052475747441 5.475975096851311 5.000518638703378
23500.0 4.122958 14.359665 5.290010171823342 4.554955588758362 5.161873664468342
23600.0 5.150383 16.262167 6.465234775748147 5.599889885447423 4.983307203795942
23700.0 5.220699 15.036466 6.283120211448886 5.550098257575425 5.503127387682138
23800.0 4.126707 11.464661 5.583428677122169 4.696035141238299 5.326707525114663
23900.0 4.689868 12.204305 6.093910449738875 5.275145521670644 4.9444733383027675
24000.0 4.562835 11.991106 6.531424421224264 5.297996708901186 4.996112868509703
24100.0 4.487979 8.229174 5.606423025916357 4.981006402466316 5.226820573457842
24200.0 4.467744 11.233942 6.195697470611899 5.043045699869366 5.641185066738277
24300.0 4.594052 13.218176 5.759120435844855 4.904764053123498 5.196304219267271
24400.0 6.126997 18.174552 6.265561339314999 5.774963968247252 4.961872638018908
24500.0 5.602287 17.873910 6.471001988724154 5.588844179261941 5.145163082978865
24600.0 3.984628 12.754262 5.212594132466016 4.3660731676418845 6.062396793728464
24700.0 4.804058 13.457755 5.7343131595081775 4.952248033152279 5.000381154842823
24800.0 4.041658 13.473459 5.487514571497467 4.497448066292127 5.179741724915446
24900.0 3.773535 10.289369 5.174170033908443 4.372094654086166 4.978793381553934
25000.0 4.908720 11.925717 5.983979241739304 5.335739961744253 5.263434804136585
25100.0 4.830456 10.999300 5.795476670838184 5.113951565245099 5.174620327189257
25200.0 4.744362 12.394693 5.278881854994318 4.981213235897218 4.664152122029278
25300.0 5.126057 15.169330 6.373582762571824 5.511319996540589 5.4225863377122545
25400.0 5.018036 16.091551 5.903659813537414 5.082568029668771 5.692419945603906
25500.0 5.389595 16.603176 6.462344554277404 5.612152058512314 5.288624715931496
25600.0 4.965767 14.541353 5.951607656144462 5.138719495153027 4.914063022341177
25700.0 4.809978 12.715542 5.99199546282533 5.117891014621333 4.778715983755726
25800.0 4.883786 13.474555 6.323806226630264 5.334769376311295 5.570703156605686
25900.0 5.565137 17.570741 6.193650591882362 5.525496320999015 5.132408073349552
26000.0 5.584708 17.694796 6.048005515684585 5.4798048895941065 5.243656434297802
26100.0 5.297006 15.408999 6.590838936467292 5.607631314978997 5.2816179195898085
26200.0 4.914328 12.306102 5.761603151287877 5.007566068005244 5.397699958246668
26300.0 5.346375 16.463348 7.059999407794997 5.878835582469091 4.799218949898146
26400.0 5.158090 14.665362 6.540199651223738 5.5958534100999024 5.238599459957056
26500.0 3.872768 9.953486 5.193961839976292 4.19488546280838 4.7840105338572965
26600.0 5.608594 15.976405 6.702406084934919 5.851677853676192 5.7124665323709225
26700.0 5.226166 15.064964 6.419147009824283 5.480673940884543 4.991128376152493
26800.0 5.790772 18.201932 7.328544671862754 6.10360148260023 6.288523048840441
26900.0 5.434272 15.526333 5.951898646639662 5.463375743422688 5.036470287303554
27000.0 5.278593 14.797935 6.078288435491788 5.394810302158892 4.8866044776339965
27100.0 4.842837 12.786990 6.0495489355566106 5.206879705341363 4.758220836790103
27200.0 4.325974 12.967992 5.28109579787195 4.54471821116842 4.609959595928523
27300.0 2.987144 6.148661 5.034306800096256 3.892402015185706 4.3717384741252925
27400.0 4.100244 8.151211 4.86408679392241 4.374808663574862 5.122669685305609
27500.0 4.414168 10.718108 5.559873285527071 4.764920921399167 4.551370468412104
27600.0 4.188620 11.397428 5.707512821545739 4.7144292715242875 4.973490554499326
27700.0 3.862694 10.724184 4.928989365788859 4.249875494338178 4.742774892110014
27800.0 4.564086 10.954204 5.629502450051561 4.946531156244844 4.671637003944426
27900.0 5.097039 15.063326 6.323152425568195 5.387478658817909 5.007109958003846
28000.0 5.789801 18.511850 6.424314626580027 5.774764970621609 5.59981160882646
28100.0 4.453488 13.409842 5.4789666409359885 4.762618209429258 5.032982850424717
28200.0 5.411161 14.660883 6.324522922609713 5.652953370890301 4.7795314505485305
28300.0 4.822077 13.192226 5.701220846050944 4.910561505452559 5.332635893039996
28400.0 4.962850 12.636579 6.0658749173635265 5.244930548831869 5.379924718131792
28500.0 5.009482 13.012513 5.844660752547901 5.251019672095031 5.601564620965884
28600.0 5.205961 12.765792 6.295392977183246 5.548757774431691 5.217906992289693
28700.0 3.971647 11.437418 5.214840489663391 4.490886687611793 5.201774308973849
28800.0 4.663907 12.785811 5.59355799175249 4.9138455559187895 4.854222725910753
28900.0 5.129716 15.659018 6.459008804224574 5.404224685968132 5.10369491213009
29000.0 4.956107 9.147568 6.521751084997557 5.447783702722384 4.98181809012887
29100.0 4.807414 15.099812 6.2059577799808565 5.1701334591396515 5.6850871174435476
29200.0 3.893036 11.448985 5.4691505829944695 4.5095102459055765 4.795679336726227
29300.0 4.935011 13.876359 6.5047227126313185 5.330964470818725 5.249113791996604
29400.0 4.388644 15.302576 5.551047854996081 4.72324959405313 5.764131539359421
29500.0 4.647385 14.120259 5.919183635428764 4.988497470016501 5.033814911639464
29600.0 4.630847 14.869533 5.681298136254503 4.798498282609364 4.698562615131653
29700.0 4.247580 10.344834 5.693420756736961 4.811196407697695 5.319846867124735
29800.0 5.171907 13.180223 6.075636036385622 5.389895195368144 4.545768409881941
29900.0 5.310667 14.571687 5.966144122294874 5.414844085411394 4.987996339817572
30000.0 5.162650 16.784322 6.007749272290441 5.1542764823228415 5.770211872936705
30100.0 4.855781 12.182109 6.333931341070141 5.343088701938448 5.3205015678794165
30200.0 4.196728 11.253833 5.568084714290771 4.686326147704765 4.870700741324724
30300.0 4.840971 13.877819 5.760015462841894 5.059711875557079 5.408614397873241
30400.0 6.004933 17.779574 7.457758228972206 6.464657315523928 4.764917637503792
30500.0 4.985238 13.813573 6.099948838444094 5.330950537477298 5.182907348188528
30600.0 4.911005 14.958513 5.781178154017519 5.152008773102617 5.631050089627866
30700.0 5.405839 12.571641 6.230545151285149 5.534604494471148 4.887875349902203
30800.0 5.138130 9.898070 6.154041841684019 5.406592960610833 5.184444059047525
30900.0 3.896759 8.921489 5.744183812468177 4.628436023975874 4.888190090784069
31000.0 3.977752 8.219798 5.728843903309964 4.619586502104484 5.692118840961039
31100.0 4.832760 14.493674 6.008668518924343 5.03096179649514 4.048834242992127
31200.0 4.007054 9.150330 6.085024242291323 4.801212676605962 4.473272690043939
31300.0 3.251723 7.691557 5.193988973657699 4.055141812116251 5.160209098825143
31400.0 3.376359 3.245238 5.023601143615002 3.9681671260856284 5.538173965741702
31500.0 4.473475 8.906796 5.713946552332068 4.9297055322318 5.629900284721403
31600.0 4.952551 12.567544 5.615712799573803 5.141550236915088 4.1200852084630215
31700.0 4.889377 12.592031 6.044693041115193 5.147799404961423 5.1033750844717565
31800.0 5.680031 17.371385 6.438110961567993 5.721829525462981 4.6883412773029365
31900.0 4.159806 12.960721 5.791203060388821 4.664609901891169 5.2338581994295765
32000.0 5.165584 15.520327 6.323886403296317 5.344760030850249 5.17687561550819
32100.0 4.739357 11.821853 5.875039852166234 5.102738871256442 4.547665174882785
32200.0 4.838028 13.622855 6.07668392458653 5.201131173226902 5.176248244938837
32300.0 6.089381 18.393745 6.75676682021292 6.050873316933727 5.392585269808614
32400.0 5.137096 12.395468 5.909933199234238 5.298070435307789 4.6223908416920745
32500.0 4.480005 12.278303 5.690710216770698 4.938528152604351 5.446332874114338
32600.0 5.428771 16.020902 6.227582757004874 5.490937317632216 5.548233205226054
32700.0 5.041777 12.653369 5.623532960348578 5.164653109512775 4.838542520872783
32800.0 4.533368 12.429611 6.177820316586118 5.124959500683132 5.200511702323452
32900.0 5.196121 17.289765 6.160113425325634 5.395823060315999 4.042268491016139
33000.0 5.290958 11.662784 6.582184791776154 5.624116957529404 5.5251950252010396
33100.0 5.559345 17.338413 6.336160273333792 5.593254355111491 4.9020023118496
33200.0 5.481584 16.784157 6.732827891193801 5.699889956920825 5.098613316433107
33300.0 5.582982 17.465272 6.767188327898112 5.796773976714882 4.814935391432168
33400.0 6.011352 18.761873 6.625676829692505 5.963495773368246 5.027006310887881
33500.0 4.842409 14.710836 5.901269033699876 5.201558697819744 4.886750474360815
33600.0 5.194050 16.337654 6.337710795598526 5.531279751247754 5.284435487892968
33700.0 4.983447 12.166636 5.882838688134727 5.216974116748004 5.3049595683532305
33800.0 3.646028 6.515719 5.60597028713169 4.4311890239053415 5.493309794825587
33900.0 3.813533 8.034692 5.84381454578376 4.677374617761601 4.815175397851799
34000.0 4.509207 11.859284 6.44913823310269 5.173384288173887 5.229908529459345
34100.0 4.857714 14.118320 6.205097506818939 5.332207069761313 5.301306312802223
34200.0 5.343023 15.448454 6.333991759646715 5.506493333957599 5.077339935465312
34300.0 4.865807 12.174130 5.998698032325755 5.153149321559536 5.317706688228897
34400.0 4.805795 13.376860 6.092060144654498 5.281472577231044 5.0493055350431595
34500.0 3.621852 7.424090 5.664337689837433 4.396524593486903 5.202160431808916
34600.0 4.341161 11.232637 5.862275012925673 4.984539531025136 5.565246644138815
34700.0 4.852528 13.576769 6.375791277418272 5.261882269245649 5.311256744529402
34800.0 5.763174 14.773147 6.509717762244215 5.88998470813194 4.855394824067816
34900.0 5.224469 13.427952 6.205198957817665 5.411573584776862 5.421244904828588
35000.0 4.754721 11.946674 6.513303431449906 5.251078322306142 5.246623401883258
35100.0 5.471666 15.497947 6.308384562840532 5.662069355203921 5.0517905792476006
35200.0 5.442646 16.951949 6.107515745886741 5.447296913847677 5.581353117992851
35300.0 5.435231 15.106343 6.574011408789099 5.666135101208143 5.3393808090843295
35400.0 5.848135 17.989075 6.475908905286138 5.804407756120493 4.924075133315031
35500.0 5.270697 15.565327 6.572267242422395 5.64604931405068 5.542274963943241
35600.0 4.542674 12.325138 5.746213331917448 5.031493276038299 5.170996385688488
35700.0 5.353117 14.774087 6.339003037593324 5.521064061437312 5.300510032235521
35800.0 5.407913 14.360291 6.400464312004771 5.591233385632053 5.643879414047711
35900.0 5.365322 17.640275 6.429431638678506 5.549115812127899 4.237040626827726
36000.0 4.027364 9.187345 5.180205273952457 4.456624005430748 5.206044715643382
36100.0 4.391379 8.659195 5.646109197298083 4.690495456367386 4.991485476071263
36200.0 3.632272 8.669442 5.141753151445587 4.198090946166448 5.26194176365488
36300.0 4.795598 13.030037 5.632681297956609 5.030778691378817 4.860589729827185
36400.0 4.900287 15.391159 6.09305100940161 5.296043644632109 4.535591460660714
36500.0 4.658390 14.316260 5.6214122700112945 4.974164488470246 4.910172832661831
36600.0 5.296870 13.840026 6.021476253750392 5.4137874680081435 5.016361026693682
36700.0 5.160955 15.898845 6.323759537723132 5.347502523044159 4.816159256802854
36800.0 4.743937 13.463187 6.3382288835657485 5.274016085794217 5.626745207886021
36900.0 4.315140 11.818133 5.495397819466788 4.669202708877947 4.896448016551105
37000.0 5.833765 17.833959 6.916457063876182 5.955256400528318 5.21052033800371
37100.0 4.997046 14.549742 6.308233555268026 5.44260261589059 5.389791156681233
37200.0 5.074390 15.924117 6.166008520274943 5.385386153889815 5.35869976651316
37300.0 4.246527 11.095150 5.172882872018914 4.478585402486824 6.303154130836017
37400.0 4.315418 9.957686 5.769447616242874 4.971009601301389 4.606660668640204
37500.0 4.174695 9.943405 5.1554340325840995 4.53483083761657 4.7050099131039556
37600.0 4.000007 8.672136 5.85747744174375 4.746935284228001 5.499920408507469
37700.0 4.983542 13.995750 5.618270729700815 5.094663206119014 5.172218304942513
37800.0 5.281969 14.245870 6.0881175708685005 5.282506345639588 5.64824122820402
37900.0 5.081602 15.011413 5.8911340611630765 5.110786999138995 5.152318182404057
38000.0 4.893915 13.419605 5.854345664588217 5.157176895481216 5.182320172972746
38100.0 5.204751 15.256754 6.080386615413324 5.459074011299507 4.9286010898798045
38200.0 4.339329 11.974219 5.489023474201015 4.8575137743799575 4.830927815045979
38300.0 5.282112 15.483517 6.173114411294668 5.419172752010555 5.858379072838342
38400.0 5.084173 14.440594 6.484395192750928 5.477941807167604 5.145613347627202
38500.0 5.124062 16.195404 6.177586621455849 5.347905636319573 5.279551027701644
38600.0 4.876061 15.122845 5.818111480523111 5.133331522377049 5.189218595647267
38700.0 4.493557 13.305019 5.831530859465565 5.001395189973508 4.659887541686903
38800.0 4.769380 14.326247 5.89990913006425 4.94496746717015 6.001536765675539
38900.0 5.101636 16.400184 6.17223341900961 5.3569155479119885 5.094763407874686
39000.0 3.900940 10.130610 5.261944251150039 4.390270127206672 5.620101354379511
39100.0 3.852315 10.214842 5.7038954706733795 4.530316958227775 5.240232844861784
39200.0 4.611351 11.902972 5.577931364706748 4.862050155906172 5.531068808516571
39300.0 5.558055 15.197508 6.485246133049078 5.7978874679380485 5.410281122956962
39400.0 5.309812 11.404909 6.062185048854759 5.402322584328439 4.787852081836206
39500.0 3.888317 9.376066 5.611611804040853 4.565603593942768 5.915844852769262
39600.0 4.927888 12.254799 6.31026944837882 5.351319292776437 5.75111978588283
39700.0 5.292963 16.798318 6.004144575559655 5.395062016305038 4.457275587398612
39800.0 4.042860 12.051366 5.640593339887138 4.701140654389891 4.915972278492726
39900.0 4.798970 14.896180 5.812674022927946 5.120139149579554 5.219595324046748
40000.0 4.035685 12.929052 5.6385556403906625 4.4792695964829425 5.711311627470971
40100.0 4.830953 14.059647 5.785277868719545 5.015033500574571 5.081703614878019
40200.0 5.254105 12.818521 6.148875052793992 5.447920795161633 5.019748921655333
40300.0 6.125272 19.334988 6.346072391888313 5.919375666052469 5.581150714455946
40400.0 4.846514 14.205514 5.791083852976045 5.017210427624212 4.89910731648074
40500.0 3.593474 6.525528 5.1278163087384465 4.215396301071376 5.767962801988927
40600.0 3.869751 8.768114 5.832225581760724 4.623270358704268 5.704246790997276
40700.0 4.760068 12.507201 5.976688047172409 5.294028272540987 4.864558532015331
40800.0 4.749448 11.929612 6.105407138238797 5.2408057932835295 5.699835919020985
40900.0 4.346549 13.411302 5.168170808280823 4.471029496064876 5.7059205477650305
41000.0 4.444768 13.970090 5.599599427917624 4.68183035942406 5.262708763872643
41100.0 4.020310 10.148232 5.2570238245451 4.474799195205634 5.213550129777233
41200.0 4.931737 14.132090 6.125306259342643 5.427102404315988 4.870639676540117
41300.0 5.368928 15.620211 6.117414023607234 5.551006846217672 5.180892744783558
41400.0 4.624227 14.103449 5.5262956969344135 4.726423187912766 5.575305606721342
41500.0 4.367381 11.721917 5.538643799355563 4.689071145680047 5.172772666577265
41600.0 5.040851 14.253606 6.298939385624503 5.382231881692225 5.3718257879679205
41700.0 5.183068 13.711864 6.34688423081408 5.408025063452654 4.909793318866597
41800.0 5.253109 12.239166 6.186003648617934 5.607817932049821 5.275715422613229
41900.0 5.537390 14.467068 6.13257000876797 5.545445920862019 5.275896106773517
42000.0 3.895126 9.453137 5.3927865170001645 4.468225039917284 4.997307722472429
42100.0 4.836284 11.998796 5.67170842198557 5.064577541572722 5.2138873177924365
42200.0 4.449237 13.078350 5.671290487111042 4.777835083784492 4.715321729913945
42300.0 4.315502 14.972273 5.653433818422664 4.710478230316851 5.107096724180765
42400.0 4.205565 11.577922 5.785931962880799 4.667067642126821 5.131149664351766
42500.0 5.544961 17.452584 6.632529893406873 5.863171931669421 5.063331234943134
42600.0 6.129530 19.767976 7.38617863130267 6.357701535587474 5.960441767187876
42700.0 4.937379 15.995668 6.370737583275957 5.5442698958735726 5.120880036051802
42800.0 4.733787 14.383782 6.0181295872894385 5.153878979741551 5.385758293215095
42900.0 3.847871 11.924270 5.731540077401462 4.572015694782851 5.1897472474365
43000.0 4.703531 10.959807 5.674036836644298 4.936180076283978 4.881479140596121
43100.0 3.597662 4.920169 5.0261280961848955 4.187327697844498 5.2543723568774565
43200.0 4.392989 11.989428 5.88179733631098 5.041404496019417 5.017096411312761
43300.0 4.487898 11.021185 5.192435341524209 4.730133673733042 4.697412132640442
43400.0 4.438149 10.373534 6.33997896918083 5.183922789077133 5.198432953692433
43500.0 5.691950 17.968254 7.159934376060123 6.012769562937058 5.506391491989575
43600.0 4.832845 14.578056 5.597276497227595 4.924208182558552 4.9682760059895275
43700.0 5.929001 18.664237 6.921590720944703 5.963229848713719 5.549399408609818
43800.0 3.998297 9.243346 6.017987532991272 4.81613221370688 5.050831273203303
43900.0 4.876113 11.474769 6.396682117847282 5.307407246069355 5.303202255989655
44000.0 4.500146 13.286757 5.963057302572455 4.984495141015813 5.4012565450110985
44100.0 4.200882 13.288624 5.552898759384761 4.7243110086655244 4.944351314997536
44200.0 5.664391 14.193708 6.240897535484613 5.65181867701512 4.716265334473263
44300.0 4.537778 14.210552 5.77040071330507 4.829110291068145 5.6054371361680975
44400.0 3.763714 10.957067 5.5034353725683305 4.409360478683897 5.249959739080764
44500.0 4.829013 13.669921 5.755338399493698 5.027956479677519 4.6679823273044
44600.0 5.004043 16.499599 5.97032944439408 5.140804099466435 5.500506700501168
44700.0 4.856019 14.739607 5.685569692871815 5.0453613368009105 5.448155087934663
44800.0 4.726461 13.736431 5.755857705875817 4.894092132463951 4.914693861605546
44900.0 4.620290 10.895192 5.765864648714152 4.927488114021617 5.415879926291273
45000.0 3.779963 11.381047 5.651517718317285 4.603613478383899 4.9871619620468755
45100.0 3.624349 10.856832 5.254630744761285 4.223904113062695 5.02950558113329
45200.0 4.743353 14.496698 6.135179867270951 5.161288774075169 5.22705130296441
45300.0 4.892770 11.752260 5.989228002140522 5.253271866231013 4.658136630076936
45400.0 4.792686 11.777000 5.914630192195135 5.126348772718844 5.092085535651616
45500.0 4.426969 13.709367 6.080899458570745 4.997288594935387 5.247913115186447
45600.0 4.460490 13.101551 5.726264513727057 4.841827244242972 4.588063789061677
45700.0 5.077209 14.353570 5.735110133681937 5.150452635492183 6.052232549115142
45800.0 4.422051 11.785013 5.675952090930214 4.909794170869871 5.450227635351152
45900.0 5.503933 15.064235 6.385136759126033 5.604498479719696 5.959051725123843
46000.0 5.386869 17.054884 6.666763993692053 5.624794798597488 4.764012045970178
46100.0 5.442679 17.010398 6.227219596883506 5.535534184431327 4.988782752752163
46200.0 5.543542 16.574286 6.471601056784076 5.663841766410096 4.830933533216478
46300.0 3.493406 9.117934 5.037556564332814 4.00925830717976 5.046969176772628
46400.0 3.750445 11.074893 5.326128960339243 4.3191202406089335 5.708440177616456
46500.0 5.016134 15.278838 6.2015611956486945 5.344952329990896 5.354123880863407
46600.0 4.842962 13.568297 6.195983973635055 5.355657511335909 5.2574332325934785
46700.0 3.812113 9.127307 5.459051077382333 4.367133229434782 5.791517516074552
46800.0 3.628239 7.654136 5.48898381030431 4.420636841585034 5.0110768303840025
46900.0 4.270844 12.437181 5.538463365551317 4.752456188114091 4.18964067862298
47000.0 4.081545 10.033897 5.639637677137849 4.661255078057754 4.5466093120080115
47100.0 3.835346 5.173011 5.280060941096295 4.472055454217484 5.735419952888139
47200.0 4.153400 8.690118 5.335500493417991 4.651270657445953 4.632696320928314
47300.0 4.398499 11.162155 5.5800913198298465 4.983668600736516 4.215565755995393
47400.0 3.256895 5.821396 4.7000552877998825 3.8075630090659858 4.834526121623071
47500.0 4.203623 10.392131 5.9922589879340205 4.914943460328052 4.619359017219479
47600.0 4.632707 12.165811 6.04522701127158 5.164269381756265 4.420019643522285
47700.0 4.245675 6.948662 6.124678000462386 5.015176885873641 5.267404062752953
47800.0 4.247863 12.561461 5.596053261763279 4.748540907879409 5.158170932292834
47900.0 5.190796 13.450004 6.011034387570802 5.314206873831934 5.197754765746796
48000.0 4.508836 11.978574 6.036025843039384 5.063317382799146 5.080984949996898
48100.0 5.469807 16.484035 6.511751546412241 5.622495381569622 5.720491536831289
48200.0 4.262816 12.897276 5.477302672010792 4.633078255948243 4.7825353356359415
48300.0 5.573815 17.604593 6.0269702175850846 5.576240186293381 5.14194547785041
48400.0 4.892453 13.603805 6.1628587748249375 5.196265951698673 5.20586011322038
48500.0 4.598161 10.783962 5.943777173612215 5.0338115159297985 4.831003770590332
48600.0 5.394092 17.237588 6.421313851312376 5.561678432437195 5.514670180549569
48700.0 5.579924 16.474407 5.67838742524373 5.379775649591832 4.975218410483649
48800.0 5.364862 15.315452 6.555925600658745 5.629784317131413 5.093589264027776
48900.0 4.512132 12.659764 5.869917413356384 4.957268440586725 5.019045284247006
49000.0 4.163716 10.986840 5.367506163396663 4.605444625498921 5.282882228354822
49100.0 5.470854 11.888553 6.048028923143613 5.627987225928366 4.07096036939328
49200.0 5.684588 17.584684 6.881012721923462 5.863138494783443 5.715771175777821
49300.0 4.862047 14.555464 6.103033264703201 5.1840065929970915 5.1536320670818165
49400.0 5.347585 16.037640 6.298388108889572 5.580135052949141 5.050334826803654
49500.0 4.301082 11.352275 5.5348623803733865 4.783847102950771 4.8007282576536126
49600.0 5.130650 15.045628 6.408019282747892 5.547915882681183 5.556829507414502
49700.0 4.403407 11.359020 5.412435017081272 4.7043517738996945 5.012184685686751
49800.0 4.188816 12.047723 5.661022797333811 4.6600813354751285 5.3604590771297955
49900.0 4.762774 11.877464 6.0082950873636705 5.238341338479607 4.4667819475953765
50000.0 5.365697 15.972903 6.563215240414591 5.485016745864185 5.068666566500846
50100.0 4.295804 12.778833 6.244842884866182 4.945363426576724 5.041133071096821
50200.0 6.021495 18.814055 7.104094549136125 6.168931399580788 4.92939888959828
50300.0 4.549153 12.475356 5.748697322518714 4.905506227749628 5.136129692315454
50400.0 4.213915 12.296536 5.4981095856610915 4.639010380073966 5.372729871950342
50500.0 4.176808 13.040598 5.777652479851147 4.791987383882704 5.360254446459861
50600.0 5.278802 15.738283 5.920292959682255 5.291450548789263 4.83189537400754
50700.0 6.311152 18.233024 6.791008180708216 6.252490944124686 5.119892796568581
50800.0 5.209417 13.031845 6.5450518491084555 5.507332369567526 5.418529581306053
50900.0 4.632059 12.671235 5.718243041870092 4.940751015145015 5.508990365000035
51000.0 4.717479 11.809563 6.016031981923909 5.191786284003195 5.287595351869965
51100.0 5.930890 19.055833 6.607255788247021 5.883864057736145 5.140406009454475
51200.0 4.824482 14.447241 5.734895036722644 5.098968017402293 5.187845190985056
51300.0 4.522348 9.909984 5.627281886658102 4.919946275060199 4.938265608992653
51400.0 5.191571 16.531884 6.310195565300818 5.520542966611497 5.18237952439195
51500.0 6.220983 19.292664 6.718434256789609 6.088341188927113 4.1695198374215945
51600.0 5.850328 18.124678 6.933292645288708 6.077483277996837 4.924593008192777
51700.0 4.908558 13.275413 6.636916218237625 5.4458635290450035 5.591913565719444
51800.0 5.482695 16.809135 5.983120331900539 5.351677076509193 5.358623277116649
51900.0 4.524006 11.300429 5.450231222131173 4.859982587135006 4.047860858170151
52000.0 4.374014 12.978427 5.4568310858169715 4.7360629731473205 4.811670788994628
52100.0 4.342475 11.392837 5.880996458937425 4.8370959391801795 4.965647504082244
52200.0 5.301968 16.632329 6.6858758215575405 5.623214283957017 5.238177163883971
52300.0 5.384489 15.009484 6.758928173876779 5.829572709872357 4.485426230936699
52400.0 4.506347 14.296770 6.034565539347632 4.942715704176998 4.517023353302278
52500.0 5.130261 15.994439 6.374053539456828 5.428977082676152 5.203875859950193
52600.0 4.198218 10.752545 5.994368223770713 4.784022653838902 5.295247828492982
52700.0 4.670750 12.111016 5.3183022817808006 4.897496106993686 4.144567594012932
52800.0 5.269312 13.802202 6.104593932511998 5.480106328175739 5.2213190382051256
52900.0 5.051509 15.041686 6.310909870268508 5.418849730334138 4.419961566774962
53000.0 4.212359 12.936818 5.21122625035447 4.499447729091378 5.3877310330817885
53100.0 5.523147 17.927191 6.490180161397795 5.655476213252239 4.876604969451157
53200.0 4.379774 14.319252 5.669188376441986 4.822523250840049 5.214118281259315
53300.0 4.787592 13.975759 5.551135867167328 4.957466975971074 5.019242974724963
53400.0 5.024274 13.484660 6.367151735422826 5.474775865560882 5.569719829302988
53500.0 4.417185 13.387703 5.932551193618207 4.989737515371364 4.4533101821005765
53600.0 4.489410 11.649391 5.687261890377177 4.897044794483249 4.710469284873546
53700.0 4.935084 13.908853 5.704807332171773 5.056623522055455 4.764768270792863
53800.0 4.618845 13.515844 5.743462569370489 4.950537629362211 4.912451391578909
53900.0 5.343237 15.238165 6.049443521798879 5.469830395838459 4.826234184242741
54000.0 4.588239 11.742314 5.887442118038014 5.048635898236785 5.025690155252173
54100.0 5.359186 15.991007 6.2766592443424205 5.634503535453969 5.229785219785256
54200.0 4.788345 10.934694 5.43068353501144 4.947780620930827 4.249865646524525
54300.0 4.777284 15.594030 5.665595694727419 4.907043566201691 5.1320697199328205
54400.0 4.753565 13.555363 6.0549158523856175 5.004376046410177 5.064546392585377
54500.0 3.891469 12.166756 5.915992612201826 4.632404559768085 5.320154934714518
54600.0 4.589269 12.578761 5.295962343203579 4.822519410709082 4.9223594750731205
54700.0 5.069008 13.047746 6.079550456482713 5.300801026473405 4.683100145308354
54800.0 4.428026 11.680271 5.703151653908725 4.79299285490853 5.447598622168452
54900.0 5.180786 14.224469 6.243158142479837 5.523451517915052 4.892949270783079
55000.0 4.763230 12.829963 5.972801578120486 4.958301124082229 4.8786937730374
55100.0 4.920247 16.071016 5.735199459478364 5.120212297002005 4.876245982826318
55200.0 4.976909 15.966091 6.466096689513697 5.235321826901881 5.113742233995138
55300.0 4.524797 14.865305 5.731606413285247 4.8874852246071345 4.929780523730099
55400.0 5.353999 16.687060 6.908077908476264 5.718971518619008 5.078369200181092
55500.0 4.326715 11.894524 5.427137299363119 4.7341585117532965 5.626517704332705
55600.0 3.799302 8.911314 5.601135812085252 4.621428182514076 4.429157564365741
55700.0 4.550180 9.237844 5.944118970135685 4.889377511855263 5.133831551808862
55800.0 5.205640 14.037128 6.674592112173368 5.626824340789089 5.06882802003822
55900.0 5.317814 16.130919 6.313971596337253 5.517401888575716 4.4219039014938994
56000.0 5.119018 16.218967 5.858338610607578 5.241886076278107 5.200002922238634
56100.0 5.116609 16.567640 6.131419699049116 5.293418005203222 5.0073550036428
56200.0 5.557387 16.966636 6.0931992912720885 5.531712285270823 4.9413608332843095
56300.0 5.194170 13.854703 5.767946480836048 5.369590708883596 4.939425032613773
56400.0 4.881884 12.809695 6.187573609589241 5.300367954462469 4.42724222767091
56500.0 5.677677 17.035778 6.621787841488226 5.781853817607425 5.139709953458194
56600.0 4.377981 11.784466 5.736446603935771 4.855831205165292 5.530503298408744
56700.0 4.741436 14.519827 5.543040765506307 4.894561746662918 5.022617286898711
56800.0 5.053104 15.983030 6.001992973679865 5.248569480377715 4.966834968613143
56900.0 5.610289 16.413262 6.515410854492314 5.6250620381601415 5.561840803917302
57000.0 5.209440 14.319979 5.993720676387257 5.260071342058739 5.333175588709622
57100.0 4.841234 11.674020 5.876933554387901 5.011545437642868 5.39336079172753
57200.0 5.461110 15.908523 6.12379190215888 5.391011823111295 5.682779777252039
57300.0 4.430122 11.298152 6.0107516956015425 4.957743029821838 4.489052714591606
57400.0 4.833039 12.629999 6.235337038505444 5.329999639047408 5.6372026367878645
57500.0 4.819156 15.517940 6.062251988611654 5.103258799325098 4.9584949893800445
57600.0 4.580346 11.273471 5.610569082905185 4.876342946169588 5.290732079561762
57700.0 4.322342 11.024037 5.428046233747772 4.6406896558418245 4.952787432696176
57800.0 3.780156 11.809626 5.507660942937318 4.374291284067945 5.486694314842591
57900.0 4.333792 13.143974 5.346063790872197 4.511830125016928 4.871968971436646
58000.0 4.123318 11.101164 5.310260453585361 4.570742148135312 5.338575015343927
58100.0 4.008290 9.255346 5.555888010649244 4.597965461405691 4.7185325564907
58200.0 3.981106 12.410976 5.119564504110085 4.194257318473439 5.144656070094987
58300.0 6.269839 18.210200 6.531086229715542 6.19819931022812 5.287630232208688
58400.0 4.091780 13.083501 5.774398269901096 4.587094207109558 5.136292765890705
58500.0 4.661771 12.078058 6.158621460232076 5.186794207477245 5.206631694443702
58600.0 4.706522 13.043915 6.163054253078136 5.117035590513559 4.891378565307261
58700.0 4.477141 10.650472 5.850878268569536 4.87478746640006 5.453171922299404
58800.0 3.990726 5.887991 5.241836320111008 4.476416436023511 4.9566594357581835
58900.0 3.648029 8.229634 5.263745820091496 4.322454609462004 5.2275084899669855
59000.0 5.391768 16.763251 6.588576967934811 5.691199362565544 4.3324632697142125
59100.0 5.067772 16.452653 6.34871370273618 5.265353507660477 5.4768865581215325
59200.0 5.121433 16.391728 6.136872216815587 5.303437976056061 5.170505060354156
59300.0 4.811634 15.456230 6.1627534533172525 5.159219028899544 5.314425552474073
59400.0 5.625781 14.544988 6.85555816945624 5.940860739507348 5.420696982704111
59500.0 5.137568 15.471757 6.415075903585283 5.419563010384902 4.300206998431491
59600.0 5.656627 15.823810 6.486174739518944 5.591496246882898 5.329259428092523
59700.0 4.879849 13.440456 5.832713816161823 5.127488033868291 5.2987948725568375
59800.0 5.140216 16.628000 5.97431037426274 5.389844125757495 4.251253525317678
59900.0 4.392846 10.036430 5.097630047803502 4.763946127155141 4.614526298071977
60000.0 5.404975 16.725043 6.886728395255617 5.851270434402358 4.952023741177066
60100.0 4.604355 11.675228 6.1048632210950515 5.147623936918078 5.346487055438184
60200.0 5.365208 15.282787 6.249730848836409 5.4983090110179695 4.3848517388828965
60300.0 5.318706 16.897283 6.158839847267112 5.384121952908151 4.755795048243646
60400.0 5.634455 18.414700 6.75168415434359 5.702019043873794 5.86158719658136
60500.0 4.494189 11.182093 5.8692646280990095 4.917203791074964 5.103776615021149
60600.0 5.760758 17.355474 6.495209033651431 5.659882293091081 5.129885854221519
60700.0 4.704390 14.955626 6.095846169467442 5.119386880729354 4.501482932178869
60800.0 4.688171 14.379018 6.141323970439354 5.138899208061733 4.810427066311518
60900.0 4.660932 13.760519 6.112818745773104 5.2802080871394965 5.0590945532603655
61000.0 4.600549 12.183457 6.0084294568084236 5.037197895565089 5.333721455686676
61100.0 4.747299 14.326067 5.298854387451164 4.84091624946038 4.382865872323722
61200.0 5.232868 14.190405 6.165456362931562 5.474793078619796 5.040471978727148
61300.0 4.824253 15.674898 6.450021606899815 5.249096878590222 4.823732553234787
61400.0 4.379392 11.602151 5.194469057308768 4.78244324370213 4.938786000709203
61500.0 4.775546 12.313647 6.000019780854912 5.023657547871764 4.956535969148993
61600.0 5.032596 14.946801 6.270272597418581 5.463637253219279 4.922276666121773
61700.0 4.431371 8.653307 6.080129431395054 5.190904334189094 5.416354819541085
61800.0 4.322424 10.584240 5.283253974269705 4.744853307279185 4.732584483641923
61900.0 4.487202 8.881671 5.501503717141192 4.813536890148159 5.449928595139585
62000.0 4.502766 12.571643 6.084674687631082 5.128363575593023 4.707382987569532
62100.0 4.375009 9.739696 6.051932879837132 4.913634317455973 4.6130678445546085
62200.0 4.849463 15.495801 6.377774357713054 5.247711532307224 6.043207475276324
62300.0 5.448192 16.958454 6.012558941708815 5.409924452736311 5.093077105176933
62400.0 3.766410 10.552744 4.891595297719973 4.171392636226226 4.9055428912787535
62500.0 4.448626 12.873060 6.468142213829866 5.268128817229061 4.70508203951475
62600.0 4.707585 10.420975 6.307072509875866 5.325995658196267 5.290067504031534
62700.0 4.744501 12.698397 5.3998592802655585 4.783668041200236 5.0287908524420475
62800.0 4.102249 10.484442 5.124322396632545 4.49418307546259 5.4008806194067045
62900.0 4.290070 11.003148 5.447188608653679 4.651812528611017 4.622108651500421
63000.0 6.434439 19.013181 6.960277029588905 6.378297583433178 4.75415670791447
63100.0 4.933148 15.830097 6.153306975108682 5.299540493495191 4.787696535280322
63200.0 4.902350 12.416812 5.949006199430194 5.210410250315978 5.243306877763866
63300.0 4.707702 11.602244 6.197500622373432 5.321949432371516 5.181686203453074
63400.0 5.796970 15.185910 6.573771308826354 6.006251457309315 4.474701454251815
63500.0 4.283845 9.663901 5.86891221965776 4.868531778769973 5.178067853057839
63600.0 4.844435 13.348027 5.703246313520185 5.026391255885928 5.264544221459061
63700.0 4.861193 14.398978 6.243617307924904 5.363941965929041 5.653813999597706
63800.0 5.439074 17.325314 6.933491680912727 5.921025061422943 4.588704190563806
63900.0 5.118260 15.268810 6.096368912305571 5.423933148767792 5.100156846906325
64000.0 4.620512 12.452519 5.897078175649694 5.027915581666319 5.147780560473239
64100.0 4.228581 10.368971 5.77413055327243 4.937096586797 5.1104435676012185
64200.0 3.964067 10.357713 5.740941685309169 4.544087469232234 5.061645973602328
64300.0 5.268576 13.770840 6.218163464042869 5.4632228093436925 5.442304692205458
64400.0 5.024326 15.599297 6.616536345062562 5.415689420938437 5.233128131876075
64500.0 5.571558 15.631860 6.641785784150914 5.730028784882176 4.955691379917473
64600.0 3.736028 10.641149 5.712378399095153 4.451821796237334 4.890082053702916
64700.0 3.464889 10.738509 5.199508204140721 4.14531224802972 4.892726953638612
64800.0 5.121323 13.301432 5.732482996704958 5.1686788005411435 4.375025308860234
64900.0 4.956171 14.783452 5.771518211419613 4.911622057368522 5.025860554265262
65000.0 4.485372 10.582094 5.199268981091949 4.700784415528035 4.8489860045745
65100.0 4.529352 11.254510 5.845605176088918 5.0481608952858465 5.162309944786626
65200.0 4.337829 9.619130 5.861346337881028 4.821701320530667 5.352742891965151
65300.0 5.372634 16.021358 6.143473681285029 5.400229083048865 6.097940090376622
65400.0 4.880220 16.124832 6.327935263034176 5.23527808223422 4.890074077990843
65500.0 5.641302 18.580735 6.750662135325914 5.847106811593193 5.107150733060407
65600.0 5.265640 15.851314 6.544176142692381 5.566219462651336 4.687891778714261
65700.0 4.451967 14.655874 5.593629380879468 4.819483191750449 5.661726205837286
65800.0 4.259169 11.513810 5.563393645836232 4.702230890931239 5.49032716734198
65900.0 3.748115 11.540830 4.785314917290235 4.245272356223059 4.9932732651599006
66000.0 5.305144 17.906854 6.075428451684743 5.373944039680869 5.473358146178177
66100.0 4.789312 12.655836 5.914428627417024 5.0919140615613445 6.03220014757083
66200.0 3.824118 9.106221 5.386200918567932 4.501561873413759 5.036857113380833
66300.0 4.297798 13.321154 5.2549662557965995 4.494019737381626 4.55530464294144
66400.0 3.173289 9.286956 4.782055136370306 3.836958629945487 5.173429684438261
66500.0 4.618325 10.136423 6.0484433229886845 5.135474705979423 5.151028320815163
66600.0 3.942245 12.218622 5.376435958657428 4.427967247440128 4.374025885002785
66700.0 4.512631 13.086093 6.1641449606984215 5.118624702442805 5.476893597083998
66800.0 5.121450 12.967356 6.1206929778815145 5.302957342737842 5.378319569632406
66900.0 4.169439 6.994397 5.450466894290122 4.566472988599296 4.752593323438977
67000.0 4.244835 9.629977 5.422830687365991 4.692693157391931 4.897056989096328
67100.0 5.220923 15.068362 5.995495428981908 5.359448316612357 5.304101838238776
67200.0 5.201341 15.422816 5.947433062815939 5.394296435407103 5.04813803560856
67300.0 4.920872 14.792367 6.320235765512055 5.303038344927691 5.363510921046474
67400.0 5.254567 13.256720 6.199859134774966 5.665189644686333 4.900510134440887
67500.0 4.838256 12.615338 5.486409899012639 5.007837010119931 4.792088368569988
67600.0 4.747756 9.705637 5.307083333620446 4.8365166333700005 5.078519271969145
67700.0 3.335013 8.760428 5.416323310788806 4.270917129090847 5.153754873073038
67800.0 5.014978 15.595307 6.164993958705404 5.4099451039897275 4.809749083397547
67900.0 5.926215 17.923263 6.885990769761399 6.096432158985913 5.443638696519268
68000.0 5.725144 17.769111 6.695957103617745 5.748602636902037 5.440732970529092
68100.0 4.476223 11.713971 5.3209259344393605 4.660805284337697 5.50588342024834
68200.0 4.254617 13.211288 4.83619993731525 4.36474265822502 4.611276759187602
68300.0 5.434111 17.024399 5.940792199432387 5.426146059351002 5.0966562190700575
68400.0 4.375592 11.809012 5.98133166203082 4.820238864349128 5.6258408517336695
68500.0 5.306156 15.257326 6.294353436312358 5.530236934028872 5.437094483459496
68600.0 5.170873 15.645072 6.54338802646297 5.5260611370303945 5.246217194941599
68700.0 4.893282 13.661495 5.9210048923110765 5.0655452499705484 5.557771255645205
68800.0 5.278685 14.219290 6.149301437769787 5.485119810375921 5.180116389261973
68900.0 4.622678 12.621566 5.902493394484701 5.103835095660589 4.765081133188576
69000.0 4.458155 15.292941 5.618935066533797 4.816297919745738 5.110017293107372
69100.0 4.504017 15.088510 6.021592862337386 4.858024789586672 6.078473802542929
69200.0 4.943739 15.468461 6.072422239140587 5.162210948022904 5.52758575228996
69300.0 4.393837 14.601376 5.674811411270916 4.796202131705039 4.837992618288131
69400.0 4.999882 13.784809 6.16047978347828 5.274337459496665 4.521278705454602
69500.0 4.409274 13.871030 5.968437601855701 4.823917352975625 5.08528430605909
69600.0 4.631980 15.368894 6.1185365384631005 5.117139841824712 5.2189563265927665
69700.0 4.712730 12.926003 5.624965988308509 4.883683121885415 5.400358580420072
69800.0 4.619749 15.060738 5.836874659012325 4.915552984928505 5.380005193197113
69900.0 5.034280 14.140905 6.613899387967301 5.496109573051815 4.786280606317789
70000.0 3.843518 12.310163 5.317902395702064 4.28165741784313 5.198201231229061
70100.0 5.724282 15.998124 6.360812090348665 5.657639221601563 5.220387531456866
70200.0 4.783928 13.254456 5.908566378910607 5.2029950827975116 4.892728339512915
70300.0 4.408364 12.060104 5.708719819360853 4.788342842192973 5.0519489460854095
70400.0 4.879519 11.987534 6.050986322719154 5.206067422198387 4.552085423038841
70500.0 4.525961 10.301777 5.978147520418515 4.994653640165384 5.129650736188783
70600.0 4.961027 10.984855 5.791158472509959 5.205115403351264 5.329143098486143
70700.0 5.152127 13.585311 6.070806145355851 5.4149886792036135 4.53755240498924
70800.0 4.616239 14.964022 5.844238751548554 4.8670642404458215 5.39221192695589
70900.0 4.486655 13.960084 5.8313986406484775 4.827574854217857 5.296989364256111
71000.0 4.515093 12.313286 5.91352795182365 4.97131963482833 5.5293942556090965
71100.0 5.021009 11.875736 6.571969918489362 5.640149524827412 5.3381342233603
71200.0 5.005501 16.696614 6.2169702575170245 5.27700451689896 5.417834436369332
71300.0 6.500606 19.028829 7.052745625287128 6.273118994248246 4.680444051715851
71400.0 4.828005 15.778967 6.076991273488651 5.121515567304683 5.514888925129394
71500.0 4.476932 14.569905 6.160526689236622 4.965594658427858 5.311917340828161
71600.0 4.977790 15.096045 5.875154526138861 5.217727853066725 6.013905818572718
71700.0 4.385864 13.715000 6.0720906681059486 4.917629072841904 4.660933109283951
71800.0 4.661212 14.626373 6.153172062360797 5.085244448697704 5.589797716079497
71900.0 5.092287 10.940104 5.780448357692497 5.1925851549304465 5.478061755020829
72000.0 5.406413 17.608930 6.041988387455044 5.41217994408393 4.725926253880114
72100.0 5.663347 14.215463 5.965577774255171 5.58959590580256 4.683615421975225
72200.0 4.446419 10.057584 5.596258805809611 4.78263125056728 4.8139659748044785
72300.0 3.929311 7.145367 5.127177402914565 4.453972478834495 4.687361456013642
72400.0 4.544413 12.271946 5.81410360872243 4.878478178849713 4.503813867869045
72500.0 5.257028 16.152525 5.754223275867061 5.120519783847327 4.957626645146768
72600.0 4.743649 14.846814 6.051822580002093 5.143149546981547 5.184961933304729
72700.0 5.049811 14.715003 5.928129854565936 5.211675267403198 5.815768511894649
72800.0 5.804963 18.631252 6.3991652214239805 5.647086274585344 5.759899737709146
72900.0 5.052217 13.987634 6.524739832840703 5.48615735443113 4.6614054718099895
73000.0 5.654525 15.846283 6.33957120463814 5.732183901537036 5.141277355196888
73100.0 4.402452 14.646690 5.8192528837232125 4.791530250397346 4.973549934258985
73200.0 4.624089 14.376835 5.324562924791596 4.850147074353077 4.8305471756715646
73300.0 5.259953 15.146218 6.015359011847011 5.447264142355245 5.294600561791283
73400.0 5.239610 16.288716 6.019053888250396 5.406627380916748 5.55080920953637
73500.0 5.513630 15.765709 6.971406008895387 5.876739871103464 5.132052464098332
73600.0 6.099239 18.103603 7.115333449296586 6.20041505775972 5.2609077334706
73700.0 4.378813 13.384857 5.719960315533665 4.8316358684757565 4.702130695742688
73800.0 4.545157 13.999828 5.8709820240700505 4.864679831438031 5.3006913470329895
73900.0 5.742236 15.494610 6.44487718521195 5.7979474087068725 5.7069839759013385
74000.0 4.431885 9.966628 5.7286035141823035 4.980617530381684 4.619474707283741
74100.0 5.325944 16.441059 6.10009499769426 5.405336848026237 4.783311611484053
74200.0 4.754144 13.342594 5.931822262231951 5.029576227248263 5.146757211957334
74300.0 5.115125 15.706591 6.592353095744545 5.525697419291881 5.388766758599507
74400.0 5.189491 17.532635 6.0747118983606825 5.200751550429674 5.015892114050148
74500.0 4.773584 12.882622 6.03643098907958 5.249563864299074 5.1039552655971905
74600.0 3.521198 9.194506 5.542985090585157 4.237628836159582 5.279086453728261
74700.0 5.107854 13.844765 6.175084750871789 5.495411335095724 5.388835852719804
74800.0 5.253521 14.440410 6.443646391834988 5.553895753827185 4.96956262237936
74900.0 4.522509 12.188140 5.702977280125134 4.956549264174176 4.952178874194258
75000.0 5.426734 16.917108 6.322266313899968 5.495363811827025 5.4598853614686425
75100.0 4.533951 12.595116 6.20187578260832 5.093363643248934 4.7316712641017205
75200.0 4.725681 12.354656 5.06679052237232 4.7617826034364406 5.1081670538750075
75300.0 4.118844 9.595150 5.766028682528552 4.6931383001057645 5.540619871133604
75400.0 4.328982 13.533141 5.909575168442842 4.7510220742137115 5.519682850817522
75500.0 5.448046 15.709811 6.639730017731095 5.593231975222499 5.1011038829191415
75600.0 5.050745 15.517516 5.871558001273308 5.25582798228451 4.627506461845637
75700.0 4.773024 13.315871 6.090559244253253 5.1315653499601215 5.398928044416828
75800.0 4.537635 12.723067 6.373874826509069 5.1642950033286485 5.271169497377007
75900.0 4.127473 11.046824 6.084167998575652 4.866385660653958 5.062855279408652
76000.0 3.940670 8.956229 5.070588821686116 4.207742229896851 5.688135603139286
76100.0 4.847763 11.135764 5.914392940234054 5.168486360272797 4.741810092604396
76200.0 4.629444 10.673785 5.982529054562594 5.025384317906221 5.306934263215508
76300.0 5.644153 16.712160 6.223362441217326 5.502131196822523 5.0087077975950205
76400.0 5.437771 12.132516 6.5431164368996875 5.770613113408487 4.510937632868146
76500.0 3.684194 10.822276 5.8928036902813 4.501638418591919 5.596595017039174
76600.0 3.784001 10.324571 5.629733105708774 4.535984604817832 4.963324539575865
76700.0 3.809036 9.552815 5.199459484786828 4.415813080942389 4.893345493385307
76800.0 4.637065 13.486791 6.228325753851834 5.272149092496021 5.712161897075935
76900.0 4.383882 13.163761 5.662709623251883 4.817829264578208 5.356909757723387
77000.0 4.484553 14.268933 5.3728712110681185 4.742545014976372 5.227574969235923
77100.0 5.530756 17.623556 5.942923418693168 5.426577487763986 4.967639541196314
77200.0 4.701494 13.700315 5.352267358770446 4.770886225252274 4.920746664917916
77300.0 4.943767 14.958171 5.809559267125812 5.1453914677998025 4.569635704461153
77400.0 5.126369 15.804866 6.364830072011281 5.388104878604283 5.217501690813001
77500.0 5.411203 16.224409 6.037507870047278 5.411565254231035 5.508367386283812
77600.0 5.138316 15.461485 6.154693445257939 5.298628328062466 5.5697976863151135
77700.0 4.556135 11.458282 5.3099241546884794 4.729848256504389 5.593197036881517
77800.0 4.605955 12.941841 5.637811573047752 4.911196412394868 4.312256201534521
77900.0 3.853982 9.703243 4.741598995067584 4.098465753016358 5.245304268402822
78000.0 4.730917 12.854831 5.753343194625495 5.0779435031489175 4.709301960543862
78100.0 4.149616 13.379530 5.272292754918496 4.410984322543578 5.144488214784047
78200.0 4.678156 14.901306 6.1904501880843394 5.013080750174416 5.202420693374677
78300.0 4.807652 15.409063 6.269222585319516 5.236961108172028 5.174630868437038
78400.0 4.105141 13.013933 5.559610026430171 4.573931197132367 5.544085667702774
78500.0 4.878335 13.616139 6.473644392009679 5.464223966651662 5.099590946774663
78600.0 5.564546 15.401667 6.937681875555377 5.9359957609863985 4.641627653046342
78700.0 5.384492 16.548550 6.384270538017184 5.509217916523662 4.987331147782571
78800.0 3.775031 9.215540 4.836870167927102 4.1618284517728865 5.1655545948615265
78900.0 5.940460 17.322258 6.669316563833934 5.899151092620673 5.404805266898745
79000.0 5.210021 15.323380 5.581772101851948 5.175031679678708 5.119549784483647
79100.0 4.661734 12.766214 5.881727136955672 5.168097047399849 5.080413098730489
79200.0 4.695630 13.314699 6.150040640211596 5.25868318458365 5.220073140921834
79300.0 4.692737 12.117447 6.648266633897333 5.370691328686242 4.979808466058768
79400.0 3.921804 10.548833 5.8906153955432305 4.692567732068311 4.403760125138629
79500.0 5.343143 14.412441 6.534282011007909 5.627904872263569 5.467283285467782
79600.0 6.578996 21.262908 6.910640413210593 6.438166559770382 4.659072053320727
79700.0 4.621769 13.911749 5.956234819718565 5.064316358740209 4.809677031620211
79800.0 5.369812 15.528722 6.378033289014779 5.488798181901637 5.330923545348582
79900.0 5.249767 12.535084 6.595219016114388 5.585460639638675 5.942843913701051
80000.0 4.161878 10.410756 5.713063121793021 4.803696284727683 5.262075223221658
80100.0 4.768068 13.558836 6.039243193564402 5.220090847671702 5.7747033218062604
80200.0 4.525185 11.955557 5.820002793699679 5.075459339297121 4.927137706777204
80300.0 4.262317 11.814941 5.504728655420533 4.609628556188546 5.477357314644053
80400.0 4.906212 13.332705 5.4587560114193465 4.984813309903627 5.272389519909641
80500.0 5.186358 15.136262 6.316832182062707 5.4072782378983435 5.349522318206966
80600.0 5.363305 15.237822 6.531823927418785 5.659457684914321 5.958010080256618
80700.0 5.225057 16.956810 6.39367384693106 5.336423973403563 5.373818463635932
80800.0 5.246111 17.405896 5.971573646512865 5.255193534817993 5.029987859585191
80900.0 4.755315 12.873422 5.663101763578283 4.951454643340715 5.380130003540203
81000.0 4.316450 13.534410 5.663315874496128 4.813057507982697 5.192795789450565
81100.0 4.104146 9.962086 5.301637782004686 4.465419834851551 5.931516335123619
81200.0 4.599505 11.847143 5.5907273966510225 4.8115174306517865 5.23027786368684
81300.0 4.132189 7.255344 5.870759062311846 4.88528416248536 4.8431836215750135
81400.0 3.331291 6.769809 5.202121599362597 4.114038159307389 4.48382989507425
81500.0 4.544008 13.900046 5.66723661585406 4.792645124238858 4.977004267098838
81600.0 4.170352 8.626585 5.732003084931291 4.746837243360421 5.118526932610682
81700.0 4.985326 14.163775 5.834519903070698 5.114430140321218 4.953660561089949
81800.0 5.266612 17.609577 6.286038491261984 5.453738029558259 4.682701325146902
81900.0 3.516824 10.178776 4.948135088554448 4.15963875929253 4.682222178018234
82000.0 5.229283 16.767079 6.780987529846347 5.635440500732056 4.577450465805663
82100.0 5.001928 15.675400 5.5413680744232385 5.054254805947034 5.1597562041002565
82200.0 4.973121 10.336876 5.852087307167638 5.339693261919721 4.906945479299553
82300.0 4.006222 12.197974 5.82926171085877 4.744760018817186 5.0774455970072125
82400.0 5.773461 17.977957 6.1245381418458225 5.570110334728762 4.710412444934987
82500.0 5.101763 15.578387 6.468332051407121 5.451886439236191 5.534798347453319
82600.0 4.796567 11.564837 6.384313716395225 5.390970632939851 4.627523303602396
82700.0 3.781529 8.193040 5.182179528858216 4.3251839288555 5.099413305971814
82800.0 4.285788 12.775496 5.770961180258684 4.828808782125504 5.191850088362183
82900.0 5.208270 15.530818 6.314140107341533 5.353004726066425 5.01121112700355
83000.0 3.880969 8.874905 5.6055720684431085 4.567590660394244 5.72484102633882
83100.0 4.437999 11.014666 5.642441685333177 4.8390749928863155 4.890299354775779
83200.0 4.291151 12.726483 5.739828888528986 4.849681964005528 4.966941003776319
83300.0 3.967190 8.983107 5.97624376152788 4.729023690359174 5.477717374513604
83400.0 3.634666 9.474701 5.189494754316814 4.335830013561505 5.012064421727752
83500.0 4.520542 13.971831 5.8906123662818315 5.109222477010891 4.863828415739525
83600.0 4.594999 13.463119 5.867257355380991 4.970624212194193 4.958656604631245
83700.0 4.130396 10.153048 5.3849888131685075 4.4916662621501375 5.616804067368919
83800.0 4.201962 10.416496 5.595330668602051 4.614527363463087 4.943227215568465
83900.0 4.093782 12.385067 5.832876380700402 4.660008649224393 5.115366220207895
84000.0 4.374264 13.705402 5.735885001249358 4.74285652251137 4.785150295833448
84100.0 4.816025 13.043641 6.466016521282335 5.432383531333762 4.591741869630814
84200.0 4.908814 14.756387 6.430732713360824 5.47864403670664 5.945267966742692
84300.0 4.817089 15.627870 5.746814212914404 4.967998831984411 5.208827243774318
84400.0 4.796535 14.029396 6.417874435423909 5.500436935048313 5.406095028188332
84500.0 5.899128 16.543836 6.502565136025735 5.916932296123968 5.074551223588674
84600.0 3.743000 9.405767 4.959943862324866 4.307554436692738 4.539839655760717
84700.0 4.939325 12.839025 6.080803908660606 5.270286914816277 4.850685001833091
84800.0 5.465411 13.945337 6.637321017513663 5.900176123995473 5.008219598353039
84900.0 4.203739 10.793907 5.266209481156254 4.511428852803686 5.919619064787738
85000.0 4.512732 10.692128 5.7952384364691225 4.938626517485965 5.073762282482702
85100.0 4.131879 9.817818 5.1284696020861755 4.421243499309328 4.930809489235021
85200.0 3.952449 10.368506 5.4745304514211215 4.630309548947605 5.220182092313036
85300.0 4.034768 8.739018 5.2152421748782665 4.417905983911048 4.5802249543395135
85400.0 4.578140 11.179675 6.09860614196162 5.166799758465277 4.976942914896883
85500.0 5.055584 13.566205 5.910723548524737 5.213127640428122 4.495045413605768
85600.0 5.362055 17.329448 6.142844124098207 5.281999512341589 5.070960448675704
85700.0 4.791672 13.327995 5.63235696386827 4.888650447661443 5.367560192634926
85800.0 5.312668 14.770065 6.040335473935559 5.264913428623558 5.2800766770726035
85900.0 4.857673 13.659172 5.886067142879633 5.103088705644905 5.0568007845338565
86000.0 5.488046 16.561419 6.400407231699604 5.644448884216974 4.321733641682719
86100.0 4.818481 14.508183 5.923801328235889 5.068977576229769 5.495336916046343
86200.0 4.532602 13.325361 6.263132103103769 5.090588382587669 4.942536600133227
86300.0 4.039022 12.805034 5.950420911591956 4.739618995761079 5.285525287046741
86400.0 5.038200 14.534031 6.720591780662351 5.524063360305129 5.2822472981510264
86500.0 4.077864 7.898414 5.761339706852392 4.823178315769685 5.223156409070586
86600.0 5.045418 13.164171 6.516968003588443 5.463987749115684 5.172407659269804
86700.0 4.367313 10.781125 5.779541387655536 4.8609663180875575 5.247005728427544
86800.0 4.667590 12.604676 6.293220267020304 5.1733624733941275 5.690440325642493
86900.0 3.964681 12.264912 5.382241272498598 4.406255313209828 4.531234031046893
87000.0 4.441459 10.051502 5.9076953972527315 4.851878521331365 5.962876315987213
87100.0 3.773684 10.909587 5.045854331904562 4.219549162865354 4.742673857003784
87200.0 4.992909 12.066315 6.3081265555122075 5.28603756661763 5.0243531763537765
87300.0 4.689272 11.993871 6.071693584808613 5.083598823338971 4.702525036014444
87400.0 4.772401 13.156229 5.41755489327518 4.866187566462744 5.481977585675009
87500.0 5.259120 16.266881 5.99599815629248 5.281249759479299 4.918854468388742
87600.0 5.362466 16.312623 7.163745099524107 5.945068038558904 5.013565601085475
87700.0 4.827809 12.439381 6.307768966693858 5.301712943099713 4.571966006323121
87800.0 3.981669 10.743935 5.9202805683117425 4.780113695362096 5.9790474656622825
87900.0 4.985734 13.258029 6.277207857132782 5.392044491447913 4.874766426950158
88000.0 5.623547 16.928972 6.443476276319519 5.898843918757773 5.043442565696703
88100.0 4.352420 12.217023 5.8484310151943895 4.646375794807308 4.992277047720518
88200.0 4.308456 10.508646 5.465464695185288 4.847517103082444 4.776319522849989
88300.0 3.989679 11.000723 5.572962534262314 4.571923088182343 4.980050483768621
88400.0 4.139747 5.745420 5.72185505484339 4.860830555165312 5.231431730365683
88500.0 3.597548 4.638636 4.98275551547182 4.217199353255951 5.955424100343237
88600.0 3.284383 2.840646 4.598852440709953 3.8379125810048467 5.226822585311983
88700.0 3.803947 8.667617 5.126791219099106 4.269283896786659 5.370329048895355
88800.0 4.396399 11.787589 5.416067270319982 4.695034591019162 5.269094058726981
88900.0 4.207788 11.824495 5.529002593207681 4.537022201538599 5.723956471176236
89000.0 5.469014 14.656679 6.195160795989149 5.543508809484425 5.08094589928488
89100.0 4.650592 13.442785 5.993363960868065 5.159274310580593 3.8198501728449084
89200.0 5.190573 15.102944 6.445599114848673 5.6165386166649185 4.630882461120826
89300.0 5.492638 17.579410 6.312648771248636 5.6368524080581865 4.76153002633249
89400.0 4.996892 13.703318 6.200288322171459 5.286910434994479 4.684978749950023
89500.0 4.083781 9.870372 5.059791076949707 4.529509250990175 4.467003867865245
89600.0 3.614216 7.864591 5.5809774191246815 4.504871878955415 4.7872932894717195
89700.0 4.378498 12.370335 6.204074101643353 5.079529222906318 4.95273276810261
89800.0 4.961637 16.606613 5.634655901558368 5.068736133073199 5.511227325309942
89900.0 5.114609 14.210252 6.33188170189372 5.4610889381865215 4.504537261575134
90000.0 5.110088 13.367115 6.008522504386677 5.243142832197264 4.956050873550105
90100.0 4.929387 10.515093 5.734960012199297 5.134352733446829 5.237345700345084
90200.0 5.261075 17.199800 6.377944231231798 5.399754981400219 4.534592857025493
90300.0 4.615167 13.446590 6.576926718264313 5.265061047242435 5.740708851965932
90400.0 4.490683 13.218723 5.983055783629748 4.932002655744375 4.688300306512238
90500.0 4.604483 14.335652 6.343028746781972 5.218789065933007 5.480326493490609
90600.0 3.901590 9.037405 5.375128179418756 4.3909967186564876 4.599535468108323
90700.0 4.376086 8.560544 5.730246460927734 4.872719410618102 5.057946340746823
90800.0 5.624189 18.510419 6.137130562663665 5.402340954023478 5.106719123633943
90900.0 5.277722 14.612508 6.367461400413101 5.578481133355273 4.7679800287664476
91000.0 5.518222 16.309942 6.165945083340614 5.505766443363075 4.777236635906342
91100.0 4.884748 15.850116 6.408925384767903 5.282875501436846 5.354436646756763
91200.0 5.384785 16.818636 6.177619560590434 5.4075833978004475 5.404460115814217
91300.0 4.198707 10.282892 5.844943567841601 4.8730320034461085 4.683334263906229
91400.0 5.312074 15.358333 6.3720633686850805 5.577831460143713 5.352489150666264
91500.0 5.477428 15.843843 6.120178568928121 5.422136556284219 5.30274381665342
91600.0 5.606953 16.902405 6.911070716897001 5.849622265582439 5.0833899626572405
91700.0 4.458127 12.156569 5.610826779081842 4.680062729156578 6.0135065013357
91800.0 4.520024 14.153650 5.302617798024233 4.667942701566576 4.52906505264431
91900.0 4.064596 10.208584 5.610149270134393 4.555959008598342 5.2110187364099785
92000.0 5.326897 14.599954 6.4385265579846065 5.607462849136112 4.829149331932645
92100.0 4.936988 12.872800 5.536345434480928 5.045691233314795 4.597381044552505
92200.0 5.724549 18.131210 6.784452409822014 5.91743584590841 4.745346643413262
92300.0 4.691274 13.926644 6.102281095560046 5.114892794372381 4.616814852267077
92400.0 5.742580 15.997809 6.888049598587531 6.118111128724669 5.2970466777058665
92500.0 4.728134 14.019330 5.433534733060146 4.949081875844815 5.005340469063612
92600.0 4.838507 11.996696 5.662267944473334 5.097319413361796 4.822961062690221
92700.0 4.934569 13.998440 5.920636107543791 5.151870398191001 5.538554593705531
92800.0 4.917863 11.109279 6.000628619122948 5.297744917159896 5.262446453638885
92900.0 4.098263 10.238514 5.510494765567293 4.5303263787721315 5.453341574850933
93000.0 4.906762 12.395838 5.963693273083452 5.214725871560965 5.334748383365707
93100.0 5.745983 16.703352 6.4785855765210485 5.85698464861055 5.526652131952568
93200.0 5.719690 14.286076 6.352999946021788 5.858233578656968 4.453326781911444
93300.0 4.568986 13.689799 6.092846642212608 4.928807015689189 5.313037540810239
93400.0 5.803775 16.971964 6.790464286350228 5.80596589379556 5.766596188210799
93500.0 4.612178 13.869294 5.782194937295852 4.950463493697402 5.50928919313255
93600.0 5.217742 13.936474 5.530526204197113 5.141046674268257 4.589593513214788
93700.0 4.945261 14.310889 6.026875881133519 5.199702693499683 5.1683585951911475
93800.0 5.456016 14.699258 6.5427693647362215 5.6747266652211765 5.083657043869071
93900.0 5.474297 17.928495 5.558440803194433 5.14040607829896 5.372821051122892
94000.0 4.242418 9.854826 5.408162805623501 4.652068668118088 5.149086640663365
94100.0 5.629473 13.935958 7.177690609011454 6.0063039547454 4.428079741117813
94200.0 4.577534 10.501791 5.665931432522884 4.935933396235686 5.702740375525171
94300.0 3.970511 9.927887 5.1869249660699035 4.442188836587383 4.880866855968205
94400.0 5.515929 16.567394 6.394176354182678 5.701080861464241 5.388311105476913
94500.0 4.397422 10.540649 5.579452572696404 4.8182434898696 5.257625158133512
94600.0 4.939009 12.592344 5.96749567165714 5.252597934510455 5.138042349873403
94700.0 4.785631 11.927732 5.713195643300102 5.022326501590762 4.258587496669652
94800.0 4.873645 15.241863 6.298010501691835 5.188184163831162 5.469509108577949
94900.0 4.644761 15.237706 5.667988224105837 4.877565283595752 4.918804436680583
95000.0 4.610178 11.276667 5.965373840112316 5.02348504549738 4.7724337586510845
95100.0 4.254080 9.794009 5.63921340659244 4.703764359490681 5.0383365068962656
95200.0 5.405030 15.607206 5.9142109901454125 5.272758654701039 5.533222918279652
95300.0 5.056381 14.691998 6.378412440805985 5.5592128200343165 4.754583185967921
95400.0 4.833824 14.210917 6.4265922184845925 5.414463811090809 4.846785563968165
95500.0 4.178534 10.574080 5.159221882968675 4.384060411783295 5.07829826530336
95600.0 4.809433 11.706453 5.735394702284777 5.07000364454556 4.727232480832298
95700.0 5.664854 17.612676 6.7712892721674285 5.873308785490793 5.307687240646155
95800.0 4.654146 11.615163 5.745577209139763 5.012152815548032 5.193658640025961
95900.0 5.067531 14.989135 6.300230045467664 5.3945307109666185 5.096006278157202
96000.0 5.354445 15.769341 6.559504205649096 5.566439597182284 5.291683109254213
96100.0 4.779090 13.394989 6.596296058222668 5.312763512116294 4.3420708087081
96200.0 5.379483 15.956768 6.805515476883725 5.838860573443563 4.8271566806960795
96300.0 4.263267 10.954583 5.6060356604074455 4.632206544033801 5.213900864802482
96400.0 5.095172 13.994347 6.6700929863878455 5.635133496092392 5.019176472408863
96500.0 4.297945 9.758271 5.514850317450004 4.763763247035755 4.613078294886187
96600.0 5.102908 14.922549 6.478176174444683 5.423421396517154 5.134595610543765
96700.0 4.401062 10.164722 5.679836421184125 4.82429722832055 5.126580388936718
96800.0 4.538042 10.388285 5.621520769733533 4.947033382465854 4.958518201022954
96900.0 4.482819 9.946437 6.07564117013965 4.992088498459241 5.388661711771055
97000.0 4.909980 14.017516 5.547800227910499 5.121767522784362 4.4383268416920165
97100.0 5.079294 13.457689 5.684541145135619 5.163185620805164 5.1008239257582435
97200.0 4.160575 10.933293 5.655214259450199 4.639912682555914 4.688034829267897
97300.0 4.031014 11.197915 5.334988051568995 4.569417560919241 4.700697073891517
97400.0 4.121333 10.552403 6.210308954385589 4.822098698611911 5.395870864863283
97500.0 4.068518 12.651194 5.370962543399906 4.541221668395987 4.978869553595078
97600.0 4.525701 14.126368 5.9080027391623355 4.937892670116082 4.786955925056507
97700.0 4.188851 12.541515 5.551275485996268 4.537839319465918 5.076053855519723
97800.0 4.817477 14.223200 6.410164239584063 5.362034685921195 4.984054101285848
97900.0 4.305769 14.155067 5.080703088515709 4.435535874950288 5.059741357306793
98000.0 4.390440 5.801071 5.732865577597565 4.902805396490285 4.746003682736656
98100.0 3.885795 12.223695 5.329873936459684 4.496518416435573 5.315671550398591
98200.0 5.663094 14.449563 6.961936076222171 5.954077643659227 4.935531336385875
98300.0 5.277872 16.888946 5.3092301586423165 5.013110959059737 4.222247033228637
98400.0 4.245910 12.995812 5.828691312633093 4.698215068018504 4.710783444337781
98500.0 6.088801 19.132014 6.046540576304132 5.73230908349926 4.68453196589143
98600.0 4.830690 12.970213 5.8341176200084135 5.061464349309467 5.041717121503442
98700.0 4.637261 13.492234 5.550063458572123 4.8454636925257 5.19862326052989
98800.0 4.240676 13.323076 5.555621015983114 4.752746805294706 5.502407864208354
98900.0 4.525687 12.578242 6.060441350468011 5.053766215516443 5.0653312768516825
99000.0 5.269244 17.059935 6.1408738137645384 5.4298830165551575 5.216731223499879
99100.0 3.864853 11.873595 5.811138184541545 4.570200991724174 5.1244098109251714
99200.0 4.714645 12.533278 5.395861649259343 4.844913503908222 4.79556879585698
99300.0 5.358759 15.270899 6.14884980117333 5.500873033129172 4.807967883941404
99400.0 5.327433 16.316694 6.635140266573213 5.6314210405411 4.407830949719967
99500.0 4.434956 11.075225 5.230196699649749 4.535333452659082 5.024427427326428
99600.0 5.074562 13.655759 5.807626214618547 5.258443204109726 4.88189766884397
99700.0 4.676049 12.852307 5.987068975114136 5.037667668696271 5.354749217356754
99800.0 4.560180 9.766761 6.180572761090922 5.259602114190746 4.765358203091199
99900.0 5.143647 13.023954 6.135929559271049 5.372171052624864 5.798575655632646
100000.0 5.084094 15.240461 6.112939101639767 5.288025176012973 5.053675397171322
