# t rg re s3 s4 s6
100.0 2.326212 5.464753 3.7972564090735963 2.9479122084297864 3.456623750938605
200.0 2.443977 4.665923 4.1472780135470515 2.9484908667471457 4.678666157226743
300.0 2.914063 6.787345 4.440619906957595 3.399962362417946 4.285044628833629
400.0 2.740933 7.660351 4.492077773706031 3.4807688689827723 4.542140971523439
500.0 2.563110 2.562432 4.0285533374581775 3.157101931780705 4.3528457402213885
600.0 3.881531 9.585319 4.890932044048281 3.9175571793693087 4.634447954152308
700.0 3.985615 12.580973 5.341666413939583 4.421259919361976 4.791012196530874
800.0 3.876690 11.220571 4.975833193784144 3.9400989947217497 4.925151694076404
900.0 3.181488 8.001750 4.475742624377154 3.5558582732749233 4.649453300042811
1000.0 2.727628 4.487020 4.113987632525949 3.1699566711691793 4.485479438810333
1100.0 2.702938 5.602786 4.520845800610821 3.425801334576357 4.891198636596155
1200.0 2.511234 6.079940 4.268760592636721 3.255789799533531 4.759735164344457
1300.0 2.264627 3.685645 4.204869703718506 3.045047885130486 4.45025644855035
1400.0 2.398874 2.032278 4.191821302931256 3.1117422948402242 4.247703242409282
1500.0 2.663295 3.828142 4.014057732758364 3.086229378251591 4.228051383153822
1600.0 2.789832 6.658268 4.740365533274146 3.6043427648769337 4.632882883649734
1700.0 3.542564 8.482607 4.217485190576265 3.620943288849652 4.443795763468546
1800.0 2.840469 7.825117 4.201862204424728 3.2795744229809722 4.664536827846498
1900.0 3.052434 6.661245 4.390396653838092 3.5780644481603114 4.243687583153228
2000.0 3.341869 10.183288 4.7026594572402285 3.7924359361894555 4.765750267301219
2100.0 2.770576 5.902403 3.877536884327778 3.114695126367358 4.744709416766697
2200.0 2.206967 4.241472 3.973346497977464 2.9833569579029153 5.308485299802872
2300.0 2.942317 7.397367 4.395768215245552 3.480939997344783 4.447621168324832
2400.0 3.253298 8.869898 4.073316144151402 3.4379262882449644 4.247187721911677
2500.0 3.262434 9.021136 4.104300882768234 3.5392716895311827 4.468917543946528
2600.0 4.037638 9.721201 5.088732550580642 4.318582316548282 4.545437866158155
2700.0 3.447984 10.790445 4.373817952469784 3.5631317509432603 4.303937821858355
2800.0 3.539788 9.058281 4.836857941739104 3.8718807741556542 4.692060453624578
2900.0 4.985705 14.857882 5.509398740721774 4.973628369855539 3.84480469183754
3000.0 4.700136 12.910430 5.8323061092318635 4.981801134620787 4.8057097419526125
3100.0 3.588743 11.226867 4.925900960924382 3.9659657364487955 4.629722346701972
3200.0 4.948606 14.538578 5.348961037425259 4.833002854375572 4.027359934844069
3300.0 3.319484 7.625328 4.4518433088517195 3.7627680269652704 5.438646457034349
3400.0 2.469414 3.840560 3.918636790465865 3.0126383243579156 5.330523143049828
3500.0 2.301985 3.330896 3.8941863317722034 2.910156825748512 4.710394804339022
3600.0 2.052828 3.498412 4.150005389188983 3.023985381788736 4.645470080774029
3700.0 2.905911 4.402560 4.1887475604482916 3.280726849099039 4.663795382751704
3800.0 2.854209 3.786674 4.613721214286459 3.4302597991744928 4.6977103546317
3900.0 2.215692 6.101845 3.966363591797305 2.923304902068999 4.10871696129933
4000.0 2.562411 4.452384 4.148688643621089 3.196514856581305 4.074935257074671
4100.0 2.508061 3.828852 3.9242772912780697 3.0175124622935954 4.646151046676893
4200.0 2.434511 2.978928 4.615762710800274 3.212672689632393 5.537222540353282
4300.0 2.324266 1.997223 4.3607232577577 3.092968300347323 5.132846111753962
4400.0 2.261044 2.153699 4.491004650693304 3.2065954384395354 5.1199108323914935
4500.0 2.643383 3.972997 4.511454312834439 3.4275441065465757 4.815766557124311
4600.0 2.571206 3.297960 4.724500295300311 3.3823161555592374 4.466243494347913
4700.0 2.750143 4.815320 4.0500797699694475 3.206431146543273 4.738972654920003
4800.0 2.584866 6.063185 3.8531450197700465 3.018584573628196 5.064389436270683
4900.0 2.028385 3.481397 4.260795385423882 2.907576711574844 5.298216475984655
5000.0 2.966554 6.866606 4.296799038844837 3.3420817089148414 4.688660717147931
5100.0 2.979039 5.992202 4.534149384178465 3.481258134846792 4.4312631206008914
5200.0 2.864558 6.636733 4.283784840114803 3.377957754869775 4.014357321696027
5300.0 3.126208 8.208686 4.603547728023554 3.5477134946158486 4.090289570143618
5400.0 2.860706 6.905415 4.065123144221014 3.3464363689944054 4.428924506621732
5500.0 3.236372 7.447756 4.388693816663875 3.6606362726437847 4.683331874718459
5600.0 2.577683 5.436186 4.1355075351950115 3.1878557735751643 5.0502078037106095
5700.0 2.921200 7.282346 4.419027838855596 3.4703750897347017 4.3417369187592705
5800.0 2.239535 1.801567 3.969570129538202 2.9440100814951977 4.263495352563796
5900.0 2.906271 6.341661 4.79941070916763 3.5939284845725368 4.777711014022176
6000.0 2.690775 7.900623 3.830662448206066 3.135412859969942 4.242407815427202
6100.0 2.841487 8.423982 4.8060326053771565 3.4641178975947935 4.6664852966714285
6200.0 2.567482 8.037935 4.212832048978336 3.184432765584206 5.243292660358503
6300.0 3.642560 8.063910 4.642068673141433 4.1301541175763825 5.3188767750278725
6400.0 3.087382 6.325212 4.033840180104159 3.427423179988873 4.200501918695202
6500.0 2.603748 3.720594 3.9740927264823727 3.1927945916111353 4.516106606029828
6600.0 2.450446 5.626365 4.317050710860623 3.060700821325612 4.965309223402453
6700.0 2.452294 6.682513 4.179379631784648 3.114774232102655 4.55773059643987
6800.0 2.548196 5.088986 4.4238929412338 3.279474165553374 4.42801593024198
6900.0 3.014822 8.634744 4.503399306747698 3.5772063419356126 4.221084153739126
7000.0 2.783895 3.425693 4.139859877032268 3.224787479746065 4.319395471176309
7100.0 2.683848 4.518923 3.8881504415734005 3.1024138813022137 4.983415280524264
7200.0 2.130808 3.263066 4.024339195474934 2.8966332095528644 5.574622821969665
7300.0 2.561620 3.113607 3.891723667262464 2.9903220526308494 4.8947337953469106
7400.0 3.012613 5.638570 3.8143583607529283 3.219410452853105 4.1019184999290355
7500.0 3.299281 8.461233 4.57661607465973 3.7040375891174344 5.111557308620501
7600.0 3.018023 8.159980 4.777974483340129 3.6388661511503586 4.706652391081191
7700.0 4.023423 10.643363 4.8255319997929895 4.164167179791251 4.020602318402331
7800.0 4.191564 11.826620 4.9069413753177 4.165528995584288 4.435200936145496
7900.0 3.414419 8.303231 4.212302663043948 3.6988935519753046 4.473744960052161
8000.0 2.965327 7.362058 4.217079700727384 3.503539418590629 4.564221804839369
8100.0 2.747802 6.513210 4.179922299140177 3.1739774123001836 4.658702392819654
8200.0 3.942467 13.128078 4.782750286829002 3.9716266084445713 4.651018515207085
8300.0 3.210786 10.364468 5.127849111345906 3.8775071141781443 4.263076277421818
8400.0 2.787410 7.826404 4.1617088422188315 3.3065417708728417 4.503119810177295
8500.0 3.350917 7.068151 4.47407497607786 3.647243042139448 5.214109784500932
8600.0 3.360903 6.829390 4.660454108603441 3.7313022988437443 4.105677774116392
8700.0 3.072215 7.545394 4.375445893419987 3.4278259532879307 4.448536707391091
8800.0 3.269181 7.818666 4.144975900113079 3.5509052240580514 3.849307720190587
8900.0 2.763732 6.986205 4.088858980529601 3.1572813586585684 4.313426990244787
9000.0 2.189818 2.974641 4.007195933977466 2.901235422762176 5.073265461229228
9100.0 3.959176 10.341035 4.978636409134175 4.1403237899801315 4.608141006762877
9200.0 4.992080 12.777612 6.0805472334545625 5.254780392745174 4.162747918618502
9300.0 3.656175 10.312533 4.778727878359208 4.051307433193053 4.6103984822173745
9400.0 3.280102 8.890565 4.7186260252329655 3.8371298966234164 4.571107963526815
9500.0 3.893717 10.902572 4.806550649865845 4.056464517335426 4.496233862069868
9600.0 3.974021 11.429187 5.603769968580606 4.473128302196767 4.926181017899187
9700.0 4.434172 11.499505 5.72448396956693 4.8034360068599256 4.875052848313841
9800.0 3.751814 11.272441 4.714568269561376 4.071303748231218 4.436244837117895
9900.0 3.125707 8.832964 4.599574945941803 3.7172418621615346 4.266205816245806
10000.0 2.532932 4.733784 4.275363515266133 3.0912138310176234 4.767172503587528
10100.0 2.620656 2.402440 4.009084743958299 3.0407297128770785 4.332795430828724
10200.0 3.771568 8.922069 4.090745269175142 3.6919484643243496 4.525068614313239
10300.0 2.935846 7.476351 3.9766617189985256 3.2613057580248714 4.432737815333047
10400.0 3.358213 10.320476 4.745196600577396 3.8531271034991845 4.890662104845645
10500.0 2.859973 9.005072 3.941352308212489 3.1212241306530846 4.155643756107589
10600.0 3.169513 7.101221 4.382978256289283 3.504097954066282 5.095311094218348
10700.0 2.556620 4.442086 4.1335414020709145 3.1778513468907983 4.521196398191761
10800.0 3.304663 11.116955 4.785834121456738 3.6539996002678055 4.343610394418617
10900.0 3.850878 9.661583 4.934285006054503 4.075394329143282 4.570041190299162
11000.0 4.782136 12.414320 5.480808740359178 4.953238853161621 4.7751383083384376
11100.0 4.427326 10.802014 4.735828595362368 4.350163394640615 3.985066708241326
11200.0 3.909973 9.898501 4.520049833806558 3.9288429809739505 4.794913936023671
11300.0 4.085411 8.909265 5.187296508550162 4.415701684867673 4.592820531333558
11400.0 5.058386 14.353135 5.835354635643764 5.288760348876886 4.675242234309357
11500.0 2.911040 7.519124 4.585658291622109 3.5320918607915424 5.381115344549376
11600.0 4.032125 10.025633 5.27122538182372 4.425472261169718 4.323881672538085
11700.0 4.221044 12.918957 5.081693432553075 4.336733162641068 4.874462603540616
11800.0 4.359370 11.295803 4.895247559927249 4.298212503197663 4.828771321005677
11900.0 3.182116 8.052329 4.729942831435399 3.8833423511428413 4.35084418525335
12000.0 2.844728 1.794143 4.037618287398365 3.275771776594453 5.098953201884041
12100.0 2.680091 6.192550 4.514993506216414 3.3468445694594116 5.406288660376398
12200.0 2.735663 3.437664 4.659177746230511 3.545384537957716 3.920784063169232
12300.0 2.501576 8.536519 4.074627640061261 3.1873785841500943 4.2114056781078135
12400.0 3.333714 7.994173 4.541561733753056 3.6843973328156268 4.6721208628905915
12500.0 2.799726 4.739436 4.016146645037513 3.196511552795367 4.105028484877146
12600.0 2.043057 3.215600 4.055583382609578 2.901684778076351 4.631124549129651
12700.0 3.431704 7.715829 4.63142981892555 3.8374687203308695 4.507473518516172
12800.0 3.707832 8.459425 4.598793862033109 3.8424372029925076 4.678445757378383
12900.0 3.771330 11.731146 4.944184226978575 4.20496250952096 4.37135361401209
13000.0 3.905497 10.560497 4.66423861445174 4.004012023246592 4.328554175377032
13100.0 4.050873 11.157596 5.541435340343381 4.565664644554283 4.028443359607208
13200.0 2.814964 6.343863 4.5840693854500225 3.519076421403168 4.314363886589937
13300.0 2.418609 5.741985 4.051815931209906 3.1229504169216966 4.834200125328536
13400.0 3.841358 9.266379 4.6220954497535685 4.016374914076856 4.359289873752544
13500.0 2.661571 4.385889 3.8242555426618647 3.05418330031539 4.375319352922402
13600.0 2.907769 5.198904 4.39886392504722 3.561450875143271 5.0623825176909545
13700.0 3.087299 6.472507 4.451818062151533 3.526025357726727 5.020509546962146
13800.0 3.670101 7.720327 4.792606642109398 4.081719596490606 4.610126886818388
13900.0 3.799870 9.828172 4.866594589787903 4.023704452032241 4.6358737731935795
14000.0 2.216366 4.498915 3.8672418353174054 2.85598290613627 4.497068487048626
14100.0 2.864497 4.169709 4.115388966927257 3.4567581758390107 4.05273532839136
14200.0 2.509438 2.492255 4.20923847007518 3.1026401320323966 5.429355745972081
14300.0 2.849109 2.539127 4.080551666381592 3.2567784492769656 4.437247458677429
14400.0 2.196093 3.581257 3.967580331064464 2.7923003724518076 4.251607127802496
14500.0 3.290574 4.159127 4.431152729545142 3.6630298390272653 4.238831776369456
14600.0 3.099708 3.596174 4.032437315398241 3.3872716126597475 4.811072503232119
14700.0 2.474049 3.082169 3.9052006433052875 2.857828052620169 4.232114236345658
14800.0 2.324896 3.632618 3.852474150640048 2.9339432973912287 4.551085267253928
14900.0 3.008237 8.805747 4.019559687723097 3.3314637331322223 3.6960066217388277
15000.0 3.524082 7.431650 4.726725035930997 3.9008012830611274 4.410745784742854
15100.0 3.541829 9.330467 4.606295108304137 3.855863771117091 4.493332706193607
15200.0 2.984296 4.492154 4.0400951252749815 3.3026164220250163 5.527198857608014
15300.0 2.141634 3.279019 4.107653922168711 2.9581150541503702 4.719849243068074
15400.0 2.470070 1.710157 4.260986429365358 3.2111603055393236 4.920812167068624
15500.0 2.884306 5.749900 4.49456414190162 3.474192811831489 5.119547504034653
15600.0 4.665717 15.506495 5.509648405525417 4.7958770738926875 4.037788142951895
15700.0 3.641455 11.334283 4.9819095744945585 4.20964323535935 4.182147047311753
15800.0 3.926744 8.160391 4.863641326519932 4.346427896541323 4.469355874184782
15900.0 4.463579 11.000441 5.212347204228148 4.486420198569745 4.673026005024386
16000.0 3.720334 11.921588 5.397860987201097 4.321238823195377 4.687976239026227
16100.0 3.119178 10.057496 4.644725983188771 3.699895591472708 4.596720452815376
16200.0 2.685676 7.105219 4.314896171137385 3.291730084672364 4.852069147310925
16300.0 2.931247 9.076238 4.182312134836073 3.3124736448215795 4.3328543657853515
16400.0 2.824151 8.840238 4.495164403458291 3.3850957976094587 4.289029332871869
16500.0 2.056145 4.269363 3.842124105970711 2.8668905775394564 4.684383965502301
16600.0 2.434161 4.476028 3.8683144546165846 2.9713358885497287 4.435050228649059
16700.0 2.948959 7.820231 4.242236170192285 3.457805229272945 4.7263288325813795
16800.0 2.649060 7.546423 4.048732047081427 3.135799576705618 3.858438964065966
16900.0 3.762916 11.187655 5.015199940936534 4.141669824994657 4.141958766171431
17000.0 3.621888 9.772881 4.493040270658677 3.947516357883708 4.174799544071756
17100.0 3.440733 8.581312 4.653509767522241 3.8076646838365806 4.472048132750014
17200.0 2.765214 8.870597 4.297700703689966 3.223164452521764 4.462795257478766
17300.0 2.306821 7.104468 3.9820058027682954 3.0396335851576715 4.446254466499352
17400.0 2.853046 7.881786 4.075951331634838 3.1820764304334634 4.675503181110275
17500.0 2.785859 6.845905 4.020619685432482 3.2880871531104368 4.817813828015841
17600.0 3.694473 7.419655 5.046276714562039 4.190410030611773 4.697454896727487
17700.0 2.305976 5.255722 4.315384738290122 3.09931794841635 4.79942976429414
17800.0 2.048334 4.910887 4.20023270755859 2.952008146145612 3.8312036091132233
17900.0 3.244538 10.444059 4.873076179451586 3.8495017381923127 4.203777214335625
18000.0 2.927467 3.893836 4.587240746194789 3.5455367638245328 4.547996767020381
18100.0 4.273411 10.231674 5.037415559575894 4.4655444048923805 4.611231856897438
18200.0 3.817227 7.466868 5.220215884381394 4.262469102763897 4.886925456991289
18300.0 3.919142 11.885476 5.074462458353472 4.269906276434476 4.335991826980215
18400.0 4.797552 12.739427 5.687775514971624 4.988153437473198 4.113488949212687
18500.0 3.406730 9.873525 4.25495886537439 3.686329025258064 4.399928970724065
18600.0 3.440508 8.779242 4.828626188188938 3.9294426441815506 4.612786377286077
18700.0 2.727421 7.604362 4.653132724237818 3.399993045688329 5.078983755477826
18800.0 2.879325 5.596752 4.257361029889079 3.3492953579754996 4.195359162363639
18900.0 1.943347 6.256176 3.850013965729449 2.8457004320038903 4.410443759252848
19000.0 2.769494 8.415354 4.413703588585064 3.437518859797392 4.704075276765081
19100.0 2.266156 5.586227 4.06350911954743 2.984329736170172 4.240960800871167
19200.0 3.654631 10.653315 4.355693438358024 3.6359135822367086 4.498879113519425
19300.0 2.792654 8.088554 4.293706961129154 3.273428274616675 5.100544542244545
19400.0 3.721194 10.069783 4.8178109728526595 4.115882515026026 4.694625598048784
19500.0 4.476173 15.348636 5.580684646742144 4.626954601050262 5.034642258296646
19600.0 3.595080 9.116158 4.950302369098499 4.048382251708806 4.973626080093539
19700.0 2.834166 7.512930 4.108381538061471 3.196837872274501 4.671694418905812
19800.0 2.287633 4.940171 3.9874615510900058 2.9091940265797516 4.787926063284245
19900.0 3.872863 10.800573 4.3804532167730725 4.166555422249408 4.351005236825168
20000.0 2.971365 5.005293 4.715323825251521 3.614433712130067 4.35092516205058
20100.0 2.813312 4.877775 4.940891144067203 3.534785589049658 5.514115884485483
20200.0 3.067480 3.914419 4.904256965356089 3.7759094728432268 4.215314284251486
20300.0 3.219511 6.533100 3.8668650430167264 3.2786110693105575 4.443822208852363
20400.0 3.939015 6.592404 4.455716230355361 4.016999310298743 4.779482932776527
20500.0 3.409687 7.971669 4.193562485378088 3.6257793927596644 4.500392988860816
20600.0 3.824455 7.434906 4.907896600331902 4.200036231624792 4.339053516635023
20700.0 3.191021 7.626640 4.187429194212127 3.4695805351352926 4.420394639478496
20800.0 4.032408 11.292277 4.697953752123125 4.178355782735065 4.15507556719653
20900.0 4.019111 7.466335 4.698592472869029 4.17366206660934 4.318183877214281
21000.0 3.426980 5.118689 4.810969165601056 3.89065531497619 5.112493917090135
21100.0 3.774316 8.911242 4.407623609568418 3.9005216750987075 4.543987617501707
21200.0 3.802599 9.264054 5.03382009663801 4.248545839663221 4.20406829903232
21300.0 3.867520 9.025474 4.699449227933694 3.9504472273154687 4.3549544309387676
21400.0 4.424112 13.472262 4.961049113908625 4.5787304141987075 4.689750095573881
21500.0 4.264797 11.391451 5.112188151575537 4.564581428749841 4.151262113760875
21600.0 4.536477 14.438124 5.588315641746421 4.865727318873649 4.034412496253966
21700.0 2.887691 7.455166 4.464730200288946 3.468684140110066 4.852739077653178
21800.0 2.899640 7.449727 4.370191081874694 3.4137947016523844 4.397768561398814
21900.0 2.726613 8.579727 4.361729641651326 3.3025413232065537 4.52693888100712
22000.0 2.535163 4.090466 4.26340382912317 3.2458781000818338 4.9107096634528045
22100.0 2.172439 6.842050 4.122904292382623 2.998925638835543 4.851463681684766
22200.0 4.109936 11.591329 5.224011574624368 4.501927900655064 4.415873962686351
22300.0 4.141416 14.178849 5.123907156751461 4.410399370198034 4.851150099843864
22400.0 4.089779 11.842897 5.491463056221766 4.499330030625897 4.078883167262615
22500.0 2.723203 7.709373 4.052440249240254 3.177421282314292 5.0231160307779
22600.0 2.744484 6.608717 4.281584862197654 3.2907831386727824 4.6576084435594
22700.0 3.219669 8.951140 4.327696199262758 3.6551872055541 4.289252309029174
22800.0 2.746442 8.073673 4.377440917081747 3.2723138636035287 4.8336713703030325
22900.0 2.467695 7.387259 4.476288718043311 3.2039531482636834 4.809594637496774
23000.0 2.907598 7.676969 4.390609867717492 3.4495580789807643 4.809329726740672
23100.0 3.431341 9.862657 5.011633264849499 3.981768238190467 4.49827296111921
23200.0 3.362216 8.169961 4.1085404753648955 3.53445420693549 4.686599549694849
23300.0 3.345500 9.813397 4.089046088080262 3.5672877612319094 5.04876579278201
23400.0 2.982182 5.137211 4.520942621721685 3.5978853007285716 4.48559247568808
23500.0 3.087021 6.875448 3.975810252237422 3.3054003669192036 4.528861816830129
23600.0 4.235967 10.878192 5.2672225346385915 4.580467899625346 3.889446327535623
23700.0 4.794528 14.394906 5.927476941060833 5.191739778394581 4.375739834860776
23800.0 4.294349 8.124425 4.739785542781091 4.305477692663063 4.143846642145152
23900.0 4.113532 11.121109 4.711507480677353 4.235456312123178 3.4767812798754205
24000.0 3.438020 6.788473 4.391084819841745 3.6909192017445007 4.293032606650849
24100.0 2.911668 8.554196 4.515762568011146 3.460745913353922 4.490343808592923
24200.0 3.366486 8.889767 4.362303369558781 3.6857129014338548 4.6663313007360845
24300.0 3.756307 10.699858 5.157997929510319 4.317034807650341 3.768078296474111
24400.0 3.977962 11.544329 5.237068654575425 4.316142969245119 4.841522651532079
24500.0 3.427931 6.919772 4.686308535791993 3.8563530375487636 4.010445743216924
24600.0 3.601780 11.853203 4.5079002783283055 3.8030558778262855 4.8447141918678165
24700.0 3.541633 9.152336 4.242773691071843 3.714713152464409 3.9135304808436486
24800.0 2.908624 8.289193 4.556434527230959 3.633142502749538 4.9311566418324135
24900.0 2.110217 5.381332 4.111701967526657 2.9291934818626086 4.1731180139977635
25000.0 2.912272 6.066403 4.7773631538190475 3.573229183526573 5.0190643027871396
25100.0 3.027850 5.792907 4.768614027453209 3.7200461376675027 5.3118856872780045
25200.0 2.287288 3.815848 4.070215383833855 2.9599485036705615 4.788383475544837
25300.0 2.408106 2.655173 4.272385001178947 3.1153080460725673 5.185636889403863
25400.0 2.382834 1.145273 3.952890950312189 3.0186243502329124 5.019157442932878
25500.0 2.754815 5.121307 3.9959714567252975 3.259658979436674 4.498030022512081
25600.0 2.624403 3.006191 3.9373589427580282 3.064312603342189 4.895909656888063
25700.0 2.797284 3.607730 4.1924839401190175 3.177939030660009 4.8242481346784265
25800.0 2.845967 4.427111 3.9513309135149925 3.2546934698342316 4.639324438286552
25900.0 3.119538 5.570261 3.7779769261993192 3.2983324291544895 4.3946470835458324
26000.0 3.359173 9.702678 4.2180449507733435 3.5907691426471287 4.420904719136135
26100.0 3.664289 7.510530 4.7742392238064175 4.06356778589808 3.8693416758712638
26200.0 2.593841 4.212318 4.13073390020229 3.1811890056688075 4.026592719704039
26300.0 2.920717 7.034558 4.405933895812805 3.4738291325821224 4.634148561569793
26400.0 2.554856 6.730228 4.115424905472422 3.1495162578448586 5.173098313547234
26500.0 2.385990 5.248635 4.054478708836557 2.949153196497444 3.928433402822324
26600.0 2.181529 3.475227 4.050342568962922 2.907697623440036 4.768009546906696
26700.0 2.166525 2.872190 4.066603932286809 3.0378143684559866 4.600610709563856
26800.0 2.284815 4.028208 4.261762488737738 3.1363790709215635 4.446714973106952
26900.0 2.424169 2.033570 3.7704242804594323 2.9139629019727686 4.628400297483398
27000.0 2.477736 2.848374 3.9858396033771344 2.9689501090322117 5.015681459461373
27100.0 2.556302 7.404583 4.432986390003046 3.338992690845747 4.463145019475805
27200.0 3.085519 5.321619 4.401496416046627 3.36930375571496 3.787682968095226
27300.0 3.419105 6.075713 4.728153092677035 3.9184109587322324 4.090541750897577
27400.0 3.406272 8.573695 4.71160318328649 3.825220512042087 4.254689060262737
27500.0 3.573350 10.280525 4.468474599313969 3.801171198375433 4.46019876692823
27600.0 3.083171 8.675219 4.520620059932064 3.598617729737029 5.189943390330317
27700.0 3.047862 7.624525 4.537033413995383 3.5162084093828914 4.491951286245778
27800.0 2.345101 6.293968 4.283746605716244 3.128099798870922 4.972006512755685
27900.0 2.725222 5.984334 3.8738987855996823 3.1181340334928023 4.63267455684367
28000.0 4.090150 10.739183 5.14199152840204 4.4024143303575505 5.129668708645135
28100.0 3.557927 10.864533 4.36038600160681 3.763867621668096 4.106101212857939
28200.0 2.904730 6.986247 4.823691364985137 3.562957905248161 4.219277971208032
28300.0 4.154663 10.813013 4.588403378389984 4.205040222175981 4.353268007358348
28400.0 3.194828 4.807971 4.782094715971729 3.811874461785179 3.8812450035658537
28500.0 3.821499 11.798352 5.024450953504046 4.204066023968255 3.841628687050727
28600.0 2.626005 5.714120 4.125432145561248 3.155261750186144 4.853381852587593
28700.0 2.581388 2.522478 4.074791545332874 3.211776091754136 4.722920552289673
28800.0 2.298092 3.917800 4.127957815250696 3.0320275976659525 4.376759408478749
28900.0 2.203789 1.307038 4.195993990367453 3.01217936306106 5.071828020611716
29000.0 2.809738 5.679494 4.600253960095227 3.465166211157706 3.3840420175199246
29100.0 2.795451 5.539887 4.562188416152888 3.3944691342813558 4.897967517911613
29200.0 3.579259 11.442480 4.713341649729265 3.8226020662628795 4.741837912195676
29300.0 3.690258 9.501807 4.875183395496768 4.092080055009164 4.948938461456249
29400.0 3.406055 7.085421 4.365715186309107 3.7783950622658793 3.8216512756513774
29500.0 2.864072 8.096866 3.890794138202551 3.2354583334109317 4.59667808774549
29600.0 3.334084 8.261370 4.543481160199439 3.644053435233184 3.7520393188486816
29700.0 2.875613 7.423527 4.318116529813111 3.317375213449372 4.858696532972946
29800.0 2.876282 8.024326 4.444577031750322 3.5210058935974256 4.48469400108872
29900.0 3.690283 11.328633 4.417899381002738 3.820019775386859 3.803956041208184
30000.0 3.699902 8.737336 4.870798338992335 4.108518676770687 4.208389161294934
30100.0 3.640571 9.804869 4.700479504127929 3.907114090033719 4.839957929325253
30200.0 4.401382 12.944384 4.63812923281377 4.192593486438852 4.543029559725592
30300.0 3.301083 6.609214 4.389937517081398 3.5819162631823196 3.7525578120728245
30400.0 2.743068 7.563807 4.217308337971317 3.2565316010086525 4.661997519836743
30500.0 3.259656 7.989566 4.590205286423232 3.661812652992951 4.487832550103655
30600.0 3.433745 8.725301 4.248335553352211 3.822273548448414 4.35795839602528
30700.0 4.977654 15.933266 5.363023964356823 4.853301033481692 4.36071694338438
30800.0 4.264090 11.001641 4.800775894825903 4.559473676765359 3.7336170557795345
30900.0 4.015509 10.736476 4.816748248397917 4.214406437237182 4.57181502085822
31000.0 4.587616 11.704670 5.37964266530618 4.890575166553376 3.9943948000127256
31100.0 3.342625 9.035737 5.000794827552901 3.8404682920155744 4.909287139873786
31200.0 2.005720 3.049476 4.083027539413776 2.8993270880351933 4.513137056100344
31300.0 3.159836 7.952819 4.450379599487108 3.6543714387759807 4.448153742911616
31400.0 3.217239 5.818501 4.423925904792324 3.583648136942739 4.1765980620116405
31500.0 2.565785 5.084820 4.200194920366787 3.1937308151174237 3.8357780554342074
31600.0 3.455407 7.835517 5.302918256305428 4.094910982464671 5.240558164609216
31700.0 3.268426 8.428532 4.515275036128253 3.647130759025616 4.420095823332967
31800.0 4.643818 14.602342 5.093596927464735 4.539217814791169 4.71307002013798
31900.0 4.012965 11.784792 5.226752245158143 4.302874260022339 4.494240739776069
32000.0 4.387952 13.371987 5.086222018987983 4.594794292615188 4.6114249383683825
32100.0 3.603858 8.182732 5.201079837582575 4.066285715925531 4.463825695500675
32200.0 3.741836 8.198764 4.752578677775971 4.23306998936119 3.7662348841816327
32300.0 4.329942 12.400901 5.663362352572369 4.810518495798344 4.570786645559447
32400.0 3.344385 11.805192 4.531960050164196 3.7455086416867074 4.044702663831999
32500.0 3.493792 9.489840 4.641838243632286 3.9384531986219025 4.355891880209019
32600.0 4.774869 12.853579 5.605799499254013 5.076373267594031 4.351479106433435
32700.0 3.709770 9.468132 4.754093165690575 3.9678979283449025 4.336665943951035
32800.0 3.013567 7.518386 4.268185778585827 3.4899292135666027 4.398161125316468
32900.0 3.909154 12.507634 4.731737694643619 4.081431872317153 4.559412744614148
33000.0 2.864131 5.489509 4.411629779115081 3.308593715559909 4.750694104968732
33100.0 2.627945 5.428153 4.006446383769873 3.141054589315093 4.344564777105279
33200.0 3.072376 9.769990 4.2261534453864895 3.395275774671132 4.771305251337947
33300.0 2.923470 5.913697 4.5419753949725035 3.426763304697207 4.133227295580378
33400.0 3.734380 9.757682 4.8108651571009755 4.075149677476976 4.432627829243825
33500.0 3.102552 8.873735 5.197348495168174 3.9334771114271816 4.957120982595617
33600.0 4.003824 10.415457 5.220165200054844 4.397349174474141 4.225713155732967
33700.0 3.618241 10.601074 4.616130631595238 3.851819929703305 5.098719904347769
33800.0 3.209671 7.861667 4.527428231055633 3.662367171074803 4.9607352708613295
33900.0 2.843839 5.326770 4.775430355920424 3.5998795397290193 4.350921217258744
34000.0 3.367561 9.147260 4.692160979839564 3.78969494440109 4.593590602959279
34100.0 2.373783 6.974580 3.919710080935996 3.0457804605254037 4.3620349948028725
34200.0 2.613887 7.645621 4.4940455734253275 3.271344743447557 4.7960066874258525
34300.0 2.966349 6.852635 4.142045843331322 3.4250667286266574 4.59364776826247
34400.0 2.621327 5.635343 4.4047048638876865 3.2268248973218436 4.715395538107411
34500.0 3.719063 11.221314 4.549964128413614 3.902168771739581 4.480110872420645
34600.0 2.927478 10.637917 4.509965101444044 3.4286297859970687 5.042605074575405
34700.0 3.046432 6.618160 4.508783241427934 3.667105927006256 4.772039290692374
34800.0 2.562075 8.081114 4.490378145679591 3.284863148948578 4.840997490275186
34900.0 3.611508 8.793896 4.908461330238108 3.982766657061023 4.132676839764488
35000.0 2.735931 6.728478 4.184746238580636 3.2315986402332304 5.115972656530387
35100.0 2.777238 5.719542 3.810865616499223 3.100849954990553 4.702902968780772
35200.0 3.528637 11.232767 4.735093569994803 3.781631794402172 4.109923129368747
35300.0 4.805294 15.687101 5.418432162580686 4.837103118869488 4.533121168724203
35400.0 5.189951 14.102310 5.7833615234269065 5.219406839455883 4.291163642820354
35500.0 3.051111 9.040591 4.589203568099606 3.5621777964217958 4.725047241614394
35600.0 3.214049 9.423613 4.069129389681758 3.468303237476128 4.495517093219533
35700.0 2.621185 7.929940 4.113487741324709 3.228406248051928 4.228795095486649
35800.0 2.394675 5.853335 4.11979533671223 3.1352664945398576 4.581625044658178
35900.0 2.266539 6.808969 4.143710542976991 3.0253321993473574 4.247750761563894
36000.0 3.170098 8.363155 4.251244487592501 3.5434607886272325 4.864880284484477
36100.0 2.826259 7.088226 4.752404873067313 3.4699488000729306 4.559287679432717
36200.0 3.846178 9.785902 4.90883152706569 4.209192818990662 4.769912733362004
36300.0 3.452077 8.478792 4.1303965459372165 3.6950401665321193 4.704008352457366
36400.0 3.725643 9.450379 4.606826379924468 4.11031534779095 4.494012598342171
36500.0 3.774185 11.345155 4.710205853601325 4.044130003620104 4.656518164370961
36600.0 3.633710 6.395152 4.486525612821278 3.7886775151411936 4.780096412040928
36700.0 4.116526 11.647075 5.594906234814314 4.638769436178169 4.6960955688539325
36800.0 3.284037 6.431185 4.39213267193187 3.5689528125789947 4.975288549873413
36900.0 3.225207 11.004589 4.372555097308659 3.5626369781962617 4.743943063027291
37000.0 3.065219 8.296395 4.181038755394658 3.4219909176648082 3.9765741647887873
37100.0 3.883397 11.062082 5.368927529459372 4.337761766052016 3.9829815708979406
37200.0 4.363212 13.699419 5.118130717994531 4.564521445187623 3.9098601116000813
37300.0 3.221425 10.493863 4.418569525711003 3.6853210726876475 4.647770795324914
37400.0 4.467961 13.172085 5.07176570166601 4.623490776910745 4.571148889326504
37500.0 3.069653 7.434098 4.818448566253317 3.6769298685792893 4.2947735311469595
37600.0 3.742432 10.135374 5.076791125774297 4.208793792665596 5.350129776362819
37700.0 4.394457 12.305306 5.534052139267137 4.890721200054614 4.093034523413075
37800.0 4.645833 14.952351 5.090018472200216 4.630357768621197 4.4450848781214045
37900.0 3.180143 8.545318 4.504815603583468 3.49645066396246 4.236509181933896
38000.0 3.396493 10.030811 4.599220357356307 3.747576135928067 5.206229188072004
38100.0 4.367841 9.532432 4.978153283494361 4.411936629439238 4.703638165469059
38200.0 3.682326 10.780338 4.702994449128641 3.974172514086147 4.118484471595279
38300.0 2.732530 8.016840 4.163513419509423 3.2677877710176784 4.031999253096967
38400.0 3.808927 11.213972 4.5031247460367565 3.93970305093561 3.8012623762482867
38500.0 2.611154 2.767969 4.243295643828438 3.2429368096970435 4.631190883207707
38600.0 3.140017 6.595573 4.24813227385531 3.4159090969429124 5.135722647636402
38700.0 3.199747 9.754889 4.38486980505819 3.5568335585275097 4.957778729541815
38800.0 3.838738 10.319139 5.49688516490223 4.43610650834307 4.05950344480326
38900.0 4.668829 11.963935 5.447790835692889 4.956958085693156 3.8060762528920353
39000.0 3.840179 9.977568 4.449873435967164 3.8752029251324362 4.4904441700442925
39100.0 3.397337 8.864389 4.985951215271838 3.8999058995265696 5.452027925748884
39200.0 3.292317 11.805465 4.862465007017305 3.8481444375845317 4.18243731568862
39300.0 2.412799 6.314183 3.965654096393374 3.0832521542360185 4.183330211972253
39400.0 2.489064 4.646327 3.969624614210519 3.1027479603540846 5.579508985950975
39500.0 2.543393 7.133791 4.199889770930072 3.164658865660528 4.670705129331526
39600.0 2.940387 3.908120 4.527086961022314 3.5971500237771603 5.133527131971788
39700.0 3.669425 6.386551 4.695954726234963 3.995872270763764 5.260992480762819
39800.0 3.146026 5.786135 4.728134274827028 3.771140470833161 4.38260921998831
39900.0 2.507981 5.284524 4.43850750372955 3.294044918372824 4.490011138213208
40000.0 2.515095 7.675179 4.215299443799366 3.211548492556689 4.690092722639718
40100.0 2.909049 7.365408 4.651481833914606 3.6140731194301954 4.643699898047765
40200.0 2.441989 8.021405 3.8155168649805797 2.990045422104288 4.367922439462376
40300.0 3.637475 7.317201 5.234503272614384 4.141204010624856 4.915494461355177
40400.0 2.808769 3.569613 4.1195128356617055 3.2985575985561795 4.375689701038017
40500.0 2.968748 3.330053 4.2168962384424376 3.3675532846727045 4.366010372836385
40600.0 2.862809 7.925878 4.265594812183084 3.424314997895427 4.861806271117457
40700.0 2.796723 8.185321 4.124290633646921 3.2684260273429153 4.277739869439503
40800.0 3.952208 9.279276 4.755933077594758 4.115876411951966 4.604369426638654
40900.0 2.902665 9.520240 4.463528085169073 3.3399668699148264 3.9297899517231865
41000.0 2.273462 5.359219 4.04941157437235 3.0727368994066966 4.279544998838741
41100.0 2.838490 7.259950 4.042185084036949 3.284584872627747 4.74448378350098
41200.0 2.779641 7.415273 4.439082264225024 3.390276497767679 5.0200237323179655
41300.0 2.779223 9.414898 4.7641928351612055 3.4449684955347446 5.47717547562987
41400.0 3.734338 9.025340 4.78012316131225 4.012581975393836 4.849968547068287
41500.0 4.139101 11.641756 5.086735555565273 4.448722693397401 4.128215912875225
41600.0 3.210773 8.582115 4.2879682603576565 3.612584472459104 3.948774840282117
41700.0 3.444319 8.630538 4.970467145888288 4.021631734746673 4.032502184038199
41800.0 3.377746 8.061496 4.4634423271064945 3.755603470807644 4.556702960021493
41900.0 3.761537 7.682352 5.329310141211342 4.368438860912745 4.229793217296955
42000.0 4.282950 9.094708 5.198663918636491 4.514831764245724 3.997720241448553
42100.0 5.560378 18.499577 5.938824896233765 5.359399211857659 4.263703757806708
42200.0 4.390724 12.231893 4.685308941703955 4.327279016263377 4.057712414925518
42300.0 5.048850 14.040484 5.593484604039251 4.979198040355419 4.295080634897957
42400.0 3.993178 11.920389 4.388456289997595 4.083700428540998 4.0992032850354985
42500.0 3.364104 10.059924 4.590214412188468 3.7867875782472766 4.170377393631248
42600.0 3.703218 11.609788 4.678240502603886 3.913059495938516 4.485069662667268
42700.0 3.627092 7.714353 5.400331653017512 4.217909403131773 4.611269432144651
42800.0 3.857701 9.691001 5.223878973979865 4.38792350589014 4.205211725952527
42900.0 3.548395 7.127461 4.396743799957945 3.6582749449197265 4.473076512911187
43000.0 4.702000 11.730192 4.381783713907701 4.492639666152591 4.10840932752143
43100.0 4.090004 12.472317 5.330893935912381 4.35772059412593 4.796324087258401
43200.0 4.001220 12.643791 5.11324740937126 4.390044687122999 4.840904270807241
43300.0 2.746998 9.987651 4.592272804895053 3.430551362944006 4.490874684351052
43400.0 2.709806 7.612871 4.528312665261941 3.3662777096488306 4.613173367678775
43500.0 4.089880 12.124208 4.650644930736046 4.245963268756194 4.7725045312594725
43600.0 2.778784 8.542905 4.066025528768896 3.1744735482761004 4.290164305596369
43700.0 3.240261 8.341996 3.888357348427169 3.4739901013371903 3.7669630383321766
43800.0 3.243199 6.561483 4.669258205853688 3.64520679402745 4.447380325502905
43900.0 4.187855 10.591057 5.180811385729593 4.502944703490589 4.866742238996687
44000.0 4.005966 12.555711 5.35265437244158 4.436755899971918 5.270908401849328
44100.0 4.069221 12.251625 5.005113433313492 4.247747875357994 5.174487094013901
44200.0 3.747563 11.203334 4.985510536655134 4.11834875853274 4.090403610758754
44300.0 3.467281 9.172415 4.343280889443657 3.7392939645371794 4.25819733269414
44400.0 3.268589 6.070819 4.360066812178809 3.492328420926072 4.336432374113242
44500.0 3.252968 8.930366 3.6762543825518734 3.248328724416069 4.3893755984177325
44600.0 3.299315 7.676386 4.358579881850451 3.56651081206349 4.55549054352932
44700.0 3.843433 6.097870 5.324294462044464 4.417900834913782 4.727918934727957
44800.0 4.739854 13.707795 5.230909067236307 4.776862896702505 4.327469654466956
44900.0 5.158949 14.296680 5.449264456944236 5.0978367725360085 3.902087525852562
45000.0 4.648182 14.733704 5.525457069340619 4.856891831596988 3.9786819651942977
45100.0 3.498909 11.204155 4.827635381544081 3.9477410592744526 4.494903022929334
45200.0 2.336131 5.557556 4.181107279544453 3.1271308442477617 4.71063702767617
45300.0 2.944921 8.108311 4.181115742215944 3.2091200136587483 4.383060261670846
45400.0 2.469493 7.068143 3.855170861086155 3.0540220610985216 4.402601380106516
45500.0 3.052624 8.579510 4.782525282487038 3.675385096768757 4.49067249183328
45600.0 3.830551 10.719948 4.752038266324402 4.109172391371163 4.250967328102371
45700.0 2.480637 4.477804 4.1936407751593165 3.1416429290334675 5.94047917346088
45800.0 2.702203 5.210363 4.319608563143944 3.362017061754293 4.292442545189223
45900.0 3.240232 8.484858 4.139398528520419 3.561327527205559 4.965310827297524
46000.0 3.953255 11.703694 5.417504828771676 4.411212145811262 5.0618075089164964
46100.0 2.685302 7.287656 4.128636016475239 3.2612650588848617 5.1221057522125015
46200.0 4.608933 13.714290 5.409142107563176 4.847608028163442 4.5907819222396
46300.0 4.400986 13.484341 5.0102299688113385 4.556791752315738 4.226400346282816
46400.0 3.897137 9.446040 5.746459758929479 4.57747622828553 4.241996220849106
46500.0 4.279718 10.603014 5.285993228966412 4.451626738270509 5.507495213907477
46600.0 4.411567 11.490215 5.318802887077314 4.597252123585589 4.743182878196679
46700.0 4.167696 12.325940 5.424909977514012 4.62235369875746 4.4306821985010005
46800.0 4.255130 14.003295 4.911369781326613 4.4444363715252315 4.446706405969933
46900.0 3.305194 8.581205 5.309252056511816 4.022285895738462 4.871434218620399
47000.0 3.756651 12.138636 4.643618294158763 4.004828462022706 4.314138887581432
47100.0 3.221489 8.653332 4.493448906008016 3.8375463548121127 4.826729038232618
47200.0 3.090651 6.272702 4.230073552305735 3.5910848006237086 5.028531265443676
47300.0 2.265977 3.398215 3.8546851236435393 2.8671019821307993 4.857484152596582
47400.0 2.315052 4.600968 3.954346995707126 2.9118196233059837 4.653605030474452
47500.0 2.577586 6.133150 4.128479509690319 3.1293814119376604 4.538904055846094
47600.0 3.812725 9.680288 4.473135199304151 3.962975858547448 4.660899865244823
47700.0 3.259970 10.818348 4.879924247106595 3.8217991560870486 4.536972009264531
47800.0 2.926259 7.482562 4.243177857668304 3.396506788760394 4.792651740753602
47900.0 2.861266 4.706633 4.098620418963103 3.225382709793684 4.262385542024387
48000.0 2.848878 5.646024 4.471588818052795 3.3483025009540586 4.328124494900871
48100.0 4.084138 12.859689 4.876764850418276 4.141094525345493 4.5062301317512645
48200.0 3.489848 10.582446 4.8770384209048006 3.9761189160149546 4.6483156507926315
48300.0 3.541829 9.178736 4.909253702356317 4.016147148334805 4.95171484828966
48400.0 3.062783 5.253112 4.501436586528472 3.5616860573732563 5.281157879589795
48500.0 2.566929 6.630561 4.262684546488243 3.326066032787335 5.602948537145775
48600.0 2.970807 6.352257 3.910920596936926 3.286791839352522 4.771777415452713
48700.0 3.922948 10.266868 5.254977622591015 4.372263381864396 4.531097150901127
48800.0 4.090117 10.582503 5.172259090522507 4.374313230538519 4.117168977399019
48900.0 3.723849 10.398229 4.9344628350879045 4.127478819663348 4.683854588371574
49000.0 4.107191 9.856952 4.654113336334672 4.2183146562830895 4.5052329818148715
49100.0 4.433967 11.894102 5.581353834193058 4.7296359766310845 4.445861069675707
49200.0 3.906970 9.780525 4.795424446688438 4.059381287600715 4.242340763545067
49300.0 3.312858 6.951235 4.975286716887508 3.90963918363423 4.241990897525059
49400.0 3.423657 8.683120 4.512013238891012 3.8327707119677186 4.645896381786689
49500.0 3.435254 8.936588 4.562570163296266 3.7925988089587683 5.108926960369549
49600.0 3.236722 8.574309 4.794671168852091 3.6829839831566247 5.221037748998716
49700.0 3.296206 10.374677 4.397519253430163 3.6016140103657386 4.795447771755978
49800.0 3.436530 10.047024 4.135506434577606 3.728901862431972 4.442146585614755
49900.0 3.657685 6.187467 4.677179950388698 3.9964776396149 4.24303964380655
50000.0 3.212356 9.187767 5.0787678968700805 3.895560956336413 4.7901295661535395
50100.0 4.199755 11.099283 4.75259605648179 4.239001140065415 4.145443756967113
50200.0 4.020492 12.696362 5.371357335674785 4.413956989518727 4.761052867809306
50300.0 4.582005 13.965065 5.3693316809073455 4.697918103446734 4.759623200404868
50400.0 3.641949 10.789783 4.797080669968545 4.058754229767195 4.05881350472549
50500.0 3.954582 11.846062 4.600670122106392 4.097068026630167 4.295379450569915
50600.0 3.449516 9.685359 4.202651723265048 3.644131418309879 5.315671755019779
50700.0 4.329850 13.456698 5.359846782985958 4.543881712176828 4.399623673898668
50800.0 2.707186 7.978310 4.1248131216582955 3.2855543213527936 4.12812830770106
50900.0 2.758960 8.213314 4.266630282947231 3.3185875326235923 4.1872732112364766
51000.0 2.977615 10.093209 4.324020148712562 3.500635284263798 5.247690434865008
51100.0 2.264350 5.468986 4.128388785727786 2.995198988523203 4.122901717720967
51200.0 2.780662 7.769913 4.059234919029124 3.2312816175219274 4.0323342779112386
51300.0 4.312971 11.485718 5.003360499960559 4.389149008471186 4.1868527026331055
51400.0 4.783725 10.416854 5.600217271614855 4.996420463593054 4.667416496668249
51500.0 5.045562 13.622753 5.440149034842197 5.09949527320257 4.25844214413283
51600.0 3.938848 12.261517 4.628675067722879 4.11146787534472 3.824213097814267
51700.0 3.018966 8.682706 4.5493434223489135 3.6615597760036276 4.926211971372122
51800.0 2.601800 6.544330 4.2225663260644755 3.1279090828402034 4.068621529325355
51900.0 3.296115 8.275218 4.434371860028495 3.747046898882634 4.640018168338932
52000.0 3.445722 10.083057 4.961175108696772 3.9741695659003637 4.55528064207187
52100.0 4.462119 10.795689 5.535692969759127 4.7704201684692435 4.219487332591685
52200.0 4.695012 11.899803 5.6556066781736565 5.013468286935803 4.316451350550325
52300.0 2.766331 8.142976 4.055547541003774 3.252764584208543 5.039464171091472
52400.0 2.712691 7.966386 4.299243231582951 3.3002369593639016 4.905743386581323
52500.0 2.551724 4.717538 4.057519691098408 3.2105248140720106 5.290553295986609
52600.0 3.735323 10.836957 5.422552465649205 4.511693958895065 4.415313406499118
52700.0 4.178349 10.191665 5.082386799086821 4.500089845706517 5.220073436198571
52800.0 4.529281 10.621729 5.359602677186936 4.76642761258822 4.291677826366724
52900.0 3.865741 10.330229 4.864520450598924 4.084350709890839 4.386879689545856
53000.0 3.130299 8.363356 4.6315811888469485 3.589854736337048 4.962907200818887
53100.0 3.031505 6.077435 4.761435673084514 3.6101028926115166 4.82627126750013
53200.0 2.991836 7.881251 4.289059731468305 3.4376136821116017 4.979260276474116
53300.0 3.776880 10.216873 4.421225617142536 3.9383005486622595 4.095959648635077
53400.0 2.620593 5.775964 4.185875933543164 3.186019132153444 4.638051524994455
53500.0 2.372086 6.221177 3.9146077363753093 3.0226821076642585 4.03610789280451
53600.0 2.224740 6.209899 4.090169905634047 2.984290460692878 4.6338600743925875
53700.0 2.349952 7.519630 4.171140087302444 3.0099866105508535 4.614824036184585
53800.0 2.250537 5.866550 3.948347391424439 3.025500076408922 4.480160119550088
53900.0 2.375671 6.828567 4.627683275007151 3.261935756371732 5.854520065684182
54000.0 3.097879 7.984957 4.416401219823752 3.623072247009561 4.038328160000934
54100.0 3.365483 8.120870 4.148674304341449 3.5373495230668923 4.77581384487755
54200.0 2.734466 6.032017 3.72491213523524 3.1268272077561527 4.666345661844934
54300.0 2.129624 3.594646 4.085852156902186 2.8881434841786824 5.2475294180233645
54400.0 4.037692 11.779136 5.0053362650803646 4.480106890170299 4.017010203896178
54500.0 3.608610 11.194127 4.658280262245428 3.8949693846224167 4.290730505201922
54600.0 2.995701 7.259965 4.267287872645801 3.4785649343633662 5.00773495781948
54700.0 2.859019 5.912289 4.763005168182109 3.605014110101083 4.693472694206778
54800.0 3.424103 7.016760 4.69715211823579 3.819518671355206 4.325783443037852
54900.0 3.200863 7.102518 4.626946312485034 3.5892279260151567 5.435808104803214
55000.0 3.420219 6.351666 4.625985917567819 3.827042495375913 4.668097473537971
55100.0 3.904161 6.869836 5.413964344471669 4.37161576584033 4.132249431889062
55200.0 4.310402 13.033869 5.553577340264157 4.6014834166574445 4.005772172067343
55300.0 4.036091 10.165132 5.1634266195152145 4.418674784822434 4.351400851919186
55400.0 4.842122 13.060423 5.523052100119529 4.831361359619249 4.7927105984816505
55500.0 4.336468 11.470679 5.2531915625997705 4.557482130730797 4.645631766457415
55600.0 4.395170 14.167074 5.704888491991922 4.7158436858144315 4.654251887224689
55700.0 5.005739 15.996882 6.152793104046135 5.187937053854446 5.02181359570845
55800.0 3.762344 11.390994 5.163354713904162 4.294453654140197 4.446307041117742
55900.0 3.801167 11.952199 4.3188991414885285 3.7242454679518517 4.691123505997201
56000.0 3.995760 12.356198 5.144148411683533 4.455032096542121 4.1822519958915665
56100.0 4.815954 12.704553 5.347039993098962 4.727540557921091 4.419560426509254
56200.0 4.802983 14.516234 5.199224791705972 4.903761019136803 3.545451534643466
56300.0 2.841217 6.893290 4.462214097730778 3.444634917434873 4.515759964620903
56400.0 3.865085 9.797403 4.980291114847059 4.134744031824649 4.212387997170479
56500.0 3.003530 5.839314 4.568343693542569 3.557020768944948 5.133160812571848
56600.0 2.943420 3.829598 3.864693257525826 3.1530076620422967 4.385542141145831
56700.0 2.753524 6.597420 3.95301937929288 3.1502047644369546 4.216468849394508
56800.0 2.238585 3.060178 4.122627648884595 2.9613367425406376 4.705289517318816
56900.0 2.474414 6.675379 4.256764237683884 3.1446323029937657 5.245751167833595
57000.0 2.588034 5.674871 4.314301602453908 3.271963955766932 4.245342217290164
57100.0 2.305770 4.597580 3.898085591282171 3.021996654724536 4.595148873030319
57200.0 2.008459 2.255844 3.9483148282844356 2.8572174707706597 3.570507816874239
57300.0 2.585647 5.124364 4.006679629153377 3.0900676694251628 4.368325552956748
57400.0 3.052244 8.928358 4.475751618609065 3.5628576470596336 3.8611575554288224
57500.0 4.164284 13.377379 4.9635494408385075 4.374410347023125 4.468461532830337
57600.0 3.159814 11.112127 4.09265954924931 3.410441659588331 4.099972813097001
57700.0 3.182590 9.717546 4.60881670206038 3.846037423362964 3.8796657105702783
57800.0 3.794339 11.399115 4.745827283589983 4.030911014056906 4.534563505050089
57900.0 4.196225 10.914068 5.268952769379125 4.505971003500076 4.682875805647999
58000.0 3.960440 11.643455 5.2690396204514816 4.376859423949743 4.232045461760097
58100.0 3.702575 10.316265 4.3505457443279845 3.821198242672963 4.7194946542324425
58200.0 4.821238 14.257762 5.509932123487002 4.887959044809351 5.022704709192488
58300.0 4.662143 14.092197 5.320762919903099 4.8125863742409205 5.016482464160492
58400.0 4.321304 10.064053 5.4257299297599815 4.705796306637049 3.855757254393336
58500.0 4.389618 11.663058 5.500970025143159 4.755099087055202 4.7097830499668385
58600.0 3.785496 8.426427 4.650575391853354 4.013210060174232 4.465081296676175
58700.0 3.605787 10.627506 4.578329332318839 3.927344664698266 3.930319897506081
58800.0 4.937648 10.819683 5.693342324648805 5.025918540299744 4.228837255631068
58900.0 3.859306 12.823703 4.904415159560939 4.079859762494845 4.2434625937773855
59000.0 3.442545 7.028752 4.786263895853199 3.8538517691619973 4.550407354798293
59100.0 2.796865 6.073978 4.192367620651627 3.4729734917768376 4.452034089053319
59200.0 3.398857 8.550474 5.034914860567093 4.055667663895721 4.770394164981463
59300.0 2.622475 6.856821 4.217903296812853 3.2002839896586512 5.100899037605027
59400.0 2.271384 3.764398 3.9119644842684 2.9214238141420954 4.5966339145931405
59500.0 2.540405 2.609478 3.9898461621873076 3.1395851129284784 5.353714051024836
59600.0 2.363015 1.137380 3.7684165796386657 2.874931238576606 4.691775925022627
59700.0 2.745945 5.376469 3.977399558980622 3.1199265540116117 4.627685310526036
59800.0 2.458142 2.034944 4.101063091006689 3.1493487509300495 4.485877756542992
59900.0 2.719993 4.778495 4.242952939782584 3.3003219800588854 4.859964913274601
60000.0 3.607722 9.480906 4.882140700936172 3.8986112560134663 4.453014521963504
60100.0 4.002432 10.832765 4.961160692048647 4.262814673805709 4.230910568509388
60200.0 2.951644 5.737835 4.248137482829835 3.330704541853076 4.807538410070758
60300.0 3.292747 9.117380 4.655517494818247 3.742852537632098 4.940373620433147
60400.0 4.282915 10.084076 4.986000352792232 4.396144817158762 4.301949484820676
60500.0 3.771222 8.718286 4.7821359890299355 3.9800018338838212 5.217944916578546
60600.0 3.405019 10.964230 4.7626551283128125 3.8481996650373036 4.335880291507533
60700.0 3.511174 7.335745 4.951526058971194 3.943621703315959 5.465356928883935
60800.0 4.500895 11.752912 5.3241878978423545 4.641667131107872 4.236461534751183
60900.0 3.347394 6.747322 4.496475721054161 3.7078678925972595 4.5314155498147075
61000.0 3.281379 8.170259 4.718574878022027 3.837085917170296 4.251255295028874
61100.0 3.620941 12.129328 4.748485218840658 4.043623845068867 3.6469484042416296
61200.0 3.509264 8.515031 4.6947356587823 3.756859454640329 4.940554804616327
61300.0 2.873207 7.103752 4.264800036536103 3.360064487759068 3.8716823988532467
61400.0 2.680026 6.139053 4.2335287771241905 3.2672263660823333 5.150774581848595
61500.0 3.367136 9.423030 5.0079077754765375 4.023790899005371 4.083014465121336
61600.0 2.024051 2.450645 4.083412209834139 2.987581924914321 4.817804078220708
61700.0 2.589872 4.265480 4.238929992682771 3.3119566868449977 4.857550810472932
61800.0 2.626638 6.074867 4.284270021647965 3.4205593338056572 4.804671808061548
61900.0 2.746093 7.949931 4.189310784941482 3.284568401977183 5.071498977329506
62000.0 2.767961 8.407361 4.659245486985137 3.4734175484574954 4.745619668625327
62100.0 4.010812 13.436055 4.683936697274837 4.179747609748919 4.010522064221965
62200.0 4.796287 13.473852 5.854106248074998 4.9439407425288415 4.008597739239448
62300.0 3.629213 10.819280 5.030297578416193 4.07926801130506 4.913472602170144
62400.0 2.606069 8.177655 4.205269648733598 3.201093583925991 4.489129069237149
62500.0 2.122261 5.310140 4.135268553527983 3.074774775288106 4.916865205215085
62600.0 2.427244 7.269471 4.2648250551874725 3.207020407337646 4.2707236750552715
62700.0 2.745506 8.871606 4.68460705933022 3.527719599996576 4.37989840947753
62800.0 2.078030 3.259753 4.140092402082659 2.890017380840766 3.7807233986738935
62900.0 3.033274 9.718868 3.7310212029922103 3.1275079876190373 4.220521033471038
63000.0 2.845303 5.803765 4.057029977153444 3.216663845236314 4.521338153909363
63100.0 2.600502 6.585680 4.352341955836485 3.2777474035865346 4.632158631476821
63200.0 2.908578 6.705770 4.664746392306246 3.643838523229793 4.322505497292028
63300.0 2.952246 7.486904 4.353720374536584 3.3575278679089777 4.222767221474276
63400.0 2.466584 6.869229 4.086058258501532 3.1345390214046542 4.459912167671383
63500.0 2.732201 5.984886 3.8054323353872563 3.0831931468958387 3.708027182050462
63600.0 3.335104 10.953010 4.7982741610774475 3.7639459444434187 3.958791567829879
63700.0 2.689579 6.691399 4.286319089687244 3.3888483680641035 4.832502789854335
63800.0 4.126972 10.316107 5.153180163031242 4.35700377766569 4.611253064130832
63900.0 3.391136 7.750116 4.412596562624604 3.605923508273088 4.483037053622792
64000.0 3.848236 8.399145 4.751588818690939 4.036978253887916 4.616518088091665
64100.0 3.537835 7.498022 5.003569203228063 4.131764888616288 5.020446897425642
64200.0 3.878376 10.639274 4.241083207982775 3.8801909036158047 4.481751475340021
64300.0 2.408229 5.385085 4.064150040289908 3.0314552361090117 5.088120452251817
64400.0 3.708918 12.354771 4.929004260780701 4.037299749190764 4.182954326239438
64500.0 4.511299 14.376204 4.787440420419961 4.387517021119009 4.832967329247877
64600.0 4.191070 13.589530 4.752415409216649 4.210914613773565 4.33108267034646
64700.0 3.526788 9.064238 4.859627976274247 3.8789306541895794 5.220216838660994
64800.0 3.376783 8.469974 4.56351873122742 3.7924183542466694 3.819029464000009
64900.0 3.337377 9.555040 4.642450355990438 3.715795278369891 4.1346139603738985
65000.0 2.650124 5.127909 4.3075617841151175 3.2387222573305343 4.525654612806175
65100.0 2.374630 3.803278 4.307996084938914 3.0760343017444356 5.24496230993031
65200.0 2.497554 4.369461 4.0211841144997615 3.1001536796130664 4.808862702817521
65300.0 2.556380 7.099992 4.113006983684458 3.1893216856238036 3.993866692426697
65400.0 2.471983 5.501650 4.126185730060867 3.1355166209289185 5.371122706974598
65500.0 2.567399 4.495335 4.642280018761134 3.5002979560126337 4.679282012956397
65600.0 2.146240 4.974250 4.333708537412546 3.1199984214547376 4.480272465709256
65700.0 2.853508 4.630989 3.7301663006190817 3.0980642489668613 4.2450929015180074
65800.0 4.406638 12.481776 5.314117751146041 4.656007720552715 4.785473322845974
65900.0 4.054513 11.534426 5.371972401171868 4.302801183521645 4.494724261969477
66000.0 3.555219 11.774227 4.695146607294829 3.7841073513958676 4.906336485926748
66100.0 3.402938 7.991975 4.597641988119744 3.8562143078196085 3.8832844655618244
66200.0 3.327727 9.716381 4.836026109387116 3.7603187353098213 3.7181081249904295
66300.0 3.388024 9.559546 5.18675416780881 4.1611916079659075 4.1386090836998735
66400.0 2.781292 7.483739 4.27102779598273 3.369901780285455 4.645620169251507
66500.0 2.985882 8.600431 4.304561636073063 3.4802987078624366 4.186877889496473
66600.0 2.442140 4.804656 4.270934987201883 3.0970065350811367 5.1075001004730405
66700.0 4.223178 12.562586 5.036006944720571 4.528219820622855 3.6588423311478997
66800.0 4.048573 8.757086 4.693685430557354 4.1319626784131795 4.411274427907288
66900.0 4.545415 9.632489 5.705061910050014 4.929396261702658 3.8848799241127887
67000.0 3.861459 12.311069 5.196934203068912 4.264604037704908 4.134129396385757
67100.0 3.310662 7.667064 4.652340585640584 3.737182682775202 4.969393011827611
67200.0 4.166970 12.603603 4.9341298488442025 4.369133573034396 3.903463761680293
67300.0 3.520825 7.380833 4.613483464701011 3.9262792478953386 4.1855579866030785
67400.0 4.126843 10.561027 4.9721077711197434 4.319239396483067 3.973121734019499
67500.0 2.845143 7.051333 4.072601386906555 3.251407801572635 4.827296065449631
67600.0 2.386895 3.377318 4.208835603292801 3.0419498116584767 5.441640267791113
67700.0 2.585081 3.943567 4.328721404272237 3.2031167866365635 4.885255237169095
67800.0 3.654688 8.046562 4.631804707646226 3.8718793930314903 4.195654362713169
67900.0 2.994761 4.633518 4.42962884108357 3.378775867883921 4.720756158871661
68000.0 3.703849 7.857212 4.579842867145241 4.077465337948349 4.758420269849081
68100.0 3.040402 7.387011 4.5376741661447975 3.536888182249343 4.3193425025968955
68200.0 3.598605 9.363310 4.43791155268233 3.885180877585151 4.049031198560747
68300.0 4.014288 12.702604 5.043868988903946 4.279001990774285 4.403293677746348
68400.0 3.771014 9.112044 4.986678225050297 4.2702829248932535 4.798457698824035
68500.0 3.456128 5.357266 4.9683128850693095 4.034085825901073 3.517645498471653
68600.0 2.651253 4.849598 3.8450222207848475 3.022625118957594 5.038383975199507
68700.0 2.860376 7.534306 3.7862502119999673 3.0485024128263936 4.419825752926909
68800.0 2.988166 6.116286 4.081116112114329 3.337164939904913 4.775711043191862
68900.0 2.968062 4.492380 4.6585577457946465 3.64549309634917 4.168650770889527
69000.0 3.419703 5.815882 4.560898331832066 3.726621980204645 4.166693993648138
69100.0 2.735676 4.315572 4.289189845641154 3.4040557412616534 4.011037626181004
69200.0 2.243453 4.463035 4.120957023962964 2.9527744866186025 4.869517318475327
69300.0 4.022216 12.014310 5.023689312891736 4.318895244668039 4.736647400427165
69400.0 3.781319 9.508080 4.502886375923531 3.933940891776821 3.767683209835055
69500.0 3.522944 11.082974 4.281142573299828 3.690484980596479 4.68569037728847
69600.0 3.548654 10.447578 4.663514606528717 3.8483005969183726 4.54180107956765
69700.0 3.601656 11.915645 4.927930018872964 4.071235736785045 4.499880732763396
69800.0 2.916860 7.079150 4.363339852754786 3.5675188136766485 4.387092867035196
69900.0 4.172742 10.414956 4.549607614984499 4.141199154503215 4.360406739591821
70000.0 3.254161 6.386367 4.749649846490266 3.7863839162921185 4.926279259895595
70100.0 3.098201 7.601693 4.6518799597655605 3.649349026165288 4.936084407633187
70200.0 3.419961 7.226146 4.614446369341403 3.8837593690371652 4.02065999648716
70300.0 2.762678 4.107510 4.200880669738134 3.2725054706340395 5.13264273840345
70400.0 3.508062 6.424086 4.428032576276494 3.694726144991368 4.167232000220233
70500.0 3.658051 11.120556 4.421077087299806 3.8139186482542637 4.0680466062829
70600.0 4.123874 13.182721 4.9899301561167455 4.2990445056639475 4.351151440548738
70700.0 3.579459 9.442981 4.902256914037606 3.985868532905973 5.122473726449878
70800.0 4.476540 10.584933 5.052097924744563 4.504478796313892 4.374516555149335
70900.0 3.800397 11.379337 4.655782989174024 3.9326424737568435 4.690499696298714
71000.0 4.093706 9.078365 4.807256995578712 4.1734380164646705 4.464645216164194
71100.0 3.719976 10.384689 4.803098902815832 3.996338297632711 4.609344615747609
71200.0 3.519193 11.424273 5.033349688162612 4.147794914818399 4.254773489105219
71300.0 4.584604 14.569197 5.5341748120104635 4.884233526478131 3.9411644418668472
71400.0 4.790968 12.167203 5.81402950023939 5.038928228978906 4.169214250894686
71500.0 4.297096 10.824380 5.382825018571096 4.585264553744175 4.499675974019654
71600.0 4.758235 12.603116 5.78657601250346 4.992722316106392 4.1005912687581505
71700.0 3.968025 10.385983 5.067257556720363 4.323701688184892 4.54683841391359
71800.0 4.249695 9.638971 5.1374615205487455 4.5467516001448764 4.325906897602052
71900.0 3.999966 11.327786 5.467435790840095 4.568814984183749 4.965013789140439
72000.0 4.417319 13.421714 5.527641239173537 4.657835089985494 5.0658898353948665
72100.0 3.812897 10.785044 4.67591973787429 4.031886336816826 4.3094271013815435
72200.0 4.755083 15.074012 5.3635557407984455 4.7666200808034045 4.496671619688888
72300.0 3.654515 11.802249 4.814165329069834 3.9776837662548807 4.305509670961371
72400.0 4.119811 10.991943 5.256835120059838 4.431538142319143 4.680620474039699
72500.0 2.562168 4.981319 4.589370929081143 3.410617290950752 4.817216886110968
72600.0 4.195529 12.319640 4.79718028004121 4.170854013980865 4.347579023165608
72700.0 4.231709 8.407609 5.570328147733746 4.684074447942874 3.8081618338297316
72800.0 4.077313 9.899088 5.1997198171527925 4.440595342729027 4.417275761722856
72900.0 2.948004 4.711086 4.678206653635142 3.565907971495908 4.6118627385639135
73000.0 4.203657 10.477938 5.086449088095674 4.415664479791085 5.030138633159619
73100.0 3.521374 9.997423 4.991444390448387 4.086213118704289 4.116685416098581
73200.0 3.604433 11.421898 4.418292331113618 3.796043713815919 3.802153078245661
73300.0 4.265663 13.576739 5.248515394494217 4.533428307992231 4.519609389940968
73400.0 3.981900 11.666616 5.452036284049384 4.4514809939137905 4.369168502355262
73500.0 3.660680 12.455157 4.523458211748511 3.8252004992969004 4.236623179821228
73600.0 2.645728 6.049195 4.222927430184589 3.212215099496487 4.374832956394863
73700.0 3.884100 14.332529 4.891823331097089 4.019810222452826 4.428680064982364
73800.0 4.511518 10.673778 5.364860982456994 4.806087334591083 5.537502614239954
73900.0 4.414317 14.525818 5.33311810712803 4.435845137602721 4.870277608005781
74000.0 4.463577 12.867478 5.327437900667996 4.661851663744662 4.490366167234184
74100.0 4.300110 12.045808 5.075384469299921 4.441855605610037 4.041891420413607
74200.0 2.392698 5.001406 4.1788032695059645 3.1229681660119724 4.801396346365967
74300.0 2.480411 2.420203 4.13847848483671 3.1555699152349472 4.513124896594247
74400.0 3.333638 10.139930 4.25993675753636 3.5547660914332355 4.781555303051802
74500.0 3.798797 9.891616 4.699509701671603 4.0273315634652995 4.873478061011298
74600.0 3.978665 11.477729 5.48269366187947 4.311048016319967 4.360234900176848
74700.0 2.970931 2.892784 4.004419981726915 3.3850616281961132 4.3509341108325845
74800.0 2.373120 4.388494 4.048250120598136 3.083559107421508 4.198987700940743
74900.0 3.652161 10.388708 4.439614473320144 3.7091334476770776 5.246347452758147
75000.0 3.626669 9.757842 4.81914471780781 3.9610895380856634 4.499913254091575
75100.0 3.397097 6.593174 4.941008617331445 4.000415343664167 4.82500777211421
75200.0 3.230284 8.471308 4.725818670085651 3.7291331534677665 4.712632390290568
75300.0 3.626038 11.014129 4.350433281071694 3.817456077681101 4.1799198393893855
75400.0 4.060300 10.910060 4.835518247809416 4.105017338406832 4.3313769428846225
75500.0 4.478754 11.227514 5.350645821418749 4.509062487307007 4.841946411946668
75600.0 3.869012 9.656969 5.40455672815341 4.485356313406633 4.6715105664048115
75700.0 3.754245 11.112561 5.131864385637258 4.031164956993124 4.453483604763771
75800.0 3.157744 7.606276 4.507152638240614 3.7429781077365654 4.189224009006362
75900.0 3.460947 9.702702 4.265386145362685 3.6396894870378182 3.9737071731967926
76000.0 3.197987 6.153192 4.588779763559282 3.693450841285632 4.927565144109639
76100.0 2.379311 4.937112 4.411057574782881 3.263629893950183 4.650725146222927
76200.0 2.092485 2.266299 3.9798183272670555 2.931154178261502 4.732952339032432
76300.0 2.220931 5.861020 4.2696662976546795 2.9325814652971345 5.361702272338083
76400.0 2.496751 3.970994 4.031861957222875 3.0943391320104654 4.61976385721882
76500.0 2.369592 3.756504 4.004144735247956 3.081208330395821 4.855301369439055
76600.0 2.728001 3.129078 4.421807953324239 3.3567231574887653 4.320788258606815
76700.0 3.152795 8.117548 4.659523102366838 3.7548434989458004 4.590076812315827
76800.0 2.906297 2.428506 4.256437908226309 3.307714508161206 4.803147092435847
76900.0 3.216261 7.317460 4.629883835345625 3.7082170008734026 4.4789105463693915
77000.0 2.837250 1.089305 4.380212871956958 3.536355360415857 4.670278125766587
77100.0 2.506300 3.562985 4.483377598015558 3.1960669027391044 4.707784441521631
77200.0 2.627561 5.583329 3.928070724215443 3.0535644311877714 4.950915904629233
77300.0 3.008524 5.890322 4.556329153656728 3.702079149834063 4.4129188754669775
77400.0 2.995255 5.439473 4.2909221894821545 3.4338579119368036 4.532211366242957
77500.0 2.767868 5.278814 4.677258951791567 3.504048249733508 5.421187039797476
77600.0 2.516191 3.272114 4.298085678284036 3.2128192465098393 4.7084744761017765
77700.0 2.537555 2.074239 4.402738649456273 3.3324169525268488 4.6166154177366225
77800.0 2.162096 2.634936 4.21065695268961 2.947600111245148 4.319937995611295
77900.0 2.286851 4.239731 4.256501562121929 3.0653956351372105 4.5396505938649625
78000.0 2.705957 3.317420 4.456814199745661 3.331305324888404 4.557967681309151
78100.0 3.285941 7.131571 4.5913309049866085 3.688568064331826 4.356895190587353
78200.0 2.821237 8.092897 4.021043676262016 3.3060503700205635 4.555869362637634
78300.0 3.448679 10.026681 5.128118762538758 4.0799051771412 4.296531080385758
78400.0 2.709166 5.679796 4.530757158522171 3.34123724048312 4.372407809318242
78500.0 3.236669 6.011139 4.522983836436874 3.742267509016787 4.233940051089198
78600.0 3.304744 6.436877 4.132914509917721 3.5888095094464467 4.307036467415164
78700.0 3.577037 12.212703 4.91165480662116 3.862638327979663 3.9460097863571026
78800.0 4.411497 13.596043 5.143202965047719 4.5832185543332695 4.395662395386932
78900.0 3.020581 5.089883 4.732101186345496 3.6460902510094946 4.621303648072958
79000.0 2.997880 6.252612 4.7229580039962835 3.544725217728 4.6688712908570205
79100.0 2.865220 6.335563 4.173290010212154 3.337825163052639 4.754244708744911
79200.0 2.914402 5.920020 4.140601093585616 3.4622063225906397 4.498449522895094
79300.0 3.799392 10.095930 4.328471199603833 3.9578827166485744 3.8712603325827137
79400.0 4.250028 12.916302 5.3595192983550195 4.581803096905878 4.2886656052175685
79500.0 3.727587 8.432485 4.889245229998973 4.017932846604046 4.381175279224573
79600.0 3.503489 9.735076 5.218100827295029 4.098464506555967 4.878021153865943
79700.0 2.899384 6.282339 4.0248001246007385 3.234404738342753 5.11684660344025
79800.0 2.874856 6.784905 4.343382215820949 3.418375005081404 4.407246622517758
79900.0 3.444564 6.785566 4.480818783360762 3.7190333022443713 4.653787543718318
80000.0 3.338042 10.447569 4.708896405134196 3.709943614576549 4.329048087121454
80100.0 2.596091 8.514090 4.16394297622885 3.1396839822913014 4.464034779872822
80200.0 3.247792 8.354938 4.831550880465886 3.795956815043195 4.458939335586848
80300.0 2.650105 8.748967 4.403139624737815 3.3092423870891494 4.230769831113769
80400.0 3.057741 9.544742 4.4776946486642375 3.5117104170782514 5.6150738305632535
80500.0 2.933094 7.005689 4.1300750792813865 3.3184007573467786 4.517552621025433
80600.0 3.291414 11.237938 4.53354050065501 3.718131618389645 4.10996008612955
80700.0 3.518587 11.691016 4.5469568033987 3.8245539834639266 4.655961775816085
80800.0 4.534833 12.802528 5.004918532856088 4.547901119062944 4.198045810455877
80900.0 5.357610 17.482205 5.471135228049534 5.18214415363109 4.454929866862981
81000.0 3.371308 8.901428 4.367524993474863 3.56368951488371 4.740315013897387
81100.0 2.499210 2.679977 4.214513520559382 3.206822921774956 4.86061306275188
81200.0 3.622320 7.743282 4.703938771875872 4.035867836370398 4.862877524483
81300.0 3.274384 7.198658 4.660471631600537 3.879633558762249 4.361776575735807
81400.0 3.152482 6.818518 4.710566233425521 3.77366570874313 4.050689290920195
81500.0 3.457223 9.899397 4.153028640218206 3.559120342876017 4.4953271679660665
81600.0 4.467569 12.227396 5.382188873204285 4.687595521997322 3.9592471024480544
81700.0 2.693008 5.951068 4.148749505855401 3.321003398269967 4.530277137987854
81800.0 3.288986 8.985341 4.65685346139572 3.78856766416864 5.047462067040404
81900.0 2.879250 6.817557 4.980550502745773 3.6695533615598364 4.872495651671462
82000.0 2.926673 5.891764 4.3442281087972185 3.2881391125556947 4.475579459682641
82100.0 3.482017 8.779413 4.583078031669488 3.9532314376137485 4.459109879335137
82200.0 3.052265 5.791729 4.5643737748425846 3.6626284940002107 4.625416656218135
82300.0 2.821054 9.927153 4.289123149009876 3.336794682065803 4.47982594522057
82400.0 2.237930 5.282502 4.595367371484734 3.2324727182685393 4.86269908731501
82500.0 2.459305 4.961128 4.0301429177182575 3.102480389164111 5.190363354392179
82600.0 2.639285 1.543577 4.141855409290608 3.263978431080942 4.919749655269626
82700.0 2.452879 3.405635 4.069786503440044 3.100379732116309 4.479050679253924
82800.0 2.703823 4.804433 3.923923488812842 3.189771658952439 5.020302710392755
82900.0 2.881272 8.813528 4.897678790260473 3.6143044975703904 4.853615450513467
83000.0 2.760311 6.337766 4.412087773355312 3.3313178460033757 4.5472777056150955
83100.0 3.437076 10.840427 4.862540270654248 3.775727009684796 4.397166805174749
83200.0 4.073806 10.628795 4.983073261111151 4.235868093372501 4.471394724767451
83300.0 4.169922 10.113612 4.924917991225608 4.31437671280688 4.566873551862358
83400.0 3.512936 10.186357 4.640035555246408 3.9605390714528057 4.272175672006738
83500.0 3.801116 11.371892 4.593639496547769 4.034823938299454 3.6165803245300605
83600.0 3.256789 6.467167 4.322557096936813 3.687778988274752 4.681304809022936
83700.0 3.481688 5.488383 4.863693905441922 4.0347486052188035 4.731401866612935
83800.0 3.924903 8.188095 4.987082145531749 4.131107958645194 4.92073443551116
83900.0 2.624393 6.063313 4.378371938757113 3.2640272355401647 4.5398116196883445
84000.0 2.079392 4.501354 3.7195205955493864 2.8554219988382776 4.064734284641429
84100.0 2.989998 5.888379 4.344437708034118 3.4040237312200805 4.252605933308291
84200.0 2.611284 8.489042 4.254256392286446 3.1704278409380584 4.89089575151648
84300.0 2.855009 9.304284 4.404818856183329 3.415761317465827 4.36837691047163
84400.0 2.975872 8.995191 4.414493195413595 3.599098133892875 4.307310401100421
84500.0 3.932592 10.973916 4.953098560395774 4.033475827529303 4.483986326111295
84600.0 3.482917 9.957679 4.511041013817781 3.8231214561847287 4.08872832849754
84700.0 2.888443 6.486971 4.561482147683401 3.5222315935348782 4.6726268292284345
84800.0 2.812678 5.970659 4.6100548043430045 3.4326231925199266 4.556756032607922
84900.0 2.973039 8.755179 4.251810767003622 3.3916351183935705 4.318613341615294
85000.0 3.533326 11.564496 4.601990000008397 3.765759039959311 4.518921948775053
85100.0 4.344315 14.264816 5.2341260485014525 4.651535140385191 4.447372658017596
85200.0 3.835084 10.140136 5.010079561119107 4.318475060666052 4.483279314278351
85300.0 4.706602 13.287773 4.644309830258715 4.412448945763145 4.409097841414093
85400.0 4.498845 10.646896 5.078593795187467 4.464874571889033 4.602147595128053
85500.0 4.602467 15.023366 5.204657758725807 4.504762163364164 4.73839917893844
85600.0 4.437853 10.839116 5.525363472133743 4.792453894146145 3.7665183981262547
85700.0 4.049306 8.579824 4.955937463145405 4.332708378921577 4.5980007889521515
85800.0 3.398019 7.457870 4.261350320150084 3.553247985523529 4.627977564046531
85900.0 3.443742 11.179902 4.3371415215306754 3.64178608570564 4.163776946805608
86000.0 2.400711 7.130710 4.16709958937163 3.063454773759856 4.97560376967835
86100.0 3.356341 10.588319 4.50741861206144 3.5694716549202674 4.390808633402589
86200.0 4.333136 13.617262 5.122945934706515 4.409042835145689 3.924677156762857
86300.0 4.830861 16.465191 6.101573939531568 5.150042832647289 3.936854578685299
86400.0 4.474998 12.648879 5.206790795916348 4.469637705737012 4.285082897483976
86500.0 3.706197 10.793820 5.427367322235714 4.424852197707985 3.415087702468088
86600.0 3.087532 4.938736 4.44156637392246 3.582779024649459 4.6133451281599465
86700.0 3.607272 8.125723 4.584700256927163 4.015594065232177 4.54894253357451
86800.0 3.843055 8.018725 4.710060650941084 4.203137680399054 4.315672895950627
86900.0 4.131736 13.557548 5.074855715212685 4.299543714371965 4.853487329064452
87000.0 3.475131 7.385133 4.663882568845553 3.814445962658825 4.8104801948436435
87100.0 3.533622 10.676973 4.467747919472863 3.720807335125805 4.563687600043551
87200.0 4.038218 9.493732 4.865483635534366 4.2568214365240316 4.07350302941885
87300.0 3.719564 9.529761 4.94656442122312 4.16577580378702 5.042444321725513
87400.0 3.476907 8.848008 4.905026242777217 4.0197162870331935 5.20312624254092
87500.0 4.479271 14.071192 5.363339591598254 4.624377219071668 4.3917865098924915
87600.0 3.758485 9.769557 4.594566533784258 3.7829758322197327 4.6089871424308715
87700.0 3.959875 12.126876 5.123979776016849 4.374046938834642 4.619768728894815
87800.0 2.595980 7.129434 4.278892220612135 3.2169036862606726 4.2036308366082675
87900.0 3.521438 10.659028 4.675230744981647 3.956938246390093 5.043003147067613
88000.0 4.178209 11.611265 4.808133346823779 4.274601846863349 5.072763408161868
88100.0 3.744877 11.973763 5.100811328431534 4.107088394477 4.167065581847553
88200.0 3.829546 11.564634 5.15224621179529 4.2122842227050254 4.993453592835482
88300.0 3.731871 9.162223 4.417429166963472 3.842291200690756 4.482460817849369
88400.0 2.844730 9.892318 4.443556422550298 3.4085279812483162 4.851397030045705
88500.0 3.966173 11.511883 4.800133005643687 4.221705122405411 4.296184987413396
88600.0 3.913762 12.364323 4.852444875450106 4.120239384615221 4.659525491999516
88700.0 3.354857 8.475746 4.699840717288201 3.7733819806622027 4.495660343252676
88800.0 3.748396 8.424698 4.757555229381321 4.150370750676536 4.2268052517336425
88900.0 4.197425 9.135441 5.322196595331585 4.457463625651071 4.594427524744007
89000.0 4.261321 9.175427 5.23808161551719 4.5708153956540505 4.230234273127796
89100.0 3.611472 7.904284 4.353287490967798 3.918524836591397 3.5009207322055413
89200.0 3.830544 11.053421 5.118734420430876 4.251885125284515 5.079927546949018
89300.0 4.198456 12.973886 4.905751302028567 4.2735170595814 4.728054019627014
89400.0 3.258701 7.050073 4.623483597517517 3.7425382643808316 4.952864352428752
89500.0 3.644878 6.865632 4.973815994916086 4.199237252086313 4.732582323673851
89600.0 4.027004 8.981176 4.498491892820487 4.069364757315801 4.610273085975911
89700.0 3.191512 10.560741 4.650950462956088 3.6831357791181842 4.793015528285812
89800.0 3.426398 8.788138 4.419738763155657 3.7335005504186496 4.591936637702996
89900.0 3.419670 10.573143 4.3636937530054185 3.8680006105077323 4.44135389059899
90000.0 3.224206 7.234538 4.642219446790158 3.729963965186903 5.441774956028652
90100.0 2.773478 4.753022 4.435090496134269 3.4223135253652126 4.543708816785079
90200.0 3.482027 9.057925 4.722442484810902 3.94565542188461 4.651793325757802
90300.0 3.917873 11.911005 4.500857631987499 4.08517076502553 4.987222570098719
90400.0 3.479437 6.872214 4.820212649175731 3.975059344208572 4.332684972185283
90500.0 3.572950 10.923851 4.924760401463186 3.866193245288861 4.664359408985856
90600.0 3.339731 8.624859 4.470520200736558 3.6917547602902703 4.641972419704627
90700.0 2.567235 4.250454 3.862699616821187 2.986757976658239 4.235461711483
90800.0 2.471104 7.523543 4.131793414187435 3.1072915947675117 4.462890862787594
90900.0 3.998662 6.638189 5.04743104906447 4.367004165631944 4.489339255489648
91000.0 3.315210 9.857649 5.173257317040744 3.977250873422801 3.6894657773372117
91100.0 2.971842 6.861391 4.362429564849876 3.5111799872837177 4.108104665483994
91200.0 2.170913 4.924862 4.301628389120129 3.069862973454252 4.4936701077981365
91300.0 3.637162 7.742562 4.68520467955492 3.957902264274949 4.6515085518274235
91400.0 3.634012 9.304241 4.990185165556337 4.153091956456543 3.940295681802192
91500.0 3.145664 9.088440 4.505457383967659 3.5928782879510566 4.325581184002214
91600.0 3.702186 9.358068 4.641465293818277 3.9135754232323823 4.488526703854377
91700.0 2.671905 7.006047 4.353274721198956 3.33044630859782 4.173235167631081
91800.0 2.812397 6.562253 4.100319208409046 3.3699315143695454 4.422771413037148
91900.0 2.974053 6.789188 4.412764161702668 3.469389814598457 5.15313964740617
92000.0 2.594152 7.869797 4.43023701983485 3.3168796787793577 5.510041359008427
92100.0 2.557965 7.256103 4.188602150596153 3.3278334342503655 4.357158479272357
92200.0 3.979119 10.222756 5.552494748093262 4.4565603537514376 5.277743140850785
92300.0 2.482479 6.491143 3.9928713354786396 3.129016581119635 4.350711928271696
92400.0 2.859931 6.522698 4.436184865223851 3.5063642016391428 5.15456204279269
92500.0 2.898073 4.701935 4.111443486521323 3.3897788788596674 4.272967064255228
92600.0 3.039901 6.283438 4.264070839963246 3.5130211834498684 4.475586269522039
92700.0 4.070987 9.042760 4.82011936910832 4.2629420062644 4.392770293847772
92800.0 3.626831 7.644218 4.461529556749059 3.925347570659335 4.104136673482818
92900.0 3.491400 9.511869 4.343013512321769 3.701967787245089 4.28916313432032
93000.0 2.352831 2.131670 4.040638313303553 3.1020626340871087 4.3124576458841855
93100.0 2.523076 3.775064 4.364144371034835 3.2260203972902555 4.829730137557991
93200.0 4.612406 12.420207 5.025232168039285 4.562193149842025 4.776240084085271
93300.0 4.267865 12.870597 5.073744722860162 4.270267024238994 4.486441405172907
93400.0 3.625793 10.023545 4.999822924934522 4.039878576148891 4.375834675610236
93500.0 3.572290 8.983059 5.282866962279783 4.257423817280849 4.418641733647468
93600.0 3.442557 8.622923 4.891333062776279 3.8943086410078087 4.656121357726871
93700.0 3.322970 6.814255 4.513334514785796 3.6943495648309552 4.6566307718675874
93800.0 2.332142 5.275477 4.151344229382457 3.0134382571122664 4.035576274365912
93900.0 3.280678 3.969744 4.2501397639021805 3.7838818612300793 3.488284265424831
94000.0 2.744151 4.820739 4.014115275643724 3.2233298981861247 4.532312589329211
94100.0 2.420225 8.124462 4.230557451307834 3.0754445269157444 5.279570029380576
94200.0 2.320451 6.623704 4.506674206985178 3.1992403786674086 4.807553096415719
94300.0 3.165278 7.860590 4.429165991311408 3.5139132674825175 5.119615430061326
94400.0 4.241610 9.001565 5.268925145719942 4.392773531019305 4.715445848210193
94500.0 2.767289 6.961627 4.534949477140644 3.3491281485004767 4.770959979541175
94600.0 4.003074 10.489854 4.821114558929725 4.272333041919244 4.51634091672554
94700.0 3.714155 10.630882 4.899512746424953 4.0792319900723335 4.624057325774269
94800.0 4.275046 12.139722 4.975374095584278 4.385554926848223 4.2563817860506905
94900.0 3.831658 9.904262 4.753613222982214 4.127617251908287 4.255109470564238
95000.0 2.909979 7.114611 3.813732932702245 3.1576319811708853 4.557998864038581
95100.0 3.514820 9.642667 4.794579889862731 3.9495277695553845 4.381412514005012
95200.0 2.751954 7.919450 4.112777026630742 3.172891921992092 4.28453272172979
95300.0 2.433106 4.619496 4.103176802700641 3.0726071498299143 4.821259784169376
95400.0 2.569355 8.864247 4.110244165155741 3.1591513427720446 4.142528153341573
95500.0 3.698772 10.001390 4.622878364154911 3.9193745101610244 4.364528781691017
95600.0 4.424826 9.238040 6.019428789637839 4.876366820482726 4.555305522612495
95700.0 4.386197 10.209631 5.228003755892472 4.629364188291443 4.384512960430928
95800.0 3.948639 10.178452 4.7366791758575735 4.1889789337491985 4.539041333539464
95900.0 4.637028 13.834356 5.426501880281199 4.897536851285039 4.200426369207219
96000.0 2.966053 9.541295 4.65897455042855 3.4812218192001976 4.891461535861901
96100.0 4.038564 10.932897 5.1965411813861735 4.576129505000471 4.192685860487328
96200.0 3.711411 9.455333 4.864577975206071 4.152551918264993 4.40935017874322
96300.0 3.036040 5.976450 4.732201189956291 3.755229128105218 4.761883969417865
96400.0 4.954706 14.488504 5.480218367526656 4.857698962367604 4.2154723863430705
96500.0 2.939148 8.023491 4.047769360084148 3.309667725713299 4.549748599916486
96600.0 3.687230 6.869636 4.906048006149056 4.137452165987288 3.865879015300334
96700.0 2.884945 5.885609 4.164211421722327 3.375787850453976 4.060168784567892
96800.0 3.574920 11.174617 4.8264780663040385 3.9916641634405745 4.718575222236241
96900.0 5.246268 15.917000 5.724394188703361 5.1965556666701405 4.631511457246822
97000.0 2.929543 9.389500 4.040323559927332 3.247840521019052 4.23995336978844
97100.0 3.376275 9.501772 4.324887958359297 3.8141054303402817 4.495892495175458
97200.0 3.010005 6.252669 4.033751734069864 3.3479083234033338 4.112079153048948
97300.0 2.998336 6.679508 4.231654799431743 3.4027628350612087 4.36893099486444
97400.0 3.475175 10.251471 4.716181948706884 3.8396641841440995 5.074923912243518
97500.0 4.851960 12.897739 5.685598422866272 4.88954990543124 4.614151764331889
97600.0 4.821541 12.671599 5.218335638665201 4.773698413200472 4.499305508809384
97700.0 3.172312 4.450832 4.579170058687226 3.676453270142089 4.603359681080531
97800.0 3.558243 7.896273 4.9674369569906895 4.103297862293525 4.338315067638727
97900.0 3.285017 8.300552 4.917206597882946 3.8008109064669777 4.705646899531721
98000.0 4.190047 13.331470 5.167199699740529 4.35797533512426 4.525062794200405
98100.0 3.654878 8.409669 5.254562890475788 4.023989237894635 4.584200106885448
98200.0 3.724725 9.914764 4.787288957970361 3.942671613519005 4.4830320333556894
98300.0 3.715424 11.498449 4.965164387652223 4.236878654770463 4.0625732137872905
98400.0 4.442346 11.774112 5.04304172902814 4.632716013578835 4.401474675619045
98500.0 3.825826 12.509024 4.890810482074302 4.177181081119875 4.111349665681975
98600.0 3.128167 8.917742 4.464648733220187 3.6839556916479514 4.107675520011722
98700.0 3.438416 8.023672 4.61889901826912 3.8885163331538406 4.880569429342803
98800.0 3.569551 10.753349 4.95615292734761 3.9930569440221886 4.666654087692384
98900.0 3.461795 6.319247 4.369456205474357 3.94323192121151 3.9617822474201216
99000.0 4.136200 10.205785 5.052027218033828 4.335853837210153 5.126385197273149
99100.0 4.507657 11.556765 5.098264122368082 4.690820351102828 3.7573081622107862
99200.0 3.747900 10.598016 5.047608101262361 4.198742227964035 5.087054732949507
99300.0 4.237868 11.966420 5.263274925380845 4.604388469190274 4.1515420903358455
99400.0 3.089873 7.985812 4.549074959170791 3.572129199037294 4.973290002894705
99500.0 3.215514 8.043580 4.62661604957529 3.7559475937016664 4.5203576581561
99600.0 3.288498 7.889140 4.709620517306001 3.75152522009099 3.93666926871064
99700.0 3.750238 9.852543 4.9865327612500865 4.178646255500197 3.8119609920308997
99800.0 3.536471 9.017998 4.433267413008001 3.716024798471819 4.301803705983601
99900.0 3.727423 8.984075 4.653565077925572 4.209035869478312 4.853987823324603
100000.0 2.775049 8.244265 4.395066592579735 3.3788517401610125 4.972265363952085
